0 2.8443043122007348
1 2.9648101696050277
2 4.7758345763546775
3 3.491059858732404
4 3.168990501517448
5 4.360973588691438
6 3.017250700169685
7 4.591698470873751
8 2.8527339874679147
9 3.012905226275415
10 4.285278430824554
11 3.437222488103292
12 3.30566403214136
13 3.021739582075628
14 4.676172254315202
15 3.050949516802208
16 3.3602520247518273
17 3.084557624436796
18 3.9269061775075245
19 2.8343300467587613
20 3.136638870922113
21 2.985449127680337
22 5.114848950295165
23 3.1327470006167997
24 3.022746797965104
25 3.5220384755014345
26 3.3208880794364943
27 2.88585852631134
28 3.096513952798794
29 3.1557538695812473
30 2.8568140062373066
31 3.0522273000327496
32 2.9787263553620003
33 3.2512604970985297
34 3.0949941073205114
35 4.910569451999766
36 2.884250848176213
37 5.540120367812516
38 3.180915099941001
39 5.3489115627053145
40 5.409267451843729
41 2.9967109211264886
42 5.475816135261164
43 4.852886071187675
44 4.959645647711699
45 5.306489067046004
46 4.4617167149741785
47 3.2511045647969365
48 6.639459826430993
49 5.599551062171851
50 5.763351387071895
51 5.135473058240923
52 6.7289759057213265
53 3.688266766337213
54 3.33403510549361
55 3.1296832509199946
56 2.8156539809283943
57 6.807444278811948
58 5.88204731555363
59 3.451521537691823
60 3.010016549967634
61 3.454463583845226
62 3.0455426086657704
63 3.090400589875491
64 3.4657471251772725
65 3.249936937161458
66 3.1146935359452006
67 5.058755089520519
68 2.9674546634628296
69 2.965637504067762
70 2.9277345618282187
71 3.404183502880744
72 3.1029515433799384
73 3.278424917249357
74 3.0288679974220374
75 4.475500904354282
76 3.1952156339552378
77 5.146635719330809
78 2.8266113038006866
79 3.055177435485823
80 2.954740328371316
81 4.9942464878612025
82 3.1716427858717604
83 6.078829085424848
84 3.666181970259305
85 3.9951190218633745
86 5.714577019772157
87 4.0264856408985725
88 3.986287882352073
89 3.49499868922112
90 4.748936231394522
91 5.290754749169046
92 3.1639504109634022
93 3.7280164213043676
94 3.0506760411823772
95 3.1945742019923027
96 3.0994988218534982
97 4.792243592576871
98 3.180783710983871
99 4.290790900769344
100 3.4417861652976898
101 5.3636277323365915
102 6.860341539000233
103 3.117757208789418
104 3.1618672997076556
105 2.8536630924748545
106 2.804798484800628
107 3.4794229336202434
108 4.005858579796317
109 3.22398717335417
110 5.095310941788309
111 2.800465509366835
112 3.9359360649885087
113 4.283573189202781
114 3.2906079261791734
115 4.929361571833157
116 5.411885567547872
117 2.989232278092788
118 3.1144505648565626
119 5.9187919993757685
120 3.022895721447928
121 2.8917785610322086
122 3.1872875108914696
123 4.6628217158776
124 4.077488489292732
125 5.028378637682454
126 4.217701416016916
127 3.5739491493402715
128 5.153308588720354
129 3.6503407062317286
130 4.95301793229425
131 5.7247884608847865
132 3.2353355582247976
133 5.1306716529069885
134 5.172562276479831
135 3.5327311036109794
136 5.357890483167747
137 4.504051912375706
138 3.908194883472479
139 3.0501472984759235
140 3.7789025008749997
141 5.224986646518398
142 4.555097361002536
143 4.734987282549223
144 4.716450040238437
145 4.050543686824733
146 3.4384450196957514
147 4.339596427768958
148 3.225414231191179
149 4.27532450118172
150 3.1504912533434255
151 2.741240406530532
152 3.7846670637731363
153 3.4697975498259455
154 2.9455229462543597
155 3.724863483762097
156 3.0666919353668205
157 3.6173059800812704
158 3.298666583970306
159 4.534337283708669
160 4.654232067486491
161 5.333125788861506
162 3.348448835657379
163 3.075970035228453
164 5.352112964543834
165 4.447033308513543
166 2.8953938486700124
167 3.941141996206165
168 3.6542335030254436
169 5.628197462969375
170 2.916352239375829
171 5.894007042105533
172 3.1602831330601737
173 5.289960983621599
174 6.0944297780008165
175 4.701767353509131
176 4.052519052830142
177 2.949713556940396
178 4.795376678571791
179 4.451549844173106
180 3.5566350686639674
181 3.3196665088814674
182 3.9289784478492416
183 3.1817163823808703
184 3.161546597483837
185 3.2606006661968148
186 4.352583874736574
187 4.109731997304338
188 3.052768405412575
189 3.2028255832718537
190 3.413282125029294
191 3.6147599835782698
192 3.1910950900171877
193 3.1295532125743684
194 3.086002754671343
195 3.152559504077224
196 2.7751010791546817
197 4.0862957305583
198 3.106248918468448
199 3.1473310989317578
200 5.06889443649472
201 3.9396720881667484
202 5.043381359960713
203 2.8964275471087846
204 2.993895593176856
205 4.359452268062047
206 4.272013524101689
207 3.831554285751833
208 5.065579514983359
209 3.351551600537698
210 3.1636240801792272
211 5.812327027399422
212 6.184539399706145
213 6.314771941893914
214 3.885810932306009
215 8.428775510944323
216 4.755372341950183
217 3.014315173089568
218 4.108177132800879
219 4.904703418998623
220 4.929472324083624
221 3.498386563052516
222 3.563323058688373
223 3.1998262929500743
224 2.947445426623603
225 2.6683504387000774
226 3.265026725239761
227 3.5143428193480206
228 3.47820243667549
229 2.94849188101572
230 3.1145580897192975
231 3.1681136735443873
232 4.312629956097759
233 3.8586589295835765
234 3.2559763498875043
235 5.37205790865869
236 4.33849644021368
237 3.5459544227912967
238 4.9009918068822635
239 3.684145119576427
240 5.326576661310248
241 4.511770113096306
242 3.0976403808526514
243 4.6138506319818715
244 4.0587928250123895
245 2.9729164650764077
246 4.671279863325386
247 4.883654426211907
248 3.1836488743382536
249 3.7405211865993366
250 4.991446408108965
251 4.483015636966216
252 4.49912275408028
253 3.144187930776575
254 6.209852534535316
255 4.768051987832321
256 4.506331596986151
257 3.1586341852993596
258 4.276271807775435
259 3.9763697339441997
260 3.465909151871082
261 3.7864134765606208
262 3.1866800741520356
263 4.00295363367848
264 4.1105344120836085
265 6.776617972269193
266 5.711939911135268
267 7.246930246312262
268 3.2661624342867843
269 4.184310608875273
270 6.033979467921701
271 5.640040730974679
272 5.90919384868012
273 3.122769841730984
274 5.983652182607134
275 6.37182810105552
276 4.0469862858497
277 3.0132515861798717
278 4.765937621401445
279 2.991888750922864
280 2.998048994597967
281 3.2536136067054766
282 4.938596303729025
283 2.9362531471082427
284 3.464604778191909
285 5.068421079450472
286 5.036193950673802
287 4.997601023985054
288 7.603959194072277
289 5.180976705323426
290 5.127043149341553
291 7.936780223925281
292 2.9422038959063497
293 2.8259555642692087
294 4.894136253370834
295 3.0037463269214255
296 2.940891960911062
297 3.66793709310146
298 3.5650742428145503
299 3.265211103032179
300 3.079818861679488
301 4.480914609129334
302 3.939517806227915
303 5.529657312424684
304 3.350430010183509
305 4.458767671592264
306 3.1330019470422377
307 4.483494313423048
308 4.430574654155012
309 3.108856326793301
310 3.296574502119658
311 4.72686611260464
312 7.25645471961305
313 5.480152558954667
314 3.568277006592823
315 2.956247227696472
316 6.491797114507936
317 3.114259222463541
318 3.493077236073161
319 5.864010425960918
320 5.27037723432037
321 3.6975807984844415
322 4.2187340396252875
323 6.1134799046003225
324 4.3604676418237664
325 3.171637340439379
326 3.030129045811624
327 5.459021365461743
328 5.933879005698931
329 2.9718346090485652
330 4.521472841443983
331 3.7747108179461226
332 4.461635342979308
333 3.5901719817361624
334 3.2242087778878408
335 3.0970163354634446
336 3.514104908463696
337 2.945590910669624
338 4.272949561434257
339 5.126304776546856
340 3.2149838058213156
341 5.211074168218247
342 2.8598018474277915
343 3.5521683554939747
344 4.267267297822998
345 6.371323066047689
346 3.751918551757346
347 5.669939293444438
348 6.5034816913187115
349 4.648708809753925
350 5.812521418892797
351 4.944024475321522
352 3.502928382636634
353 4.822634508044695
354 3.009020467253603
355 4.341353280153293
356 3.1752920059364964
357 3.1410155304151974
358 5.930970774853867
359 3.671252712159401
360 2.949355387479614
361 2.8666540271344934
362 3.774569079553564
363 3.3585266808538994
364 5.054797268886521
365 4.3828984811784775
366 4.668639667238153
367 3.1388028113119986
368 3.6285809507754143
369 2.92617383975667
370 3.145091251195514
371 6.163620206393331
372 5.335392457321799
373 4.213240456726072
374 3.592521231745994
375 4.785748912408866
376 3.6998813032924014
377 3.9365217914565482
378 3.2834405540942893
379 2.902499861222764
380 5.516757417653398
381 4.3328864590058425
382 4.731682594040054
383 3.117834922373015
384 3.879485696762374
385 5.755484497324024
386 2.8171262893363886
387 3.1111886991343978
388 3.3433358245978897
389 2.8087905254123586
390 2.9212677802331326
391 3.986399703048549
392 4.167599939607673
393 2.8947033063236685
394 3.60408233666454
395 6.71049148335029
396 3.9025224986814293
397 5.024839062637664
398 2.9280706490770463
399 4.890684593422735
400 4.332725674546473
401 5.22749320026207
402 4.809711613436035
403 5.604161006959577
404 3.4010291264876202
405 3.610180582170701
406 3.76941659334766
407 3.0448079788747893
408 5.334084363912711
409 2.8035128195110532
410 3.1319136191611516
411 3.3721550870055803
412 2.769133121914392
413 3.140923535811512
414 3.7104457126636072
415 5.673850696603553
416 5.706430339628207
417 3.3699437796758906
418 5.191785903731962
419 3.78823570371735
420 4.9344529447138585
421 120.41309556827447
