0 2.851816195938902
1 3.099823513070169
2 3.0496886954103424
3 3.870309498595273
4 2.8728554795187833
5 3.5193884790944945
6 3.0094693443562703
7 5.593254207662153
8 3.47253330201953
9 3.375336578305787
10 3.7059005893530963
11 2.8622728955285806
12 3.0353596099637903
13 2.685182265620158
14 3.047524171679413
15 2.8991197236485204
16 3.4409880901793346
17 2.797945370795181
18 3.3969854805094326
19 3.338996737712757
20 3.5085467990953623
21 3.406538327988664
22 3.2559799603986064
23 3.435782393934336
24 3.1620567683848337
25 3.007625657920104
26 4.485399614005561
27 4.98643291290356
28 2.9901335016971218
29 2.9000872088154774
30 3.3259708676613515
31 3.213441144956758
32 3.326784830685114
33 3.0336441609677745
34 2.911733657329667
35 2.8214537239141704
36 3.72942096158627
37 5.605434202696421
38 5.763774545084786
39 6.221729772812697
40 6.916487189038581
41 7.659052213750547
42 5.65340649841404
43 8.726860190092571
44 5.491464758488615
45 5.717036367020021
46 6.447372322992924
47 5.012003140224137
48 7.729201827385489
49 5.108756416876826
50 6.114587020873381
51 7.103363742889829
52 5.2688149938055195
53 7.258324868584746
54 5.73434502031229
55 4.890235756138038
56 6.411700138840434
57 5.775028753013883
58 5.219786354332874
59 6.773373775010675
60 6.0154038368252145
61 6.397318048314519
62 7.190364441085479
63 5.149551921704866
64 5.680756864717626
65 7.411046350953059
66 6.897494448312307
67 6.8173953498642925
68 6.366923884963004
69 5.679770575085906
70 7.0114197355713435
71 7.981762599524999
72 6.8762522019612655
73 6.519899222793996
74 8.85397589222541
75 6.85834193888956
76 5.744799240902643
77 6.64583879538064
78 5.99621613009168
79 6.231525773489439
80 6.663365280441765
81 6.871720979147056
82 5.860598039464981
83 6.47374235860326
84 6.7968402473169895
85 6.049414422650191
86 5.135924865942855
87 6.308793699181931
88 6.165041685941977
89 6.309743935669341
90 7.155998978649254
91 6.624817477772679
92 6.569127088177802
93 7.459762660499033
94 5.187192357314858
95 5.9153604236674004
96 5.958322137128984
97 7.035226659255459
98 6.246838407829658
99 6.575082287117515
100 5.391565405352748
101 6.672165083446934
102 7.124170036210529
103 6.619040663412672
104 6.687518455202821
105 7.153740290452618
106 7.457001675628224
107 5.788212572077275
108 6.637693824968247
109 4.906994418451871
110 4.91175252906851
111 4.844678032420875
112 5.004239258143673
113 7.122224603787499
114 3.791121978644921
115 4.682509740547242
116 4.7414447591678295
117 4.7585397614105185
118 5.6351850562005135
119 6.93367198423019
120 6.591896737374581
121 7.662904112916736
122 6.472720187312675
123 8.065736216656727
124 8.12709689688827
125 7.874580956974179
126 7.000325118174251
127 6.458357113531847
128 6.931928459599449
129 6.519203766163685
130 4.940036998276205
131 6.09533402838502
132 7.513966725811416
133 6.516325369906641
134 5.959706833706493
135 6.390202405459999
136 6.984905459141773
137 5.604371887675515
138 7.911951290447184
139 5.077776816512077
140 6.145966796145513
141 6.4033225326137355
142 4.709278973843441
143 4.406190357971958
144 3.988746222923143
145 4.619328697736577
146 5.20359524489085
147 3.9470883421291356
148 4.241107795110904
149 4.558475768035354
150 4.144131566091241
151 4.055439173819693
152 4.275628673852516
153 4.1269000456164004
154 4.47059288757783
155 4.75000790373617
156 3.9570829484987655
157 3.0469144085181377
158 4.704435166333324
159 5.04220117921852
160 4.090513916769401
161 3.4796693554228337
162 4.426625110893449
163 4.948232533624093
164 4.200819985525037
165 3.430712593692898
166 6.167285301978995
167 3.8630171922134022
168 6.262801036855804
169 4.079041981107525
170 3.2849617774881525
171 3.2183987176966267
172 4.43870559337234
173 5.261124108953611
174 5.867630354391508
175 4.692343718677445
176 4.469519319573995
177 4.417895164058216
178 4.491337513212555
179 4.342185957051964
180 3.603248164600292
181 4.606199699316423
182 4.217225329191823
183 4.97984969420761
184 6.452665927594738
185 6.521801850826009
186 5.140709334011082
187 4.600184553954518
188 4.503888111102368
189 3.9866517385683755
190 3.964705597939027
191 3.8857452669865054
192 4.722343321830842
193 5.385779280775344
194 4.609391945454333
195 4.614693077693773
196 5.100782600422793
197 4.295744092524847
198 4.782738122152732
199 3.3605492094535347
200 3.042844690320706
201 4.798344646668052
202 3.4313127466634454
203 3.1735485681289903
204 3.040216400385091
205 4.838203069781863
206 4.484931046700763
207 3.334351615277704
208 3.060276296056688
209 6.474509996172188
210 7.7351767610067785
211 5.828769306610963
212 4.640367880590315
213 5.3601208048909825
214 4.473203454482875
215 4.3285888841386795
216 4.684790813091816
217 4.636822053228504
218 3.690446314379749
219 4.224371729490718
220 4.749241750182541
221 4.602877847977793
222 5.244101361225977
223 3.159650144103906
224 3.0730599813492994
225 3.5628902764006694
226 5.679604393755466
227 3.5111559697971204
228 3.3093510336745733
229 2.886278448066622
230 3.036794013286144
231 3.410733107126741
232 3.2245024708516365
233 5.846143618395473
234 3.7435415340459133
235 2.8845268861356232
236 2.9997488471639193
237 2.9490007951919606
238 4.115906372594968
239 3.5828170837554962
240 2.939131486221108
241 3.0446823133633494
242 3.5447009716083775
243 3.25884743513012
244 4.076135600671853
245 6.270609674406045
246 3.069023151739221
247 4.949070572779177
248 4.306281306658221
249 5.140556422366713
250 4.506839443851167
251 4.41137855624862
252 3.8705709591029005
253 4.438793804288625
254 2.944328743558559
255 3.423884148674447
256 4.275348434408077
257 4.694455147459812
258 3.0092680556449003
259 3.81631932969739
260 4.6220494810737245
261 5.079717000071238
262 4.820105214780142
263 5.222958122474622
264 6.066384285408254
265 6.240558675106696
266 4.875148437979338
267 7.531836034895711
268 4.391687128281353
269 4.664645730688385
270 3.8931343387321715
271 3.119697597416721
272 4.057426642625728
273 4.385911142191837
274 4.752745907799633
275 4.502458772090325
276 3.9924648041782054
277 4.611954239615203
278 5.084053775691441
279 3.9974811898179294
280 3.8307686935282903
281 4.241383980389387
282 4.833092017505827
283 4.09085627955817
284 4.802726999365418
285 4.959326465969695
286 4.556204529202242
287 3.9473264162641253
288 4.510413867351796
289 4.793964141106872
290 5.314228112118214
291 4.475502163804124
292 6.331445363498683
293 3.1354257825285243
294 5.083167280788816
295 5.211420813877032
296 4.829957236294416
297 4.375946623799698
298 5.014350039252547
299 3.1054965678035997
300 4.579193912568429
301 4.46462682848894
302 4.599269472393421
303 4.216753525085592
304 3.11813747491851
305 4.229148430798499
306 3.116940999520294
307 4.706167941640329
308 3.550504988889043
309 4.552248243901702
310 5.308491937977514
311 4.218981943195628
312 3.9961095472421153
313 4.003627383558447
314 5.956065242825312
315 5.400266677082191
316 4.51778391258208
317 4.717015879277544
318 5.570980312809144
319 2.9379296851252343
320 4.467369088428259
321 3.8681420211205557
322 2.971789580367653
323 4.38005951915882
324 4.791797467070597
325 4.674509200943671
326 4.403282038773221
327 4.157946230518857
328 4.359220172120741
329 3.384849052377557
330 3.7602383029387414
331 4.249692831765785
332 4.140370251250765
333 3.4940091499792483
334 3.624777815420425
335 4.868182164371275
336 4.303044301046507
337 5.5301719966718315
338 4.681387099232345
339 3.8225433997090175
340 3.7396822830399237
341 4.148417450145055
342 4.0343304534969455
343 4.779203897643134
344 4.949757052887181
345 3.8959573333096107
346 4.600846482903609
347 3.401599603516792
348 4.65292366021149
349 5.099103648751815
350 5.176735917023775
351 4.763923460434796
352 5.78498793551034
353 4.792630153851322
354 3.8248300798667003
355 4.453830596889324
356 4.747852613555946
357 4.385438156878054
358 6.845627842052805
359 4.664632890213704
360 5.3673205710162275
361 4.2437998065259706
362 4.584058123782467
363 4.439346473461591
364 4.833136962231109
365 4.90858864053869
366 4.857209437849237
367 4.882029436599798
368 4.996577412447184
369 4.960904825934225
370 6.884257388774248
371 13.03862815159548
372 10.84611128582693
373 12.79868839027206
374 14.657817872579903
375 14.146268409194905
376 12.225269144283693
377 13.349134824938622
378 12.58908463467483
379 10.84557514200394
380 12.51175958481375
381 12.169622060849342
382 17.11887084447364
383 14.393961750213526
384 14.563020542998226
385 15.81455885605372
386 16.851600646707233
387 15.646942321892027
388 16.837688857655277
389 15.648591520588731
390 10.665744862945253
391 9.670627099899747
392 13.353485455505497
393 14.927816223863418
394 15.211332274177947
395 10.610034378774314
396 11.4485352559467
397 10.272701091633378
398 10.459846912029345
399 12.260782857311076
400 10.912233311942886
401 10.857561121897168
402 9.516554447569739
403 11.433483425071158
404 11.953454278691371
405 10.912925567298526
406 9.11941457500313
407 8.217406416477399
408 11.00802041669111
409 7.7535670042326945
410 11.312859944038133
411 10.033350591349777
412 10.011879343812014
413 13.045538434088005
414 10.051189381671657
415 10.130867279183336
416 10.766745423647498
417 10.928018070513208
418 7.661882564958777
419 8.641476875693316
420 9.072946935177614
421 130.09362226798697
