0 4.739364346339852
1 5.010798452164236
2 4.2512230762555605
3 4.691918990132957
4 5.165209932938964
5 6.240842464669874
6 4.963638610045592
7 3.9681979206368525
8 4.986080874160023
9 4.863394407315544
10 5.9539819488497105
11 5.323391743003587
12 4.672408188370846
13 5.04008076333193
14 3.8467768610360813
15 4.286733697546954
16 5.268757851073595
17 4.93843119533435
18 4.727082207868544
19 4.914438886218075
20 3.3542363350258864
21 4.633065982324502
22 3.682471714215645
23 4.629137434850803
24 4.994928145064206
25 5.236572447913273
26 4.104651176947903
27 4.849954839798619
28 4.080598706864066
29 5.2267465341941755
30 4.520907155902755
31 5.0853294364258215
32 4.022699798466832
33 5.259754569038516
34 4.162185554608905
35 6.454814488040259
36 4.871079596296192
37 5.489589248238036
38 5.247183308730434
39 4.861762308041034
40 5.056358557698146
41 4.757708374278315
42 7.076371858312311
43 6.554790952805197
44 6.613544384735092
45 7.422240625917957
46 6.374648734582666
47 4.801052067558002
48 7.619588887932441
49 7.479266273780487
50 3.5583833902335975
51 3.408986469935741
52 7.12517923535542
53 4.030710083764834
54 4.32061531668507
55 5.158018555330242
56 4.56663605528731
57 5.569147191255763
58 7.49648525224524
59 4.180356281461261
60 4.930250833712122
61 5.479349045864184
62 5.038099431535596
63 3.9909169951630337
64 5.250039829634
65 3.578753941777137
66 4.340115990758988
67 4.727316427387028
68 4.9682595195010455
69 5.075361605587024
70 5.144530013536542
71 3.9542933474016086
72 5.1465240465596
73 5.2105822395773025
74 5.066018400218005
75 6.2200828705501285
76 5.152408472041955
77 4.297610151235593
78 5.067860773219069
79 4.951007540613838
80 4.838855511463501
81 3.922549496555914
82 4.992368000877559
83 4.2911518424772375
84 5.265871145187369
85 4.825161047930696
86 4.6154210940495926
87 5.913752123735737
88 3.752917115963008
89 4.404919225666566
90 5.0845630852896315
91 4.1451308289929125
92 4.367708466078476
93 4.480519457347442
94 4.871399388926954
95 5.100782733806048
96 4.481361210483007
97 3.647931007735393
98 4.33152147377587
99 4.834219977573057
100 4.619284468952136
101 4.12847657839687
102 5.389486711422823
103 5.224804065312091
104 4.823059055293414
105 4.923308111352404
106 4.861441487455162
107 5.643667629739829
108 5.3663210021262016
109 5.164163320097046
110 3.8984367801255235
111 4.858704318016951
112 5.826955975754635
113 4.080611437169462
114 5.344809140916133
115 4.389010242210584
116 5.044571794147783
117 5.053516341623313
118 5.203431238133236
119 4.857519864625915
120 5.110178038807249
121 4.98026732683772
122 5.266774756121497
123 6.242374116217769
124 4.796530105143478
125 5.9218466920373745
126 4.732251267789199
127 4.552890959866544
128 4.004921279398438
129 5.522145380181406
130 5.382434372956482
131 7.656460281013853
132 4.682403079245893
133 4.0626215971607555
134 4.602455280397808
135 4.018569745059558
136 5.984830542560596
137 4.174120638339034
138 5.879530926422358
139 4.9555398565985485
140 4.59087115841365
141 3.5221148734283916
142 3.830117231754292
143 5.402158381946973
144 4.695752097031767
145 5.409029735039726
146 5.053186607345178
147 5.402093334851875
148 4.761661726932414
149 4.241909118446938
150 3.648177953888865
151 4.7780647778878205
152 4.21806679818277
153 5.302357302901195
154 4.918008932271693
155 5.717630755066394
156 5.0961337599597
157 5.035255679495387
158 4.802727094111751
159 4.180239012368084
160 6.696012467856419
161 4.340843308369057
162 5.222261756900698
163 4.8350068047974375
164 6.044676644496154
165 4.307910752854567
166 4.857686345411473
167 4.808931352290994
168 5.374236483683326
169 4.223008452991245
170 4.415187683953351
171 5.316176108036399
172 4.707077474149878
173 4.29049998674441
174 4.949635745404382
175 3.932759501818486
176 6.092826272055769
177 4.86776433924083
178 6.859703821458983
179 6.060467105630454
180 4.55443023640329
181 4.375912569694204
182 4.699188766461489
183 4.0691423719917355
184 3.7728378587373714
185 4.152159757652199
186 4.637134190982172
187 3.6262653225081394
188 3.5301708877764257
189 4.478015704474282
190 3.9703626889083803
191 3.7308779641553063
192 5.070215356745552
193 4.69324863264881
194 4.704861995303593
195 5.057324963753654
196 4.135185367693121
197 6.086321015324269
198 4.954594089823981
199 5.314366744224428
200 4.005620280870825
201 5.396983194731485
202 4.724752888960921
203 4.771456931815375
204 5.268102409135934
205 6.193740375402062
206 3.8141981155272457
207 5.974394323031391
208 4.995300091210705
209 4.288037191017685
210 5.310264384161469
211 4.314246426197578
212 7.8776429806322135
213 7.274736891001239
214 3.320935037064124
215 8.485346754653472
216 5.634861281201731
217 4.773743036307323
218 5.9868649719784806
219 4.752484291002606
220 3.810193805162072
221 5.42707013293815
222 5.402295904797324
223 4.453190822153217
224 5.1137795857002795
225 4.66035200147148
226 5.454257378610247
227 5.420022866592663
228 3.9379642666005124
229 5.0595640242917455
230 4.894661650855748
231 4.939771082008758
232 4.3929574247589525
233 5.484209840216706
234 4.740527249314279
235 4.046836189909618
236 3.736705416236289
237 4.789799530239834
238 6.447281940905167
239 4.9409002818199275
240 4.202989277364265
241 4.509696971957747
242 4.784036388345835
243 5.54574681055787
244 4.008057389864836
245 4.965304590247328
246 3.5624037664023076
247 6.5226969474523635
248 5.223008489542022
249 4.262981018513688
250 4.004318159933031
251 5.702667705878356
252 6.319826988968157
253 4.708696662155244
254 5.032765904536677
255 5.1824813868643576
256 5.516596415621041
257 5.260545671303471
258 5.383308718359907
259 4.824037029103225
260 5.343224744371283
261 5.56478829503577
262 4.886373576411833
263 5.552375282057643
264 5.612957246086736
265 7.721177054071307
266 6.622233214202684
267 7.927685099349341
268 5.214704831550879
269 4.329356600653018
270 6.793442452521849
271 5.7609799115824
272 4.543629002474739
273 5.098960043955137
274 6.75186087587136
275 5.086851460588782
276 5.582846005399975
277 4.687220653013491
278 6.382116474734822
279 4.708697393407448
280 4.990330516148016
281 4.525225486377194
282 3.9803898244403113
283 5.119768423228058
284 3.6762386954923993
285 4.064261526246736
286 5.79313693749589
287 6.326767999364351
288 5.984756957656991
289 6.447993414047272
290 4.306419181197158
291 6.643558796511452
292 4.967367638043826
293 4.856712966188107
294 3.741935895849676
295 4.732032544150212
296 4.719583516960011
297 5.299703079399381
298 5.001685313647778
299 5.397078273899721
300 5.150237547536523
301 5.252449799627784
302 5.169640023975264
303 5.946772246721471
304 5.406089611038728
305 4.01094788165921
306 4.946805684039712
307 6.048878439443893
308 3.730105284921192
309 4.997489357232899
310 5.1547320863993455
311 6.195699528909234
312 5.815165597318007
313 5.7575674492452835
314 5.26095337041359
315 4.755648638173124
316 8.5182512191774
317 5.0145195244690814
318 4.76055683676396
319 4.01443675988582
320 4.035651289460129
321 5.4942329192688835
322 5.9212571972922925
323 7.390339721711103
324 3.9217484156192586
325 4.845629543303262
326 5.051984598722951
327 4.211723094068442
328 6.7489333521169685
329 4.958734022745771
330 6.34714943071269
331 5.510553793169316
332 6.250202849108431
333 3.436086151766984
334 5.034096233825289
335 5.017550944057531
336 5.026190531600234
337 4.819678358810714
338 4.631953826826867
339 3.9546640774932014
340 5.243479772801025
341 5.989264199598911
342 4.981023887736071
343 4.35794577650926
344 4.29675243234161
345 4.89820252198047
346 5.485960498856356
347 4.435337825831344
348 5.592719720604367
349 6.905743825325643
350 4.758212618225676
351 5.165306178780248
352 5.233538266192412
353 6.663911058615881
354 4.9408101790347985
355 5.831588150609041
356 4.58906858163617
357 4.537333796629797
358 7.147981464585999
359 3.8933891533155114
360 5.078160092084727
361 4.962842176490142
362 5.572456438776539
363 5.069028428555411
364 3.5108683319635543
365 5.175104941905008
366 4.266109435823033
367 4.436248356743912
368 5.489342585401577
369 4.176639012903699
370 5.16392856430163
371 7.588390870460952
372 4.3933962557961905
373 5.072456571752622
374 5.318425672065806
375 5.006156695059893
376 5.496234009593065
377 4.112225214064585
378 3.667424052046288
379 4.764965925059895
380 4.383820903941881
381 3.8217586959141308
382 6.452479642887292
383 5.002688091935835
384 4.577529974408226
385 4.358461783974752
386 4.6771142635365175
387 4.623559963386199
388 5.022958857645688
389 4.822134556863597
390 4.686597258853096
391 4.824365741469529
392 6.179884070999705
393 4.733656721126989
394 4.787001422584355
395 5.787797207172026
396 5.796154474298404
397 3.641332171865255
398 4.791138761165592
399 5.245474038102875
400 5.7871943346231145
401 5.098369949262731
402 4.520011466109635
403 6.01251675138565
404 5.512550315634799
405 5.402871011792074
406 4.477463123203173
407 4.781693486963566
408 4.686262873526778
409 4.100707512951158
410 5.1372040856541545
411 5.569472154257168
412 4.663098865061247
413 4.619765227303359
414 4.469283382182179
415 4.9841451135420085
416 5.086749310161074
417 5.325010744817821
418 4.2761323800955715
419 5.641971968455632
420 4.350943063098546
421 121.3547919726593
