0 4.745118452258217
1 3.9376248851897873
2 5.109072609320176
3 3.694776401815245
4 4.969165299083062
5 4.162475430326821
6 5.0250691010742266
7 5.716124948354447
8 4.41408046173613
9 4.53468827444588
10 4.458542253077472
11 4.940882852737294
12 5.077430345812404
13 4.735081530820365
14 4.873735301132359
15 4.949322159780471
16 3.867893941450489
17 4.773687504479152
18 3.956475268100357
19 3.5278751051629693
20 4.9671824973161325
21 3.8451134449390345
22 5.337463012957309
23 3.657498880450332
24 2.9145506056745476
25 3.5998491303437667
26 3.205118977443595
27 3.662608818766268
28 5.136283593467616
29 4.933904163126114
30 5.016229927461468
31 3.8285505389891714
32 3.3177580640649174
33 4.959284461351546
34 4.614984601652545
35 4.842727504249773
36 4.703986774518071
37 3.663917895024542
38 6.4129326870323915
39 7.031820158569536
40 6.346887671971144
41 8.543470835344419
42 5.614177590840506
43 8.947674788632805
44 5.832477478596907
45 5.592710148270742
46 6.432798196683617
47 6.922240319498736
48 6.688690359491882
49 6.373176815501248
50 6.6022204439075995
51 6.668086466403139
52 7.222771901927685
53 6.466730318907094
54 6.246554554068358
55 6.31699482565479
56 7.706599191409548
57 6.371888328995226
58 6.395484409961967
59 5.3908064420451405
60 5.961954246228643
61 6.700610931122464
62 6.82326175602133
63 6.2264753181326515
64 5.615359714911168
65 5.931827443743751
66 6.717959656906668
67 6.383425108854612
68 5.887487394134169
69 6.492241925031895
70 6.1179142889285165
71 6.475364327026627
72 6.967214909095852
73 5.817424388582597
74 8.530356945257243
75 5.8800836664232845
76 5.7267759429227185
77 6.1033558446827385
78 6.346053884443703
79 6.723817799245198
80 6.093726098972353
81 6.37487484804256
82 5.148337300721811
83 6.207587413331471
84 6.14235375549049
85 5.827711434635505
86 6.294985671433415
87 5.71844665377836
88 6.048344246222803
89 5.754048797913032
90 5.682826077127033
91 7.010486891450141
92 5.957331231679468
93 6.850690558435812
94 6.359542123115879
95 5.745789631454449
96 6.257769716953325
97 5.6883920327522794
98 5.986701997455279
99 6.3379974161119605
100 6.288590964557927
101 6.716287155931924
102 6.887675700467255
103 6.497604998771861
104 5.641037281404917
105 6.1256490488274995
106 7.350577932508565
107 5.470703630966567
108 5.989806701135466
109 6.7812216384709085
110 6.677045320302051
111 6.125691180193176
112 3.322442249447025
113 5.876418669047576
114 5.476185291664991
115 5.935991821715475
116 6.0391400488226425
117 6.013326118308949
118 6.974497093756122
119 5.363030276923432
120 5.702016077542167
121 6.453138001750094
122 6.5131008413333955
123 6.838318248058977
124 7.435865166815333
125 6.758427610602124
126 7.121736560476926
127 7.11529954422536
128 7.241236331643801
129 6.686568680842887
130 6.5513563495975475
131 6.806444249563357
132 6.403084135129789
133 8.260666267974488
134 5.906208969794091
135 6.729831819245066
136 7.363684046619414
137 6.061930912382045
138 6.35851630990099
139 6.785254833217665
140 7.7343730690402905
141 6.674235465920882
142 6.397547879485297
143 5.373045195088896
144 5.830181702632183
145 5.921056155492218
146 5.295157081406878
147 5.572863177110073
148 5.384001887211486
149 5.667741596736052
150 4.371661779052982
151 4.598811959528026
152 4.518914454325538
153 5.818675654015663
154 6.122899609726307
155 6.478894814167489
156 5.061433779066639
157 4.977185728616126
158 4.679861754296564
159 6.0684939733224015
160 5.744920825438415
161 5.1564134407884525
162 6.13221068765781
163 4.828882747913197
164 4.755143386374141
165 4.567512532155625
166 4.939476079105109
167 4.874187233469315
168 4.6837908755754505
169 5.271185407791182
170 5.071680503544884
171 4.699925703854929
172 5.575776729270442
173 4.961312087856433
174 5.896440010667139
175 5.1694569778202455
176 5.869660362697215
177 4.937866336674887
178 6.093351556403444
179 5.537542234261215
180 4.918596075361591
181 6.120823898636112
182 4.349264894669174
183 5.898422847437862
184 5.596981665998883
185 5.659691588952219
186 5.285546860776914
187 5.833052560418752
188 5.611792427787163
189 5.610916358224324
190 5.338866858676598
191 5.623360442292679
192 6.33972096066117
193 6.720306615585815
194 5.96631916296296
195 5.549710774467339
196 5.369597156717718
197 4.359059783338808
198 4.065734604397473
199 4.070898243174382
200 4.213702721813859
201 6.424834794650704
202 4.701465651739222
203 4.918953470175205
204 5.020169659653732
205 5.470376578442203
206 4.141219641603709
207 4.9334462539617405
208 4.767010100736695
209 6.743656697446963
210 9.832309649882069
211 6.014118426167161
212 5.764060083815306
213 6.344555997093575
214 5.469917319863889
215 5.573510991572129
216 5.696047526660419
217 5.630206617787719
218 4.1560823097359725
219 5.8388541535810825
220 6.248216127820953
221 6.103800626018385
222 5.9010234075984505
223 4.790154959950403
224 4.894780323017613
225 5.0992751100021545
226 6.763223991286545
227 5.378122424878696
228 4.72967001994962
229 4.617424316086798
230 4.898146118289527
231 4.73150876338856
232 4.454683248626531
233 4.931968829088954
234 4.476761836372597
235 4.92187761061216
236 5.069975241101604
237 4.983070168709727
238 5.882109608395449
239 4.908979972933573
240 4.392409611698819
241 4.826944401194226
242 5.210181130326948
243 4.248118036771763
244 6.195200881273532
245 4.601450812398257
246 4.427201310652657
247 6.618127097673326
248 6.177197570952826
249 6.902412389395835
250 6.640920126082214
251 6.478528901169954
252 5.82530133869327
253 6.366738570591762
254 4.8830910270157135
255 4.980916329227023
256 6.352466620455815
257 6.813361340976544
258 4.2222857630863135
259 5.7145497634780105
260 6.365097073404124
261 6.604561387522209
262 6.268699004106722
263 6.571193924705815
264 7.309104588564328
265 7.476901336558031
266 6.639624260792624
267 7.7720841124660796
268 6.442143392031094
269 6.234847539919788
270 5.594381228608737
271 5.192589397694537
272 6.210918392638411
273 6.423037521949369
274 6.66586181907634
275 6.547956076411328
276 5.693612271774719
277 6.42614862741967
278 6.618961321511454
279 5.938508237234238
280 5.482879046914135
281 5.927057547886729
282 6.739668747895528
283 5.4526183068100496
284 6.611245379553055
285 6.83412503914625
286 6.554486351782164
287 5.6757039595344025
288 6.439897220471212
289 6.456821177383244
290 7.068907642051687
291 6.244061236829261
292 6.340964795649818
293 5.235571065391157
294 7.051302434383629
295 7.133841025857625
296 6.153061883034325
297 6.0849153269152305
298 6.484974938319835
299 5.132679983410197
300 6.698393427636593
301 5.940526140655285
302 6.586613408923088
303 5.145957201383027
304 4.343154218887885
305 6.0574850761433545
306 5.140829352018823
307 6.785434649712337
308 5.42426816076464
309 6.522951877882811
310 7.478801417564297
311 6.297339071636265
312 5.638086114183483
313 5.484481400698851
314 7.010285204866614
315 7.33897031697843
316 6.349909099067639
317 6.890331856245911
318 6.575876703566598
319 4.644776902392887
320 4.938822988362703
321 5.927614268402698
322 5.057527326173424
323 6.49425903876283
324 6.892415983079201
325 6.693229461916293
326 6.361993998481213
327 6.153482066424024
328 3.9823568874840074
329 5.3134982754693265
330 5.513812674581172
331 4.904914563144548
332 6.068004334757588
333 5.5810950686557135
334 5.442802741814062
335 6.963670661593294
336 6.260745395911985
337 7.4651811040109095
338 6.673213427828511
339 5.796439960077114
340 4.407753969298875
341 6.041736325704064
342 5.706028685078006
343 6.875616210306959
344 3.5892400785100236
345 4.375305562451139
346 6.311917657271077
347 5.181713865477879
348 6.5509962076145865
349 6.68379635179431
350 4.880424689008301
351 6.252180138169464
352 6.169790940685776
353 6.112845126655137
354 5.371427599887648
355 6.468673283621301
356 6.754446831726494
357 6.051942920799974
358 5.838294052700182
359 6.4216563384614
360 7.475782465862083
361 6.177587153712838
362 6.32443069003312
363 6.275184576538842
364 5.798570684849973
365 6.805719329784548
366 6.458518605637787
367 6.9392314134505515
368 7.14161540178527
369 6.950007013206684
370 6.764800866059287
371 11.08765328167536
372 12.75993810230999
373 14.473136011597916
374 16.68794149898048
375 16.29073974803953
376 12.47598882127377
377 15.431253708463839
378 11.220879162927353
379 12.430380999166823
380 12.420068745902691
381 13.166322515146248
382 15.90172647018553
383 15.84756444611757
384 14.60444451198053
385 17.01028481288041
386 18.933068019261746
387 17.111736952534198
388 17.87051801402104
389 17.559025692031625
390 12.730514519043412
391 11.05087573281106
392 15.307578133782512
393 14.0101056225238
394 17.03751219285729
395 11.362475975317121
396 11.943660264546146
397 9.039471086956056
398 12.139205008908826
399 11.14389720336015
400 12.067031725205414
401 11.463067065832565
402 11.086117650703512
403 12.496362627303684
404 13.430135041153644
405 12.176824671010904
406 10.263748181337263
407 9.55173641644234
408 9.456690676403637
409 8.424285905846157
410 11.687899003841778
411 12.073697945104575
412 8.153984264350333
413 12.041614381516336
414 10.283756049156771
415 8.207425033344343
416 11.136729286113708
417 11.727085523281362
418 7.378347572450208
419 10.417086055558183
420 10.012110036040987
421 130.02842083791086
