0 81.73384277126297
1 75.58685445550528
2 79.84248022022678
3 75.76856507866005
4 75.09468270471453
5 78.45707764849084
6 73.7431693051868
7 75.63626756479832
8 80.16635211201236
9 82.030069744343
10 74.5617230273282
11 77.80938740929358
12 83.14648716855982
13 80.19437447888134
14 79.40045472057776
15 79.38716876545065
16 89.28479243915622
17 80.00703684851698
18 84.29508399844411
19 87.33018533561744
20 84.19969403645892
21 81.99808926739881
22 88.3736785791327
23 81.44888414999267
24 82.55772224293435
25 81.09016807771991
26 80.17900744017444
27 84.29695145803905
28 72.79774914998487
29 71.728110461066
30 59.724514242310306
31 75.5111779170537
32 79.59568387094114
33 72.15151472951926
34 75.96237318777219
35 84.09044504581624
36 76.17131776140134
37 76.899314347396
38 83.34791661593059
39 85.55731724911972
40 81.73927076069205
41 82.71069260416698
42 80.85026241927156
43 86.50341124510484
44 83.15978943298924
45 85.36643632172597
46 87.77431556580062
47 88.39044212059642
48 85.53610010119705
49 88.47014152080881
50 86.72421948401629
51 87.17689643005768
52 88.51889370219617
53 85.58215871922806
54 84.57985899550813
55 88.14253642692526
56 88.72176089704838
57 87.50482328471409
58 86.08281763183632
59 89.88644235004979
60 84.89378174827078
61 88.8827603413084
62 89.22770225216004
63 87.24135582230355
64 89.74350835188382
65 86.25432024650785
66 88.58914790045884
67 88.68788475331239
68 88.74283237260977
69 89.22698305765229
70 89.12951581334279
71 89.60005145653109
72 89.5426129374541
73 88.62908340885694
74 85.77074303936797
75 88.85917190130606
76 89.06052728531242
77 85.28321943764747
78 87.12457502459212
79 84.13414939174663
80 85.83054639731647
81 85.03729462089484
82 86.79963177493299
83 82.71360667880226
84 83.36731549223404
85 86.26121537464121
86 87.31395591259395
87 83.80614644748105
88 89.98908660033251
89 88.85296483012934
90 82.19321194183513
91 77.4316244975099
92 80.3860244476945
93 66.63434666524384
94 79.45627219919855
95 76.070456178943
96 83.68671306867131
97 83.7162207776857
98 78.60358614347743
99 73.65153996724176
100 78.660492425708
101 80.7806003624619
102 81.48062163819066
103 82.29938671845164
104 83.758554391422
105 78.08639598570336
106 81.86795456056521
107 85.049180992848
108 88.46348157850773
109 81.82867003196316
110 82.13809114520713
111 87.52953578386625
112 86.03597024652458
113 84.83929606283748
114 84.52563553766073
115 85.13927409120588
116 82.85126916732267
117 73.7374338972598
118 79.24129855540467
119 83.66866015062936
120 82.24972073903386
121 85.43116089125608
122 83.2121645320716
123 78.72834495399177
124 84.92225782693629
125 83.5689695681153
126 88.54702103956225
127 89.82907447769907
128 75.76339667890198
129 76.90909340915701
130 82.98755203129335
131 86.67282230111782
132 79.92139390840408
133 85.47922466590065
134 83.77415085980559
135 83.34156185144082
136 73.07819213374547
137 80.42906773464718
138 75.5540735990352
139 82.42920264999678
140 80.856365234234
141 85.28745720816036
142 86.38911919816196
143 85.91191273378706
144 88.7587923780474
145 82.83907221443144
146 84.65831794026336
147 76.15879856385624
148 81.97222170514522
149 73.35510153394534
150 83.09352914885166
151 82.44286582892082
152 87.62399092025467
153 86.8420059964579
154 71.536747488923
155 75.18474180019206
156 81.79976439123026
157 78.33057380718226
158 81.34950802344511
159 77.4058603136825
160 84.94372847337132
161 72.12279932844615
162 78.54061430315765
163 80.40049260658769
164 75.80665348637184
165 81.795691603737
166 83.99823618730883
167 75.3001958999571
168 72.32137668940221
169 79.30665853953082
170 88.97941495296907
171 85.57851167016675
172 84.6830531778053
173 80.11102374829701
174 89.7711092847603
175 87.04912587954429
176 82.2644731959122
177 77.04196360009428
178 86.46939793434807
179 81.60026566031941
180 78.4449564853386
181 82.59981980677277
182 85.62619111541646
183 79.44356552037502
184 88.8532690064177
185 81.65669914830022
186 79.73284361723566
187 78.34356942076121
188 82.48433453949923
189 79.15456568261743
190 84.66587662903301
191 85.51888516144426
192 82.56150280148296
193 87.48497490288605
194 77.84302174771058
195 81.33591120075582
196 85.16653367698451
197 84.45500137142606
198 75.50585038088877
199 82.72807573100567
200 87.2372788293139
201 87.39752120038364
202 77.93470626956326
203 86.43964761601674
204 76.45190719574974
205 82.52100027654802
206 74.80802217547065
207 81.69491396540901
208 81.17918848057269
209 77.47058381233262
210 75.89098847448082
211 78.81008150846125
212 79.32229047289727
213 83.9043917017602
214 86.29452688840821
215 84.62867309638744
216 78.67898533504336
217 82.99170576082187
218 87.07492336029755
219 75.7569771744042
220 76.71933668139661
221 84.0400206608546
222 81.35098015573541
223 88.20121498885385
224 78.80140338279722
225 81.74712113368686
226 80.52111643684688
227 73.38967572835365
228 80.33035570036152
229 84.78326239529191
230 80.09473719457172
231 80.38412553583366
232 83.83487912685467
233 81.36294940599669
234 82.30902662651108
235 88.26752425885302
236 78.05253387856568
237 87.89242509027494
238 75.40818966956972
239 84.06746688334759
240 77.30076680486658
241 80.62960876867152
242 83.57355237599235
243 87.08534889700827
244 86.49750539945217
245 73.61840036392479
246 81.71083749316955
247 85.40776465653066
248 80.73784565619894
249 77.69328577517302
250 86.20947829699323
251 83.36576115827592
252 85.88440123099055
253 80.1659824353884
254 82.06006252680801
255 74.73432579127676
256 77.69482695107635
257 85.39273438353483
258 79.54391526610836
259 80.74526993669592
260 82.41915724352685
261 81.16484202626525
262 82.37941218533797
263 72.2211206708728
264 81.36741504356056
265 81.66177863908548
266 81.30360514428656
267 78.60156967692798
268 78.21620896188928
269 84.85140540766665
270 81.70349293952324
271 84.97633913741731
272 87.38775996729058
273 80.73020278361845
274 87.10988448239628
275 76.82802689571247
276 77.67666556789176
277 75.36971100298125
278 79.32656809278332
279 79.84166273664897
280 75.64509696738214
281 78.45998856260177
282 79.96079253021101
283 83.8017028633168
284 81.12330014856205
285 82.97345955887755
286 76.4475166566007
287 76.34734721988355
288 77.50178553775284
289 82.1054513963934
290 81.18504397903429
291 73.17371915792371
292 85.59986110097654
293 80.43280796538883
294 70.96826913793772
295 87.05803264179632
296 80.81372371109448
297 78.75814481268398
298 73.96336545946409
299 85.90148723153663
300 82.35564246510603
301 80.90482621186892
302 89.40959636574507
303 85.05590141752087
304 81.75416110721021
305 82.04165787346669
306 79.17918564199864
307 80.34000851527429
308 88.13917510843987
309 85.16005521517815
310 78.50760480356409
311 81.12970810921844
312 82.00207379421005
313 81.69192407583976
314 80.33537482107688
315 89.00161184995109
316 89.14610608971981
317 86.8528425211283
318 79.31216156310138
319 85.71715696066613
320 87.12214776648288
321 80.89261888658953
322 87.83934120980962
323 83.82722862547529
324 84.644888486218
325 86.04174633549079
326 73.37188202105733
327 81.63916377771594
328 81.50742334509808
329 84.28287634779963
330 85.00198796742634
331 85.49845153209321
332 88.76913103081881
333 80.75937890565599
334 81.83730528228861
335 79.7816926023327
336 79.41656691520889
337 86.91266220644891
338 80.71115186824778
339 87.86640734607792
340 85.91905924267549
341 83.07647591742587
342 80.53249265663611
343 84.66961221949316
344 85.95513360131717
345 85.5810860186579
346 86.93798050397237
347 74.3648006202993
348 76.26276956775635
349 76.03407459874329
350 84.15695526288674
351 84.43515646565336
352 85.73078929697114
353 87.87949058805991
354 76.15589483785467
355 79.99444378942253
356 63.08504394498013
357 79.37536552870766
358 76.88371546936075
359 84.88701185335343
360 76.47698483850594
361 81.56680665764083
362 74.06648728909039
363 75.49523113726256
364 78.05807444299103
365 79.57940228074227
366 82.10639648341125
367 82.82451061561521
368 81.0057532863793
369 78.26122972202441
370 80.50185601764083
371 79.88863522868633
372 72.25139033932818
373 86.53658827288542
374 83.79708927303753
375 87.69435750452651
376 75.62722711113611
377 80.85664792813178
378 78.02068092555722
379 85.13559846943153
380 79.30597816935102
381 75.3263975453206
382 83.35998882595499
383 74.90323050546264
384 68.59121347391599
385 79.74480613985371
386 72.60279415366539
387 75.39769914630587
388 74.13467251216558
389 72.31028600195656
390 75.167871129669
391 67.93498365743935
392 77.85289637049299
393 78.99303860797181
394 89.81455528497975
395 85.52169031391283
396 84.78164984909236
397 84.81837427953
398 89.12673805868964
399 79.6065213678636
400 83.14888567455235
401 83.80372301796972
402 83.92834412834495
403 79.65172130917881
404 77.74559932176179
405 85.76937141671998
406 80.82302686026107
407 76.07798110678559
408 85.17447208515492
409 78.22615573696865
410 75.26531377478416
411 70.24305496166154
412 75.01518047715496
413 81.21954359775731
414 74.18129875517187
415 79.51354397594375
416 85.56070873901196
417 84.20074636574681
418 78.85505732787767
419 80.5088127295825
420 86.91840162091151
421 88.00150964301808
