1 3.0576772689819336 2.6607959270477295 2.1018614768981934 1.7659755945205688 1.4877519607543945 1.1975762844085693
2 2.7533695697784424 2.2990777492523193 1.7645803689956665 1.9444748163223267 1.3536291122436523 1.4135220050811768
3 3.0637943744659424 2.6922342777252197 1.9090347290039063 2.1307942867279053 1.0550849437713623 1.3852447271347046
4 2.796903133392334 2.281395673751831 1.6890907287597656 1.9472570419311523 1.140505313873291 1.2037533521652222
5 2.9234256744384766 2.505378007888794 1.7850373983383179 1.7452726364135742 1.3373271226882935 1.1174805164337158
6 2.9714367389678955 2.483924150466919 1.9994484186172485 2.1643564701080322 1.306214451789856 1.380312442779541
7 2.783015012741089 2.298105478286743 1.6878345012664795 1.7583259344100952 1.1153546571731567 1.4999507665634155
8 2.7094919681549072 2.174107074737549 2.267895221710205 1.5093045234680176 1.781939148902893 1.166154146194458
9 2.936255931854248 2.4871878623962402 2.1034557819366455 2.2932090759277344 1.3358972072601318 1.6037166118621826
10 3.1737024784088135 2.7962002754211426 1.8692785501480103 2.272799253463745 1.2372654676437378 1.911727786064148
11 3.3172740936279297 2.930757999420166 1.904034972190857 3.2555572986602783 1.2903293371200562 2.1137561798095703
12 3.1372790336608887 2.6932692527770996 2.3330464363098145 2.8331458568573 1.6330482959747314 2.259681224822998
13 3.004073143005371 2.4734039306640625 2.164782762527466 2.566526174545288 1.3479820489883423 2.2606518268585205
14 2.8551206588745117 2.302496910095215 1.6675218343734741 2.4225921630859375 0.9902215600013733 2.2013230323791504
15 3.1963441371917725 2.682378053665161 1.7338330745697021 2.408583641052246 1.2612793445587158 2.4021353721618652
16 2.9852054119110107 2.372990846633911 1.961401104927063 2.064391613006592 1.2222490310668945 1.9040061235427856
17 2.9731578826904297 2.421355962753296 1.9581327438354492 2.2046847343444824 1.1994889974594116 2.150925397872925
18 2.8283538818359375 2.188577890396118 1.8430417776107788 2.1911284923553467 1.1404139995574951 1.6800061464309692
19 3.017104387283325 2.408001661300659 1.8236931562423706 2.346853733062744 1.2169121503829956 2.254892110824585
20 2.8964149951934814 2.2440454959869385 2.058616876602173 2.08193302154541 1.4850728511810303 1.679951548576355
21 3.2433900833129883 2.7476260662078857 1.834213137626648 2.505617618560791 1.203023076057434 2.562993288040161
22 2.8620920181274414 2.3224740028381348 2.0500853061676025 2.2918007373809814 1.4577522277832031 2.3344614505767822
23 3.0430080890655518 2.4191956520080566 2.0180604457855225 2.536486864089966 1.2541296482086182 2.800823450088501
24 3.1201908588409424 2.5201051235198975 2.3132424354553223 2.4011566638946533 1.3860516548156738 2.3817687034606934
25 3.032040596008301 2.4510490894317627 2.3560266494750977 2.405819892883301 1.3979331254959106 2.17556095123291
26 3.170377731323242 2.641944408416748 2.426154375076294 2.376769781112671 1.8208634853363037 2.4382166862487793
27 3.214604139328003 2.719669818878174 2.289828300476074 2.6475114822387695 1.5337508916854858 2.65352201461792
28 3.6416547298431396 3.2092840671539307 2.247681140899658 2.767899751663208 1.246661901473999 2.775965690612793
29 3.714843511581421 3.3600211143493652 2.3980226516723633 2.9901697635650635 1.054226279258728 3.0194828510284424
30 4.186756610870361 3.8985750675201416 2.2181220054626465 2.6513283252716064 1.2757012844085693 2.5346200466156006
31 3.2047629356384277 2.60872483253479 1.6914832592010498 2.723426580429077 1.0901844501495361 2.526428461074829
32 3.0707406997680664 2.4856250286102295 2.0611684322357178 2.430644989013672 1.595779299736023 2.3768677711486816
33 3.090179920196533 2.513199806213379 2.071295976638794 2.3951923847198486 1.479194164276123 2.3705317974090576
34 2.9758481979370117 2.441230297088623 1.8179911375045776 2.602130651473999 1.0493433475494385 2.5501022338867188
35 3.2024152278900146 2.704040288925171 2.1435461044311523 2.5508813858032227 1.3135885000228882 2.5115344524383545
36 3.4919257164001465 3.093754529953003 2.116426944732666 2.3755359649658203 1.0808794498443604 2.6089582443237305
37 2.9792962074279785 2.4213974475860596 1.982981562614441 2.1571366786956787 1.3472779989242554 2.128085136413574
38 3.0307021141052246 2.5750980377197266 2.2865893840789795 2.5911386013031006 1.3788708448410034 1.9330815076828003
39 3.326345920562744 2.9033544063568115 2.3921022415161133 2.9859960079193115 1.6971700191497803 2.0225915908813477
40 3.5867841243743896 3.211683511734009 2.366563558578491 2.7151365280151367 1.7181198596954346 2.681835412979126
41 3.788986921310425 3.4405391216278076 2.3990392684936523 2.9134275913238525 1.542997121810913 2.531188488006592
42 3.274232864379883 2.770826578140259 2.325460195541382 2.1268084049224854 1.3300954103469849 2.18830943107605
43 3.235506772994995 2.8147103786468506 2.1742963790893555 3.1071856021881104 1.492956519126892 2.513798952102661
44 3.446683406829834 3.0460994243621826 2.5013487339019775 2.887946605682373 1.781486988067627 2.9545650482177734
45 3.891188383102417 3.5608773231506348 2.9448962211608887 3.311530113220215 2.1831367015838623 3.502293825149536
46 3.916630506515503 3.6456148624420166 2.8096165657043457 3.370687961578369 1.9922878742218018 3.27876615524292
47 3.6166744232177734 3.259202241897583 2.695767641067505 3.1613147258758545 2.0797910690307617 3.0946075916290283
48 3.571887493133545 3.2289867401123047 2.512979030609131 3.207827091217041 1.905068278312683 2.751462697982788
49 3.786316394805908 3.476641893386841 2.5211377143859863 3.5761709213256836 1.7101596593856812 3.2721059322357178
50 3.6683270931243896 3.4083423614501953 2.2977147102355957 3.5900349617004395 1.548977255821228 3.205378293991089
51 3.8484201431274414 3.6242146492004395 2.2730231285095215 3.997591495513916 1.6152154207229614 3.3457577228546143
52 3.8905410766601563 3.5609025955200195 2.521754741668701 3.855621099472046 1.9155364036560059 3.087923049926758
53 3.5753488540649414 3.2052242755889893 2.0676138401031494 3.3035850524902344 1.6024144887924194 3.179795026779175
54 4.07512903213501 3.8703739643096924 2.0324184894561768 4.200280666351318 1.4853843450546265 3.4931540489196777
55 3.902033567428589 3.668964385986328 2.4492156505584717 3.9427173137664795 1.939318299293518 3.261413335800171
56 3.709845781326294 3.486286163330078 2.2868223190307617 4.018841743469238 1.8519532680511475 3.3445589542388916
57 3.8691959381103516 3.5882484912872314 2.808285713195801 3.313889741897583 2.1674070358276367 3.116133689880371
58 3.6779704093933105 3.4657301902770996 2.3263561725616455 3.852646589279175 1.5711568593978882 2.811836004257202
59 3.6427392959594727 3.3307318687438965 2.512535810470581 3.6932952404022217 1.8138682842254639 2.893009901046753
60 3.7842607498168945 3.5242364406585693 2.674532413482666 3.6777701377868652 1.8605843782424927 3.161973237991333
61 3.8708059787750244 3.642354726791382 2.8750874996185303 3.790418863296509 1.7544305324554443 3.150087833404541
62 3.609084129333496 3.314516067504883 2.358711004257202 3.563882350921631 1.3180453777313232 3.091296911239624
63 3.5711934566497803 3.2703511714935303 2.8416614532470703 3.374842882156372 1.4692081212997437 2.070584297180176
64 3.978268623352051 3.7364039421081543 2.86877703666687 3.588824510574341 1.8596445322036743 2.278801918029785
65 3.7600502967834473 3.5557947158813477 3.012052536010742 3.731013059616089 1.6354230642318726 2.847055435180664
66 3.953911066055298 3.8147659301757813 3.1026666164398193 3.8189127445220947 1.4703119993209839 2.316249370574951
67 3.908102035522461 3.6878528594970703 2.838848352432251 3.6163151264190674 1.6559357643127441 2.762063980102539
68 3.5551416873931885 3.2837653160095215 2.504624366760254 3.5666205883026123 1.461414098739624 2.326107978820801
69 3.723740577697754 3.377793073654175 2.2346160411834717 3.686901807785034 1.435595154762268 2.562926769256592
70 3.768751859664917 3.413684368133545 2.5609171390533447 3.791234016418457 1.8542661666870117 2.464214324951172
71 3.704469919204712 3.4208033084869385 2.588568687438965 3.674323797225952 1.897331714630127 2.6565945148468018
72 3.626188278198242 3.332401990890503 2.5622541904449463 3.696305990219116 1.5507558584213257 2.410219192504883
73 4.014683246612549 3.7113239765167236 2.932568311691284 3.6848130226135254 2.005707025527954 2.331942558288574
74 3.8665084838867188 3.5808756351470947 3.0210061073303223 3.3880748748779297 2.0933454036712646 2.5517396926879883
75 3.7477383613586426 3.406266212463379 2.8409740924835205 3.6056816577911377 1.6087337732315063 2.463719367980957
76 3.888700246810913 3.6005563735961914 3.0255916118621826 3.7460286617279053 1.777346134185791 2.344066858291626
77 3.9377858638763428 3.728834867477417 2.972724676132202 3.7015671730041504 1.497514009475708 2.4849205017089844
78 3.629255771636963 3.3670544624328613 2.4353675842285156 3.656778335571289 1.5932700634002686 2.2959964275360107
79 3.714195489883423 3.4629745483398438 2.457288980484009 3.7703745365142822 1.5464341640472412 2.571333646774292
80 4.2090654373168945 4.042262554168701 2.8989455699920654 4.006008148193359 1.9860918521881104 2.9289145469665527
81 3.905489921569824 3.6430001258850098 2.3074145317077637 3.7195687294006348 1.531803011894226 2.544788360595703
82 3.6875035762786865 3.378974676132202 2.3543856143951416 3.7146613597869873 1.6689796447753906 2.562920570373535
83 3.784156322479248 3.5151708126068115 2.428358793258667 3.659637928009033 1.646986961364746 2.4892120361328125
84 3.5144388675689697 3.178870439529419 2.0787012577056885 3.5562498569488525 1.266599178314209 2.382638454437256
85 3.4951250553131104 3.1918318271636963 2.443336248397827 3.5376901626586914 1.326838731765747 2.2022287845611572
86 3.747206687927246 3.4485132694244385 2.728123426437378 3.6620583534240723 1.5664751529693604 2.400923728942871
87 3.6322827339172363 3.406550168991089 2.548130512237549 3.7986161708831787 1.5411571264266968 2.808403968811035
88 3.9618256092071533 3.769770860671997 3.181884765625 3.8656907081604004 1.7358553409576416 2.651334524154663
89 3.6407811641693115 3.2920005321502686 2.5681772232055664 3.6299750804901123 1.2999813556671143 2.5563271045684814
90 3.7054717540740967 3.473471164703369 2.6765146255493164 3.6512670516967773 1.2536009550094604 2.7804925441741943
91 3.8859059810638428 3.7021420001983643 2.5166304111480713 3.69412899017334 1.1269521713256836 2.983135938644409
92 4.114994525909424 3.897897243499756 2.9369537830352783 3.5253536701202393 1.5629603862762451 2.6427979469299316
93 4.324114799499512 4.095156192779541 2.8189406394958496 3.4531757831573486 1.732905387878418 2.700432538986206
94 3.8543710708618164 3.6653409004211426 2.757812976837158 3.5970327854156494 1.4536349773406982 2.7897958755493164
95 3.9012317657470703 3.6830310821533203 2.7623531818389893 3.589010238647461 1.5275988578796387 2.786456823348999
96 3.612985849380493 3.349461793899536 2.816847085952759 3.557166814804077 1.463434100151062 2.6899027824401855
97 3.884079694747925 3.7064402103424072 2.9579408168792725 3.633470296859741 1.5697133541107178 2.878429412841797
98 3.6607091426849365 3.404292583465576 2.4936683177948 3.436248540878296 1.4117296934127808 2.5482754707336426
99 3.9367432594299316 3.7292709350585938 2.3441829681396484 3.5587520599365234 1.2280303239822388 2.6413114070892334
100 3.9294183254241943 3.718691825866699 2.384821653366089 3.8587632179260254 1.4546064138412476 3.0874950885772705
101 3.712594747543335 3.4563047885894775 2.2607226371765137 3.8881688117980957 1.2305176258087158 2.9825985431671143
102 3.753535747528076 3.456921339035034 2.4277851581573486 3.4361984729766846 1.4489938020706177 2.75114107131958
103 3.7003366947174072 3.443589448928833 2.489452362060547 3.6482603549957275 1.5352548360824585 2.7283427715301514
104 3.3520169258117676 2.9759597778320313 2.3084681034088135 3.349076986312866 1.2672696113586426 2.9052469730377197
105 3.622908592224121 3.3942692279815674 2.888150453567505 3.228130578994751 1.3947519063949585 2.805267095565796
106 3.6108627319335938 3.2628910541534424 2.995715379714966 2.601414680480957 1.2735732793807983 2.7031118869781494
107 3.853308916091919 3.5933971405029297 3.662041425704956 2.6991360187530518 1.7561646699905396 2.797048330307007
108 3.4983439445495605 3.165477991104126 3.456725597381592 2.610776424407959 1.5438873767852783 2.6597988605499268
109 3.4458653926849365 3.11556339263916 3.19293475151062 2.5987205505371094 1.2608469724655151 2.825925588607788
110 3.434920072555542 3.069518566131592 3.0263936519622803 2.732233762741089 1.3475291728973389 2.7793428897857666
111 3.5690383911132813 3.278291702270508 3.27154803276062 2.9197516441345215 1.5528513193130493 2.968628168106079
112 3.4319212436676025 3.0529885292053223 3.2103562355041504 2.7057087421417236 1.7150901556015015 2.7395615577697754
113 3.5945961475372314 3.3491461277008057 3.1046881675720215 2.850980281829834 1.209127426147461 2.793738842010498
114 3.990312337875366 3.833871841430664 3.831765651702881 3.073643207550049 1.614996075630188 2.8904786109924316
115 3.6112914085388184 3.394674301147461 3.512056589126587 2.958256483078003 1.3692370653152466 2.7035131454467773
116 4.054855823516846 3.9128997325897217 3.7269017696380615 2.7133567333221436 1.2538219690322876 2.9266140460968018
117 4.059688091278076 3.907055139541626 3.5976171493530273 2.3465046882629395 1.1758877038955688 2.592033624649048
118 4.001841068267822 3.7727839946746826 3.225770950317383 2.612849235534668 1.407858967781067 2.6244490146636963
119 3.492652416229248 3.1973400115966797 3.352545738220215 2.4414703845977783 1.5654675960540771 2.705981731414795
120 3.7619717121124268 3.567918539047241 3.643627405166626 2.524343729019165 1.6325746774673462 2.799072742462158
121 3.5850911140441895 3.362506866455078 3.5722758769989014 2.5135657787323 1.4361779689788818 2.923658847808838
122 3.62996768951416 3.3611860275268555 3.1735687255859375 2.42824387550354 1.1640639305114746 2.7530975341796875
123 3.761793851852417 3.520923376083374 3.3549299240112305 2.698101758956909 1.1412882804870605 2.709057092666626
124 3.5689504146575928 3.234912157058716 3.244859457015991 2.7589147090911865 1.794838786125183 2.6345462799072266
125 3.4221694469451904 3.0764012336730957 3.3271219730377197 2.583073139190674 1.3492913246154785 2.5321412086486816
126 3.713197708129883 3.359286069869995 3.2431411743164063 2.9888150691986084 1.5657308101654053 2.70459246635437
127 3.439467668533325 3.1187338829040527 3.1456618309020996 2.776580810546875 1.4202784299850464 2.94279146194458
128 4.0666184425354 3.9383797645568848 3.0742626190185547 3.2550199031829834 1.3699373006820679 2.7106659412384033
129 3.8966898918151855 3.6718363761901855 2.9454565048217773 3.098273992538452 1.3339651823043823 2.819735050201416
130 3.4056427478790283 3.09957218170166 3.089304208755493 2.6456005573272705 1.2527852058410645 2.6976542472839355
131 3.3862624168395996 2.989060163497925 2.8751862049102783 2.854383707046509 1.6405211687088013 2.8544015884399414
132 3.607851505279541 3.3034894466400146 2.861525535583496 2.8174307346343994 1.246279001235962 2.9958014488220215
133 3.5665335655212402 3.1895675659179688 3.3390052318573 2.8314318656921387 1.933589220046997 2.602219343185425
134 3.501469135284424 3.1973495483398438 3.180344820022583 2.908879280090332 1.4402118921279907 2.6650946140289307
135 3.354198932647705 3.044090747833252 3.127699613571167 2.591165065765381 1.2002390623092651 2.515180826187134
136 3.955817937850952 3.711364269256592 3.4685559272766113 2.555222749710083 1.4895243644714355 2.7357194423675537
137 3.7203235626220703 3.448744297027588 3.4931070804595947 2.7024927139282227 1.760838270187378 2.547328233718872
138 3.7520174980163574 3.5287086963653564 3.2242400646209717 2.9313485622406006 1.133905053138733 2.567863702774048
139 3.978764772415161 3.816380500793457 3.555180549621582 3.655982255935669 1.3957363367080688 2.7832980155944824
140 4.119640350341797 3.9376301765441895 2.974611759185791 4.039219856262207 1.3401480913162231 2.6002578735351563
141 3.745086669921875 3.551969051361084 2.6601498126983643 4.010859489440918 1.3987925052642822 2.676863193511963
142 3.4010233879089355 3.036642551422119 2.34257173538208 3.4277491569519043 1.3282183408737183 2.689646005630493
143 3.7162063121795654 3.362623691558838 2.580784559249878 3.7306313514709473 1.695497751235962 2.6734743118286133
144 3.5268917083740234 3.105741024017334 2.5605990886688232 3.3175010681152344 1.6628724336624146 2.6043343544006348
145 3.684462547302246 3.457260847091675 2.675062894821167 3.9051146507263184 1.4754457473754883 2.6615514755249023
146 3.8224709033966064 3.510416030883789 2.9951093196868896 3.5396430492401123 2.0240583419799805 2.7319774627685547
147 4.117763042449951 3.9235501289367676 2.656524419784546 3.416146755218506 1.8647680282592773 2.945267677307129
148 3.7513391971588135 3.43625545501709 2.685882806777954 3.257075071334839 1.5866185426712036 2.6130945682525635
149 4.148957252502441 3.941126585006714 3.052455186843872 3.207831382751465 1.7665919065475464 2.893436908721924
150 3.557333469390869 3.2107608318328857 2.806225299835205 2.8870046138763428 1.5255727767944336 2.742872953414917
151 3.620948553085327 3.330254077911377 2.972417116165161 3.1593666076660156 1.6713972091674805 2.7018649578094482
152 3.542832374572754 3.2672595977783203 2.8877837657928467 3.2398271560668945 1.8140510320663452 2.8587262630462646
153 3.588775157928467 3.276332139968872 2.7663707733154297 3.1975131034851074 1.5058741569519043 2.8571908473968506
154 4.258661270141602 4.019731044769287 2.292241334915161 3.2221484184265137 1.3202288150787354 2.9489057064056396
155 3.8134703636169434 3.5224132537841797 2.466832160949707 3.1737470626831055 1.5869653224945068 2.6930103302001953
156 3.6097822189331055 3.252007246017456 2.5480105876922607 3.207667112350464 1.4500582218170166 2.7606356143951416
157 3.8684749603271484 3.6255249977111816 2.6968421936035156 2.990684747695923 1.5621274709701538 2.6864311695098877
158 3.7701456546783447 3.513580560684204 2.6378605365753174 3.1700642108917236 1.3612550497055054 2.4892737865448
159 3.6259477138519287 3.3021538257598877 2.733799695968628 2.898423433303833 1.5819106101989746 2.2657713890075684
160 3.4901070594787598 3.1683926582336426 2.5407111644744873 3.0364432334899902 1.3822826147079468 2.4477529525756836
161 3.885589361190796 3.6593215465545654 2.6679694652557373 3.194857358932495 1.1206426620483398 2.796217203140259
162 3.683032274246216 3.3764235973358154 2.7477965354919434 2.8344109058380127 1.0664470195770264 2.5675649642944336
163 3.9536867141723633 3.7414889335632324 2.8618946075439453 3.4078314304351807 1.2549898624420166 2.6304802894592285
164 3.6280109882354736 3.2557430267333984 2.7859654426574707 2.517483949661255 1.1797239780426025 2.501976490020752
165 3.424154758453369 3.0450351238250732 2.7335190773010254 2.624934673309326 1.023924469947815 2.737060546875
166 3.4303035736083984 2.9952127933502197 2.823498487472534 2.633068084716797 1.4881701469421387 2.7984375953674316
167 4.083151340484619 3.8389928340911865 3.094623565673828 2.6778054237365723 1.38547682762146 2.6829469203948975
168 4.177490711212158 3.9620001316070557 3.119492769241333 2.624903678894043 1.4136950969696045 2.865854263305664
169 3.8536877632141113 3.5510153770446777 2.8708744049072266 2.607733726501465 1.2934640645980835 2.705153465270996
170 3.598846435546875 3.208305597305298 2.8949246406555176 3.055903673171997 1.4780113697052002 3.1015779972076416
171 3.8120949268341064 3.497563600540161 3.6895575523376465 2.819702386856079 1.716429352760315 2.9076504707336426
172 3.89062762260437 3.5498945713043213 3.5823476314544678 2.9492743015289307 1.8778752088546753 2.74648118019104
173 3.787430763244629 3.3826193809509277 3.5257492065429688 2.8624415397644043 1.4904773235321045 2.7220234870910645
174 4.047762393951416 3.6669774055480957 3.9218504428863525 2.8012773990631104 1.6524598598480225 2.6064319610595703
175 3.8354368209838867 3.5751311779022217 3.931245803833008 2.8195011615753174 1.2670255899429321 2.6888198852539063
176 3.604306697845459 3.2042245864868164 3.0502452850341797 2.813131332397461 1.2477598190307617 2.5667667388916016
177 3.975578784942627 3.6780080795288086 3.274444103240967 2.974505662918091 0.9449673891067505 2.8805623054504395
178 3.8069989681243896 3.4532411098480225 3.577782392501831 3.054513692855835 1.1546236276626587 2.8028650283813477
179 3.6442458629608154 3.249655246734619 3.0465524196624756 2.8885340690612793 1.0989562273025513 2.889266014099121
180 3.9809343814849854 3.6870553493499756 3.694486618041992 2.8134729862213135 1.2595340013504028 2.9332263469696045
181 3.4637510776519775 3.0500621795654297 2.955510377883911 2.8547677993774414 1.1969101428985596 2.714590072631836
182 3.479940176010132 3.0961127281188965 2.921437978744507 2.8432977199554443 1.3057621717453003 2.38258957862854
183 3.5205276012420654 3.107858180999756 3.1415040493011475 2.5676093101501465 1.5386664867401123 2.268256902694702
184 3.577998161315918 3.119485378265381 3.112022876739502 2.8327372074127197 1.5912423133850098 2.0457170009613037
185 3.4190261363983154 2.9392902851104736 2.961017370223999 2.451674461364746 1.7604635953903198 2.053889751434326
186 3.5038692951202393 3.0720300674438477 2.9059078693389893 2.695629596710205 1.6947658061981201 2.1868977546691895
187 3.5607364177703857 3.16381573677063 2.903895378112793 2.5169241428375244 1.655049204826355 2.157641887664795
188 3.329956293106079 2.8654255867004395 2.8544557094573975 2.3274571895599365 1.5819145441055298 2.105404853820801
189 3.454134941101074 2.959711790084839 2.9394285678863525 2.509348154067993 1.8550695180892944 2.1213014125823975
190 3.4080662727355957 2.9356327056884766 3.0081145763397217 2.3256938457489014 1.643998146057129 2.452302932739258
191 3.4230949878692627 2.925473213195801 3.0014586448669434 2.4748694896698 1.6182652711868286 2.1463539600372314
192 3.562192678451538 3.103738784790039 3.2218050956726074 2.62076735496521 1.7936571836471558 2.142289400100708
193 3.3643479347229004 2.859790325164795 3.09143328666687 2.367161512374878 1.534770131111145 1.977494478225708
194 3.6410915851593018 3.1976027488708496 3.1363022327423096 2.174790382385254 1.5700465440750122 1.7886804342269897
195 3.6011459827423096 3.1358864307403564 3.149181842803955 2.6137940883636475 1.573624610900879 1.9927395582199097
196 3.4927585124969482 2.9667956829071045 3.0998952388763428 2.2580366134643555 1.596156358718872 1.6416172981262207
197 3.4630820751190186 2.9573895931243896 3.034642457962036 2.129124879837036 1.7146085500717163 1.9646772146224976
198 3.8705947399139404 3.434703826904297 2.7867109775543213 2.1668784618377686 1.358480453491211 2.03425669670105
199 4.01185417175293 3.692509174346924 3.098381757736206 2.3586039543151855 1.4418830871582031 2.1070234775543213
200 3.6724300384521484 3.2357535362243652 3.160917282104492 2.2553396224975586 1.9161429405212402 2.1139304637908936
201 3.261324405670166 2.749433994293213 2.960805654525757 2.2758448123931885 1.4330216646194458 2.222661018371582
202 3.8379950523376465 3.4330689907073975 2.9751198291778564 2.092966079711914 1.3275971412658691 2.040992021560669
203 3.6164331436157227 3.1626718044281006 2.9543943405151367 2.5682504177093506 1.6091856956481934 2.441971778869629
204 4.142980098724365 3.862154006958008 3.152045726776123 2.403935432434082 1.6562366485595703 2.0707924365997314
205 3.7913336753845215 3.4475393295288086 3.13904070854187 2.403866767883301 1.6210846900939941 2.281977415084839
206 3.962207555770874 3.577725410461426 3.0455093383789063 2.252551794052124 1.874190330505371 2.2101056575775146
207 3.6696999073028564 3.292740821838379 3.2331058979034424 2.200798273086548 1.6567999124526978 2.116765022277832
208 3.328566074371338 2.8392715454101563 2.7388176918029785 1.9694498777389526 1.4570685625076294 1.883164405822754
209 3.707308769226074 3.331773281097412 2.8693442344665527 2.509000301361084 1.627517580986023 1.9574404954910278
210 3.7166712284088135 3.403066396713257 2.8240435123443604 2.6591742038726807 1.371985912322998 2.1183252334594727
211 3.7556560039520264 3.429548501968384 2.6495985984802246 2.465629816055298 1.1188277006149292 2.060356378555298
212 3.510047435760498 3.122009754180908 2.5011394023895264 2.3458900451660156 1.3843979835510254 2.004065752029419
213 3.5752224922180176 3.1990909576416016 2.701353073120117 2.6092851161956787 1.3857803344726563 2.1697683334350586
214 3.4621660709381104 3.043672800064087 2.820329427719116 2.546772003173828 1.5367313623428345 2.0204977989196777
215 3.4044344425201416 2.9324939250946045 2.921894073486328 2.4964864253997803 1.9569602012634277 2.158082962036133
216 3.419985771179199 2.9692442417144775 2.3838775157928467 2.2433156967163086 1.2201906442642212 2.156052589416504
217 3.4023993015289307 2.8753139972686768 2.530564785003662 2.363417387008667 1.4868927001953125 2.0520694255828857
218 3.3154397010803223 2.8016488552093506 2.5246422290802 2.831684112548828 1.556704044342041 2.0217411518096924
219 3.7835335731506348 3.403733253479004 2.61301326751709 2.5055363178253174 1.597036361694336 1.9536693096160889
220 3.3396756649017334 2.8766050338745117 2.2860829830169678 2.244692087173462 1.29595148563385 1.9169200658798218
221 3.3240151405334473 2.8270676136016846 2.589482545852661 2.6014890670776367 1.545241355895996 2.339421033859253
222 3.5884768962860107 3.1405365467071533 2.57639479637146 2.3258140087127686 1.5944762229919434 2.10701584815979
223 3.3797240257263184 2.8766939640045166 2.660384178161621 2.658874273300171 1.4616082906723022 2.442631244659424
224 3.475062370300293 3.022387742996216 2.3132262229919434 2.3086459636688232 1.3989295959472656 2.2806525230407715
225 3.3677029609680176 2.8155736923217773 2.3028697967529297 2.390686273574829 1.6731630563735962 2.192728042602539
226 3.6062185764312744 3.1834306716918945 1.9354687929153442 2.284471035003662 1.2367216348648071 2.175060749053955
227 3.543919324874878 3.1583809852600098 1.8953737020492554 2.574535608291626 1.2029834985733032 2.0672266483306885
228 3.4795470237731934 3.075187921524048 2.113168239593506 2.734044075012207 1.425453543663025 1.8470293283462524
229 3.3404793739318848 2.8468217849731445 2.309030055999756 2.4252634048461914 1.645946979522705 2.064258098602295
230 3.5356199741363525 3.0811331272125244 2.2982404232025146 2.491194486618042 1.6887184381484985 2.174225330352783
231 3.344478130340576 2.7999300956726074 2.1535301208496094 2.1343190670013428 1.3266645669937134 2.2364213466644287
232 3.1642186641693115 2.589514970779419 2.223905086517334 2.189148426055908 1.6307729482650757 2.346637725830078
233 3.6265218257904053 3.1212382316589355 2.5090973377227783 2.1858320236206055 1.9368798732757568 2.3568527698516846
234 3.7509288787841797 3.2996320724487305 2.4395761489868164 2.002084255218506 1.695297122001648 1.9543896913528442
235 3.1261281967163086 2.501952648162842 2.3365654945373535 2.280156373977661 1.7784558534622192 2.0514650344848633
236 3.950969934463501 3.5848302841186523 2.150486469268799 2.6072545051574707 1.4049789905548096 2.3805623054504395
237 3.2814440727233887 2.725928544998169 2.1519699096679688 2.535611391067505 1.630570650100708 2.4900565147399902
238 3.7713818550109863 3.362858772277832 1.8481274843215942 2.3559412956237793 1.2699285745620728 2.276582717895508
239 3.080443859100342 2.5292129516601563 2.118893623352051 2.343445062637329 1.6627092361450195 2.165874719619751
240 3.3694510459899902 2.879828929901123 2.0724384784698486 2.3672094345092773 1.28757643699646 2.091322183609009
241 3.7469558715820313 3.2768921852111816 2.498316764831543 2.3474462032318115 1.504275918006897 2.1707253456115723
242 3.4816126823425293 2.975597381591797 2.2820546627044678 2.5116066932678223 1.695639967918396 2.055150270462036
243 3.440558433532715 2.9606516361236572 2.5664143562316895 2.722972869873047 1.5123305320739746 1.9990066289901733
244 3.1697933673858643 2.647578716278076 1.9948575496673584 2.5313663482666016 1.3381879329681396 2.1173551082611084
245 4.107725620269775 3.7386651039123535 2.250653028488159 2.0116841793060303 1.3643773794174194 1.9104183912277222
246 3.4691314697265625 3.003756284713745 2.3390793800354004 2.0923526287078857 1.4055155515670776 2.06797456741333
247 3.237318277359009 2.6610960960388184 2.1960396766662598 2.2582356929779053 1.368265986442566 2.2394540309906006
248 3.4356343746185303 2.978450059890747 2.138617992401123 2.5086045265197754 1.40132474899292 2.326786756515503
249 3.685826063156128 3.3191962242126465 2.3129642009735107 2.624891519546509 1.5813915729522705 2.4130446910858154
250 2.969095230102539 2.3466906547546387 2.0675623416900635 2.23519229888916 1.2352633476257324 2.095285177230835
251 3.5685486793518066 3.1371405124664307 2.4113075733184814 2.2346644401550293 1.199206829071045 2.142303705215454
252 3.512080669403076 3.0190441608428955 2.398261547088623 2.265657424926758 1.4835399389266968 2.2562479972839355
253 3.4641683101654053 2.992047071456909 2.5329654216766357 2.0931479930877686 1.3071438074111938 2.260028839111328
254 3.4784789085388184 2.9987192153930664 2.715604782104492 2.195239782333374 1.7877310514450073 2.2300117015838623
255 3.91079044342041 3.592395067214966 2.6908071041107178 2.152265787124634 1.2384769916534424 2.2751846313476563
256 3.672745704650879 3.274568557739258 2.784022569656372 2.5441954135894775 1.48701810836792 2.4467718601226807
257 3.6700973510742188 3.283094882965088 2.7150051593780518 2.4978034496307373 1.4834027290344238 2.3525707721710205
258 3.739198684692383 3.4013617038726807 2.719370126724243 2.773651123046875 1.2954366207122803 2.412660837173462
259 3.6746644973754883 3.1834170818328857 2.6641249656677246 2.511462688446045 1.4611423015594482 2.050414800643921
260 3.380549669265747 2.850269079208374 2.2623250484466553 2.298788070678711 1.2658618688583374 1.7539525032043457
261 3.818000078201294 3.423670530319214 2.5467660427093506 2.1411075592041016 1.1411588191986084 1.6654412746429443
262 3.6927056312561035 3.2393851280212402 2.5198562145233154 2.4205751419067383 1.1425443887710571 1.7608546018600464
263 4.120926380157471 3.744872570037842 2.44814395904541 2.1284101009368896 1.2136926651000977 2.0055012702941895
264 3.8256657123565674 3.47347092628479 2.7751362323760986 2.536449670791626 1.5147062540054321 2.2448155879974365
265 3.8025379180908203 3.467482805252075 2.4123494625091553 2.5541467666625977 1.2868813276290894 2.6256160736083984
266 3.701216697692871 3.3239312171936035 2.626862049102783 2.6397149562835693 1.8802717924118042 2.7443978786468506
267 3.9508464336395264 3.5691375732421875 2.7043941020965576 2.7351582050323486 1.713427186012268 3.1744272708892822
268 4.129907608032227 3.8301053047180176 2.531132459640503 2.6391890048980713 1.380674958229065 2.8697619438171387
269 3.8422000408172607 3.561471462249756 2.9288761615753174 2.8052597045898438 1.403824806213379 2.823870897293091
270 3.9278807640075684 3.6796112060546875 2.883659839630127 2.9111719131469727 1.2506694793701172 3.2713708877563477
271 3.604011058807373 3.20245361328125 2.8406436443328857 2.4220285415649414 1.4551610946655273 2.4479916095733643
272 3.593798875808716 3.2051355838775635 2.7101218700408936 3.032388925552368 1.3688777685165405 3.376704454421997
273 3.6972744464874268 3.266404867172241 2.5966310501098633 2.7093098163604736 1.364096760749817 3.0145843029022217
274 3.5410709381103516 3.0645108222961426 2.4237067699432373 2.5376994609832764 1.1937108039855957 2.6631417274475098
275 4.15518045425415 3.8636181354522705 2.786923408508301 2.63805890083313 1.2381857633590698 3.0245819091796875
276 4.100288391113281 3.817845106124878 2.673414707183838 2.6392719745635986 1.3116289377212524 3.0108025074005127
277 3.63387393951416 3.2453505992889404 2.340491771697998 2.8735451698303223 1.2649269104003906 2.9739227294921875
278 3.445322275161743 3.049992084503174 2.6525626182556152 2.576085090637207 1.2663345336914063 2.9287784099578857
279 3.761538505554199 3.4229373931884766 2.5247395038604736 2.690135955810547 1.2272275686264038 2.695786476135254
280 3.98903226852417 3.7337541580200195 2.626084566116333 2.818481683731079 1.139840841293335 2.9008259773254395
281 3.8717265129089355 3.5267746448516846 2.726719379425049 2.6001393795013428 1.432185173034668 2.7787938117980957
282 3.738834857940674 3.4099981784820557 2.5811679363250732 3.1081161499023438 1.4090397357940674 3.2794651985168457
283 3.58353853225708 3.265763998031616 3.125760793685913 2.9935145378112793 1.4209009408950806 3.173327684402466
284 3.514746904373169 3.1547811031341553 2.794602394104004 2.91567063331604 1.3868542909622192 3.2973878383636475
285 3.4202370643615723 3.0955638885498047 2.9040870666503906 2.5174977779388428 1.3016220331192017 2.4973151683807373
286 3.819340944290161 3.517770767211914 2.9335639476776123 2.587883234024048 1.3587826490402222 2.6168251037597656
287 4.014238357543945 3.777451515197754 2.808987617492676 2.9682061672210693 1.2260555028915405 2.849745273590088
288 4.530818462371826 4.3710103034973145 3.162426710128784 3.2038493156433105 1.1578766107559204 3.3328123092651367
289 3.6904327869415283 3.3249435424804688 2.95233416557312 2.609321117401123 1.2804819345474243 2.8254892826080322
290 3.78837513923645 3.445892572402954 2.875870704650879 2.8430116176605225 1.3487987518310547 2.7764174938201904
291 4.152331829071045 3.9015164375305176 2.9015088081359863 2.56498384475708 1.3948959112167358 2.632124423980713
292 3.4215121269226074 3.0272579193115234 2.719651460647583 2.6693432331085205 1.2035181522369385 3.0573599338531494
293 3.6121740341186523 3.226219892501831 2.848221778869629 2.648503303527832 1.3300061225891113 2.517502546310425
294 4.521450519561768 4.313461780548096 3.126466989517212 2.4616382122039795 1.5554848909378052 2.9449944496154785
295 3.757279396057129 3.4179434776306152 3.1289618015289307 2.4211528301239014 1.4134039878845215 2.43445086479187
296 3.937267780303955 3.630537509918213 3.2272913455963135 2.4790968894958496 1.6420912742614746 2.8203256130218506
297 4.011463642120361 3.717428684234619 3.1796844005584717 2.3950443267822266 1.5814207792282104 2.435493230819702
298 4.738981246948242 4.527653694152832 3.3398351669311523 2.574705123901367 1.618318796157837 2.2270586490631104
299 3.667175054550171 3.251744508743286 3.624610185623169 2.369084596633911 1.9083366394042969 2.6817262172698975
300 3.934518337249756 3.534787893295288 3.537256956100464 2.4902830123901367 1.8289151191711426 2.7700583934783936
301 3.878558874130249 3.4826786518096924 3.6308672428131104 2.513016700744629 1.8010629415512085 2.8743724822998047
302 3.790632486343384 3.3184258937835693 3.5559847354888916 2.564363479614258 1.7059800624847412 2.667837619781494
303 3.5536231994628906 3.062439441680908 3.2653937339782715 2.5574114322662354 1.6367806196212769 2.48118257522583
304 3.8145413398742676 3.4114160537719727 3.459357500076294 2.7840800285339355 1.8713421821594238 2.8604471683502197
305 4.252247333526611 3.8912770748138428 3.371260404586792 2.7547497749328613 1.8131886720657349 2.709096908569336
306 3.9199588298797607 3.611140251159668 3.244304895401001 3.167893886566162 1.855907678604126 3.32439923286438
307 3.727613687515259 3.37701153755188 3.3348753452301025 3.1107256412506104 1.8597792387008667 3.0447120666503906
308 3.8402554988861084 3.4621965885162354 3.2231931686401367 3.069960117340088 1.7699222564697266 3.0607426166534424
309 3.6435437202453613 3.206982135772705 3.1939072608947754 2.9327144622802734 2.1965765953063965 3.084258794784546
310 3.8917994499206543 3.5556864738464355 2.993156671524048 2.8268370628356934 1.3038665056228638 3.0702972412109375
311 3.7087366580963135 3.2712106704711914 2.9592881202697754 2.9653189182281494 1.6412272453308105 3.1724090576171875
312 3.644937753677368 3.154343843460083 2.9285478591918945 2.555086612701416 1.6805626153945923 2.7714195251464844
313 3.878758668899536 3.3856866359710693 3.435377597808838 2.839141368865967 2.1649084091186523 3.0056471824645996
314 3.6702070236206055 3.1969220638275146 3.008141279220581 2.7570302486419678 1.7224026918411255 3.070868968963623
315 3.83052134513855 3.326201915740967 3.3068974018096924 2.705962896347046 1.9289591312408447 3.031683921813965
316 3.6155014038085938 3.079041004180908 2.823970079421997 2.9868195056915283 1.7332510948181152 2.84733247756958
317 3.7166290283203125 3.2074992656707764 3.0059008598327637 2.925778388977051 1.6088811159133911 3.12786865234375
318 3.557835578918457 3.062784194946289 2.7147858142852783 2.749452829360962 1.4955973625183105 2.7685515880584717
319 3.4903037548065186 2.9631240367889404 2.553816318511963 2.9044594764709473 1.2582899332046509 2.904888391494751
320 3.7773022651672363 3.3140532970428467 2.9222962856292725 3.147624969482422 1.5568088293075562 3.0130209922790527
321 3.711862802505493 3.2355008125305176 2.644754648208618 3.082388401031494 1.0179078578948975 3.111989736557007
322 3.5703606605529785 3.0458555221557617 2.942885637283325 2.8810107707977295 1.6640360355377197 3.044219970703125
323 3.898380994796753 3.465949773788452 3.225215196609497 3.114114284515381 1.6276358366012573 2.9144418239593506
324 3.818129777908325 3.3422110080718994 2.8485751152038574 3.004882574081421 1.3373148441314697 2.9603421688079834
325 3.775963068008423 3.394867181777954 3.077801465988159 3.021286725997925 1.5537657737731934 3.0864689350128174
326 4.215517520904541 3.912154197692871 3.176931381225586 2.8403711318969727 1.5628564357757568 2.821596145629883
327 4.039638996124268 3.6397058963775635 3.1459193229675293 2.793433666229248 1.853703260421753 2.9548165798187256
328 3.7534849643707275 3.319613218307495 3.038182497024536 2.4860408306121826 1.7092678546905518 2.621349573135376
329 3.806532144546509 3.3817405700683594 3.2450995445251465 2.915700912475586 1.7930728197097778 2.7669625282287598
330 3.918168783187866 3.5127816200256348 3.4521830081939697 2.5066640377044678 2.1437435150146484 2.5968081951141357
331 3.64503812789917 3.096435546875 3.183493137359619 2.74479341506958 2.1005539894104004 2.932499647140503
332 3.5621330738067627 3.0150258541107178 2.7200331687927246 2.824054718017578 1.633404016494751 3.063014268875122
333 3.539703369140625 2.9819326400756836 2.9774768352508545 2.5338590145111084 1.6469006538391113 2.858593702316284
334 3.7658162117004395 3.251775026321411 3.308391809463501 2.5314762592315674 2.042522668838501 2.5534520149230957
335 3.6882667541503906 3.229795217514038 2.747580051422119 2.853140115737915 1.2465039491653442 3.2698094844818115
336 4.122416973114014 3.76141357421875 2.916757345199585 2.9401566982269287 1.4685282707214355 3.2698311805725098
337 3.6515088081359863 3.203219413757324 2.8869664669036865 2.988748550415039 1.3298118114471436 3.3728408813476563
338 3.7077796459198 3.2300527095794678 2.613975763320923 2.924729585647583 1.263158917427063 3.3024866580963135
339 3.5697615146636963 3.0679237842559814 2.7359306812286377 3.134589910507202 1.2557921409606934 3.1220169067382813
340 3.50758695602417 3.034189224243164 2.6877405643463135 2.877002716064453 1.1903448104858398 3.1033058166503906
341 3.5792107582092285 3.0974204540252686 2.970392942428589 2.9240643978118896 1.3121670484542847 3.365337610244751
342 3.5034303665161133 3.0261335372924805 2.8542568683624268 2.5367047786712646 1.1681729555130005 2.944628953933716
343 3.7127737998962402 3.3120102882385254 3.160433053970337 2.8498919010162354 1.4573992490768433 3.2421553134918213
344 3.457329273223877 2.8903753757476807 2.8122031688690186 2.6307730674743652 1.5079816579818726 3.262455701828003
345 3.681215286254883 3.3405845165252686 2.9251468181610107 2.996673583984375 1.2930631637573242 2.987363338470459
346 3.7514517307281494 3.3202364444732666 2.645651340484619 2.7279043197631836 1.3681397438049316 3.0109550952911377
347 4.2034912109375 3.8112199306488037 3.1166083812713623 2.811452865600586 1.6795411109924316 3.3846187591552734
348 4.237199306488037 3.866034507751465 3.1375794410705566 2.8029510974884033 1.8245174884796143 2.9711461067199707
349 4.315591812133789 4.006796360015869 2.85482120513916 2.7723195552825928 1.5210756063461304 2.9715027809143066
350 3.653425931930542 3.2814950942993164 3.285137891769409 2.4092721939086914 1.9567421674728394 2.6225790977478027
351 3.413902759552002 2.85941743850708 2.846048355102539 2.419084072113037 1.7101707458496094 2.352186918258667
352 3.541531801223755 2.98586106300354 2.9277596473693848 2.873047351837158 1.9567961692810059 2.417316198348999
353 3.4876019954681396 3.071223497390747 2.785884141921997 2.98921275138855 1.2867236137390137 2.3574132919311523
354 3.963303804397583 3.584334373474121 2.880089521408081 2.6603591442108154 1.170691728591919 1.9689042568206787
355 3.8336517810821533 3.393946409225464 2.6069939136505127 2.5720980167388916 1.0758212804794312 2.430070638656616
356 4.559344291687012 4.233771324157715 2.730013132095337 2.449674367904663 1.3305851221084595 2.4129726886749268
357 3.3827269077301025 2.816715717315674 2.584930896759033 2.4448704719543457 1.3658396005630493 2.5753793716430664
358 3.499494791030884 3.0057950019836426 2.60241961479187 2.2319283485412598 1.3475819826126099 2.4295904636383057
359 3.2694923877716064 2.605823040008545 2.8320114612579346 2.1526126861572266 1.7090275287628174 2.1398210525512695
360 3.400726079940796 2.8306782245635986 2.96236515045166 2.240813732147217 1.7703933715820313 2.3084778785705566
361 3.39156174659729 2.732592821121216 2.8989593982696533 1.9990788698196411 1.418947696685791 1.9607950448989868
362 3.760432720184326 3.237100124359131 3.0109713077545166 2.303340196609497 1.7602057456970215 2.6291396617889404
363 3.6237924098968506 3.0712835788726807 2.9188051223754883 2.3347458839416504 1.486674189567566 2.2176618576049805
364 3.449145555496216 2.9503962993621826 2.7295501232147217 2.264277219772339 1.5432809591293335 2.229949712753296
365 3.572054147720337 3.035292148590088 2.9454379081726074 2.829171657562256 1.8264926671981812 2.158195734024048
366 3.432340383529663 2.8343377113342285 2.9825453758239746 2.484992027282715 1.7709624767303467 2.367318868637085
367 3.564038038253784 3.038543224334717 2.8095288276672363 3.0559980869293213 1.7017024755477905 2.188582181930542
368 3.748114824295044 3.3143482208251953 2.6394593715667725 3.218618631362915 1.405364751815796 2.487308979034424
369 3.9102721214294434 3.563037157058716 2.926447629928589 3.398615598678589 1.59907865524292 2.226170778274536
370 3.590139150619507 3.1472113132476807 2.654961585998535 3.1415724754333496 1.3177509307861328 2.0409953594207764
371 3.9414796829223633 3.6010799407958984 3.1429710388183594 2.882627487182617 1.8334548473358154 2.375889778137207
372 3.809521436691284 3.2874844074249268 3.0983099937438965 2.3495657444000244 1.937206745147705 2.227339506149292
373 3.7701680660247803 3.320655584335327 3.069664716720581 2.8028311729431152 1.949985384941101 2.28181529045105
374 3.530216693878174 2.923696994781494 3.134002923965454 2.2286574840545654 2.1583876609802246 2.2141246795654297
375 3.533859968185425 2.9006645679473877 2.9971466064453125 2.313077449798584 1.9996297359466553 2.244436264038086
376 3.813370943069458 3.3759140968322754 3.210548162460327 2.254897356033325 2.2631545066833496 2.211087942123413
377 3.4035239219665527 2.916766405105591 2.799285650253296 2.366684675216675 1.571267008781433 2.2653751373291016
378 3.4972026348114014 2.991497278213501 2.735900402069092 2.5089495182037354 1.4490247964859009 2.291529893875122
379 3.398986577987671 2.8047170639038086 2.795297622680664 2.0907530784606934 1.7121013402938843 2.2678539752960205
380 3.463244915008545 2.9090542793273926 2.9306418895721436 2.2813429832458496 1.7598350048065186 2.325575351715088
381 3.847745895385742 3.460977554321289 3.326753854751587 2.3997247219085693 1.949276328086853 2.539184093475342
382 3.347511053085327 2.753283977508545 2.5685691833496094 2.372678279876709 1.515181303024292 2.249194860458374
383 3.9256906509399414 3.4961163997650146 2.675281047821045 2.1731464862823486 1.6031324863433838 2.3752098083496094
384 4.277904033660889 3.83729887008667 2.963820695877075 2.3601720333099365 1.7208644151687622 2.3479950428009033
385 4.093460559844971 3.7650604248046875 3.051450252532959 2.6599009037017822 1.483282208442688 2.343949556350708
386 4.000829219818115 3.689126968383789 2.8836021423339844 2.5023016929626465 1.4460628032684326 2.731898307800293
387 3.741492509841919 3.329171657562256 2.984632730484009 2.757506847381592 1.5847042798995972 2.736398935317993
388 3.912651300430298 3.5382466316223145 3.010791540145874 2.615445137023926 1.4161279201507568 2.7834396362304688
389 3.944131374359131 3.625819444656372 2.851964235305786 2.3645293712615967 1.4941518306732178 2.7922263145446777
390 3.973081111907959 3.6226894855499268 2.7722067832946777 2.7476367950439453 1.4504929780960083 3.3958659172058105
391 3.9041361808776855 3.4998414516448975 2.771714687347412 2.45981502532959 1.5212459564208984 2.647458791732788
392 3.5956528186798096 3.1982452869415283 3.0042834281921387 2.7216742038726807 1.3585960865020752 2.822600841522217
393 3.7606163024902344 3.3915438652038574 2.9561753273010254 3.1940181255340576 1.6540062427520752 3.438530206680298
394 3.6923868656158447 3.220999002456665 3.060112237930298 3.124008893966675 1.5338200330734253 2.8591678142547607
395 3.3751087188720703 2.75640869140625 2.9486782550811768 2.3128340244293213 1.5181949138641357 2.4595444202423096
396 3.5394420623779297 3.003408193588257 3.017465829849243 2.83736515045166 1.4337269067764282 3.451023817062378
397 3.4675686359405518 2.8390209674835205 2.8039793968200684 2.679572105407715 1.670358419418335 2.8503239154815674
398 3.51717209815979 2.9313807487487793 2.763948917388916 2.5810201168060303 1.6926164627075195 2.6397197246551514
399 3.376084089279175 2.7273526191711426 3.065520763397217 2.1919162273406982 1.8860282897949219 2.3163340091705322
400 3.3798398971557617 2.8108596801757813 3.147752523422241 2.196579933166504 1.8368005752563477 2.228368043899536
401 3.381181478500366 2.850846767425537 3.2902162075042725 2.1316332817077637 1.4459633827209473 1.957375407218933
402 3.663227081298828 3.1508595943450928 3.1575725078582764 2.713035821914673 1.914976954460144 2.554229259490967
403 3.4795703887939453 2.9514989852905273 3.3919601440429688 2.1183245182037354 1.7350046634674072 2.1798782348632813
404 3.694463014602661 3.213636875152588 3.3963913917541504 2.4563047885894775 1.7802246809005737 2.5913608074188232
405 3.5060954093933105 3.016096591949463 3.3281948566436768 2.428191661834717 1.8185019493103027 2.008688449859619
406 3.14890193939209 2.5188310146331787 2.79544734954834 2.0607826709747314 1.575790524482727 1.8271830081939697
407 3.3937134742736816 2.8378071784973145 3.0320167541503906 2.422386884689331 1.6513491868972778 2.4273173809051514
408 3.5026895999908447 2.9000914096832275 3.3976359367370605 2.013597249984741 2.1667559146881104 1.9943653345108032
409 3.5329341888427734 2.922093391418457 3.136711359024048 2.1615147590637207 1.975286841392517 2.2879483699798584
410 3.718508005142212 3.1852896213531494 3.1849353313446045 2.2829790115356445 1.9068589210510254 2.5824334621429443
411 4.090400695800781 3.688138008117676 3.335977554321289 2.4122583866119385 1.7328259944915771 2.781231641769409
412 3.5485963821411133 3.0214734077453613 2.9658048152923584 2.2350687980651855 1.451820969581604 2.401118040084839
413 3.532029390335083 2.8588240146636963 3.0401148796081543 2.1074352264404297 1.6587642431259155 2.0663881301879883
414 3.620070219039917 3.0356054306030273 3.312263011932373 2.2977242469787598 2.213545083999634 2.407174825668335
415 3.63600492477417 3.010894775390625 3.168149709701538 2.3552842140197754 1.9165414571762085 2.4026920795440674
416 3.542876720428467 2.9060919284820557 3.1397387981414795 2.2392635345458984 1.8373372554779053 2.3205974102020264
417 3.551321029663086 3.046449661254883 3.334635019302368 2.2231156826019287 2.0909976959228516 2.440002679824829
418 3.3668437004089355 2.8035261631011963 3.123100519180298 2.2861275672912598 1.552527666091919 2.391206979751587
419 3.481245756149292 2.9030814170837402 3.1839373111724854 2.3656539916992188 1.8807731866836548 2.2934088706970215
420 3.721384048461914 3.2038462162017822 3.162792682647705 2.5227677822113037 2.0685462951660156 2.635793924331665
421 3.607170820236206 3.009129285812378 3.025811195373535 2.573272228240967 1.7620846033096313 2.673513650894165
