1 	 12.913139343261719
2 	 11.057299613952637
3 	 9.1887788772583
4 	 7.591742992401123
5 	 5.713221073150635
6 	 5.35723876953125
7 	 4.237890720367432
8 	 3.4434101581573486
9 	 1.9713245630264282
10 	 1.9397358894348145
11 	 1.34931480884552
12 	 1.154477834701538
13 	 1.2618908882141113
14 	 1.071290373802185
15 	 1.1085844039916992
16 	 1.2750916481018066
17 	 1.1989704370498657
18 	 1.2459396123886108
19 	 1.096449613571167
20 	 1.1446033716201782
21 	 1.179403305053711
22 	 0.990036129951477
23 	 0.9817220568656921
24 	 1.0398073196411133
25 	 1.2036335468292236
26 	 1.1510279178619385
27 	 1.469982385635376
28 	 1.4932713508605957
29 	 1.2334312200546265
30 	 1.3131861686706543
31 	 0.9745585918426514
32 	 0.8785427808761597
33 	 0.7782992720603943
34 	 0.9090742468833923
35 	 1.030781865119934
36 	 0.919856607913971
37 	 0.8230754137039185
38 	 0.9671465158462524
39 	 1.015002965927124
40 	 1.0178180932998657
41 	 0.875866174697876
42 	 0.7884864211082458
43 	 0.8989139795303345
44 	 0.9420406818389893
45 	 0.8396680355072021
46 	 0.8252810835838318
47 	 1.0116021633148193
48 	 0.8672567009925842
49 	 0.8427699208259583
50 	 0.8070388436317444
51 	 1.0863057374954224
52 	 1.0210602283477783
53 	 0.9654250741004944
54 	 0.7276357412338257
55 	 0.7103800773620605
56 	 0.6726058721542358
57 	 0.7191600799560547
58 	 0.6930248737335205
59 	 0.5812195539474487
60 	 0.6492889523506165
61 	 0.7998456954956055
62 	 0.799868106842041
63 	 0.8370775580406189
64 	 0.9349337220191956
65 	 1.5003677606582642
66 	 1.3613773584365845
67 	 1.4575735330581665
68 	 1.5743635892868042
69 	 2.10420823097229
70 	 2.438032865524292
71 	 2.452967882156372
72 	 2.176804304122925
73 	 1.970632553100586
74 	 1.1948317289352417
75 	 0.8487072587013245
76 	 0.7633703351020813
77 	 0.6130414605140686
78 	 0.5539557933807373
79 	 0.5583868026733398
80 	 0.6134172081947327
81 	 0.6833578944206238
82 	 0.7887228727340698
83 	 0.754925012588501
84 	 0.6390701532363892
85 	 0.696825385093689
86 	 0.7885466814041138
87 	 0.723086416721344
88 	 0.6798010468482971
89 	 0.7781937122344971
90 	 0.8820779919624329
91 	 0.7438169717788696
92 	 0.7055716514587402
93 	 0.8047248125076294
94 	 0.9378681182861328
95 	 1.0518598556518555
96 	 1.031189203262329
97 	 1.207374095916748
98 	 1.6300468444824219
99 	 1.9706634283065796
100 	 2.1216893196105957
101 	 2.1047556400299072
102 	 1.3702125549316406
103 	 1.775896430015564
104 	 1.4538753032684326
105 	 1.3264000415802002
106 	 1.8857883214950562
107 	 1.4427871704101563
108 	 1.0886753797531128
109 	 0.8692877292633057
110 	 1.2553666830062866
111 	 0.9703335165977478
112 	 0.8493356108665466
113 	 0.8237000107765198
114 	 0.9066537022590637
115 	 0.9762948751449585
116 	 1.1627527475357056
117 	 1.0549479722976685
118 	 0.9503204226493835
119 	 1.376537799835205
120 	 2.3820765018463135
121 	 2.934659242630005
122 	 2.0491132736206055
123 	 1.484032154083252
124 	 1.146081805229187
125 	 1.4837391376495361
126 	 1.2263370752334595
127 	 1.263971209526062
128 	 0.9504957795143127
129 	 0.8255220651626587
130 	 0.9440910220146179
131 	 0.8303821682929993
132 	 0.6726681590080261
133 	 0.5842945575714111
134 	 0.48794469237327576
135 	 0.46431782841682434
136 	 0.46158474683761597
137 	 0.512483537197113
138 	 0.5106747150421143
139 	 0.5372900366783142
140 	 0.5692910552024841
141 	 0.6723279356956482
142 	 0.854060173034668
143 	 0.6423418521881104
144 	 0.5700721740722656
145 	 0.5752190947532654
146 	 0.6460539102554321
147 	 0.7022156715393066
148 	 0.6814947128295898
149 	 0.6321429014205933
150 	 0.7205925583839417
151 	 0.7758308053016663
152 	 0.800823986530304
153 	 0.6605737209320068
154 	 0.6134394407272339
155 	 0.7073310017585754
156 	 0.7070195078849792
157 	 0.6456483006477356
158 	 0.6956968307495117
159 	 0.7840147614479065
160 	 0.7612317204475403
161 	 0.7420216202735901
162 	 0.8148975372314453
163 	 0.9110926985740662
164 	 0.904413104057312
165 	 0.8184071779251099
166 	 0.9572091102600098
167 	 1.1652538776397705
168 	 1.1894910335540771
169 	 1.4636013507843018
170 	 1.6297929286956787
171 	 1.603398084640503
172 	 1.1793767213821411
173 	 0.9972734451293945
174 	 0.7702494859695435
175 	 0.7832802534103394
176 	 0.6754611134529114
177 	 0.6717687845230103
178 	 0.7343760132789612
179 	 0.8149964809417725
180 	 1.065494179725647
181 	 1.1761667728424072
182 	 1.1976398229599
183 	 1.5027899742126465
184 	 1.6729028224945068
185 	 1.7116776704788208
186 	 1.3085793256759644
187 	 1.1453852653503418
188 	 1.3821218013763428
189 	 1.2698473930358887
190 	 0.9692026376724243
191 	 1.1467102766036987
192 	 1.325529932975769
193 	 1.198462963104248
194 	 1.0980225801467896
195 	 0.8449007868766785
196 	 0.8962908387184143
197 	 0.9581255316734314
198 	 1.365706443786621
199 	 1.130528211593628
200 	 1.2042003870010376
201 	 1.745207667350769
202 	 1.5283795595169067
203 	 1.4384078979492188
204 	 1.269219994544983
205 	 1.0916552543640137
206 	 1.11347496509552
207 	 1.0796401500701904
208 	 0.9943236112594604
209 	 0.9538926482200623
210 	 0.9264225363731384
211 	 1.0017870664596558
212 	 0.9318317770957947
213 	 0.8719207644462585
214 	 0.8248133063316345
215 	 0.8098856806755066
216 	 0.7268528342247009
217 	 0.6533341407775879
218 	 0.5993542671203613
219 	 0.7214704751968384
220 	 0.5834465026855469
221 	 0.5723432898521423
222 	 0.6520723700523376
223 	 0.7818618416786194
224 	 0.945470929145813
225 	 1.0377599000930786
226 	 0.966593325138092
227 	 1.0688540935516357
228 	 0.6967418193817139
229 	 0.6006735563278198
230 	 0.5215127468109131
231 	 0.5252297520637512
232 	 0.5324299931526184
233 	 0.5372120141983032
234 	 0.7039873003959656
235 	 0.667300283908844
236 	 0.5891393423080444
237 	 0.5124266743659973
238 	 0.5021032691001892
239 	 0.5104725956916809
240 	 0.4929041266441345
241 	 0.4702059030532837
242 	 0.48083600401878357
243 	 0.6952803730964661
244 	 0.9294646382331848
245 	 1.1257474422454834
246 	 1.1670807600021362
247 	 1.0257716178894043
248 	 1.0443981885910034
249 	 0.7989262342453003
250 	 0.8141152858734131
251 	 0.8436110615730286
252 	 0.6704420447349548
253 	 0.6311939358711243
254 	 0.7156358957290649
255 	 0.7087191343307495
256 	 0.616425633430481
257 	 0.6601243019104004
258 	 0.7827224135398865
259 	 0.7337049841880798
260 	 0.6159968972206116
261 	 0.6880695223808289
262 	 0.7496189475059509
263 	 0.7299346923828125
264 	 0.717814564704895
265 	 0.8018946647644043
266 	 0.8282135128974915
267 	 0.7947070598602295
268 	 0.9070048332214355
269 	 1.0916569232940674
270 	 1.1495440006256104
271 	 1.0448170900344849
272 	 0.7810621857643127
273 	 0.7321480512619019
274 	 0.579434335231781
275 	 0.5875328183174133
276 	 0.6831793785095215
277 	 0.7348201870918274
278 	 0.8471176624298096
279 	 0.8362095952033997
280 	 0.6877492666244507
281 	 0.606751561164856
282 	 0.5496429204940796
283 	 0.5626533627510071
284 	 0.5457759499549866
285 	 0.6091814637184143
286 	 0.6650035977363586
287 	 0.6716587543487549
288 	 0.7682778239250183
289 	 0.6741399168968201
290 	 0.6506984233856201
291 	 0.592401921749115
292 	 0.555012047290802
293 	 0.5843238234519958
294 	 0.5283136963844299
295 	 0.5002906918525696
296 	 0.49415016174316406
297 	 0.6618210077285767
298 	 0.6567394733428955
299 	 0.7924607992172241
300 	 0.8526633977890015
301 	 1.0124492645263672
302 	 1.0420377254486084
303 	 1.3437702655792236
304 	 1.217421531677246
305 	 1.091191053390503
306 	 1.1651972532272339
307 	 1.3800936937332153
308 	 1.3458691835403442
309 	 1.5621219873428345
310 	 1.4463402032852173
311 	 1.1694434881210327
312 	 1.1981072425842285
313 	 1.2521843910217285
314 	 1.0620062351226807
315 	 0.9245482087135315
316 	 1.070356845855713
317 	 1.1190792322158813
318 	 1.012342095375061
319 	 0.9879814386367798
320 	 0.7662690877914429
321 	 0.8251334428787231
322 	 0.9101192355155945
323 	 1.1782602071762085
324 	 1.8792798519134521
325 	 3.401434898376465
326 	 5.544000148773193
327 	 7.466960906982422
328 	 7.79107666015625
329 	 7.520898342132568
330 	 6.385666847229004
331 	 5.920307636260986
332 	 5.901183605194092
333 	 4.324254035949707
334 	 3.2319366931915283
335 	 2.223027467727661
336 	 1.284217357635498
337 	 0.9302279353141785
338 	 0.8136712908744812
339 	 0.6787267923355103
340 	 0.5861461162567139
341 	 0.6087382435798645
342 	 0.8321095108985901
343 	 0.9032771587371826
344 	 0.753822922706604
345 	 0.6940708160400391
346 	 0.7808394432067871
347 	 0.7017922401428223
348 	 0.6454440355300903
349 	 0.574779212474823
350 	 0.641470193862915
351 	 0.698512613773346
352 	 0.6458246111869812
353 	 0.5823049545288086
354 	 0.6523424983024597
355 	 0.7395285367965698
356 	 0.6829847097396851
357 	 0.6860571503639221
358 	 0.7407035231590271
359 	 0.7541126012802124
360 	 0.7401441335678101
361 	 0.8114581108093262
362 	 0.853090763092041
363 	 0.8588025569915771
364 	 0.9069672226905823
365 	 1.033263087272644
366 	 1.067590355873108
367 	 1.1681357622146606
368 	 1.366974115371704
369 	 1.4295648336410522
370 	 1.4985262155532837
371 	 1.7197543382644653
372 	 1.9606281518936157
373 	 1.995477557182312
374 	 1.8498966693878174
375 	 1.8264509439468384
376 	 1.510243535041809
377 	 1.8188031911849976
378 	 1.8291258811950684
379 	 1.4052953720092773
380 	 1.4528594017028809
381 	 1.6686311960220337
382 	 2.745488405227661
383 	 3.971950054168701
384 	 5.731200218200684
