1 	 11.320188522338867
2 	 9.265082359313965
3 	 7.504509925842285
4 	 5.771787166595459
5 	 4.038478374481201
6 	 3.2895350456237793
7 	 2.0815000534057617
8 	 2.108257293701172
9 	 2.1256027221679688
10 	 2.136533498764038
11 	 1.7630767822265625
12 	 1.5845123529434204
13 	 1.5996025800704956
14 	 1.4583617448806763
15 	 1.3509451150894165
16 	 1.5449861288070679
17 	 1.4278236627578735
18 	 1.4302279949188232
19 	 1.2583575248718262
20 	 1.3231922388076782
21 	 1.398898959159851
22 	 1.2215454578399658
23 	 1.1940032243728638
24 	 1.2199398279190063
25 	 1.435575246810913
26 	 1.308240532875061
27 	 1.666504979133606
28 	 1.6954139471054077
29 	 1.3401353359222412
30 	 1.3688937425613403
31 	 1.0837639570236206
32 	 0.9933125376701355
33 	 0.851669192314148
34 	 1.0428035259246826
35 	 1.1724817752838135
36 	 1.0171289443969727
37 	 0.9172137379646301
38 	 1.045028567314148
39 	 1.0886799097061157
40 	 1.1312841176986694
41 	 0.9727739691734314
42 	 0.9079640507698059
43 	 1.0338890552520752
44 	 1.0622081756591797
45 	 0.9036392569541931
46 	 0.9575240015983582
47 	 1.0115268230438232
48 	 0.8650441765785217
49 	 0.7555204629898071
50 	 0.7239972949028015
51 	 0.9287400841712952
52 	 0.8648239970207214
53 	 0.8342134356498718
54 	 0.6570833325386047
55 	 0.7211328744888306
56 	 0.7508370280265808
57 	 0.8273348808288574
58 	 0.7545439004898071
59 	 0.6291505694389343
60 	 0.7291181683540344
61 	 0.8734289407730103
62 	 0.9215144515037537
63 	 0.9351856112480164
64 	 1.03165602684021
65 	 1.3004002571105957
66 	 1.397101640701294
67 	 1.5702162981033325
68 	 1.7908121347427368
69 	 2.247908115386963
70 	 2.6747496128082275
71 	 2.81307053565979
72 	 2.6829750537872314
73 	 1.8479987382888794
74 	 1.1324524879455566
75 	 0.8823959231376648
76 	 0.8689039945602417
77 	 0.6978714466094971
78 	 0.590657651424408
79 	 0.5394155383110046
80 	 0.5927061438560486
81 	 0.6361287832260132
82 	 0.7891481518745422
83 	 0.7639420032501221
84 	 0.6081028580665588
85 	 0.6855219602584839
86 	 0.7868137955665588
87 	 0.7287487983703613
88 	 0.7013158202171326
89 	 0.78727787733078
90 	 0.8486814498901367
91 	 0.7481555938720703
92 	 0.72825026512146
93 	 0.8512690663337708
94 	 0.9330906271934509
95 	 0.8421602249145508
96 	 0.8206448554992676
97 	 1.0370289087295532
98 	 1.1271800994873047
99 	 1.0400162935256958
100 	 1.1857258081436157
101 	 1.9759587049484253
102 	 4.343379497528076
103 	 2.912757396697998
104 	 2.1937901973724365
105 	 2.2954535484313965
106 	 2.781280994415283
107 	 2.02577805519104
108 	 1.5237038135528564
109 	 1.3434734344482422
110 	 2.213268280029297
111 	 2.6018738746643066
112 	 2.623668909072876
113 	 1.6791900396347046
114 	 1.5921860933303833
115 	 1.6803935766220093
116 	 1.8584011793136597
117 	 2.094599962234497
118 	 1.7048016786575317
119 	 2.8810389041900635
120 	 3.0672457218170166
121 	 3.428988218307495
122 	 3.1050329208374023
123 	 2.2016801834106445
124 	 1.5653202533721924
125 	 1.7334593534469604
126 	 1.9589855670928955
127 	 1.4901044368743896
128 	 1.0508064031600952
129 	 1.017214298248291
130 	 1.2257155179977417
131 	 1.051108956336975
132 	 0.9587007164955139
133 	 0.674605667591095
134 	 0.5601064562797546
135 	 0.6126457452774048
136 	 0.6136987209320068
137 	 0.5887835025787354
138 	 0.5323622822761536
139 	 0.564702033996582
140 	 0.6310798525810242
141 	 0.673297107219696
142 	 0.9558312296867371
143 	 0.6847125887870789
144 	 0.6250947117805481
145 	 0.5905265212059021
146 	 0.6831153631210327
147 	 0.763102650642395
148 	 0.7144588232040405
149 	 0.7054659128189087
150 	 0.8576358556747437
151 	 0.8583049178123474
152 	 0.9324765205383301
153 	 0.838732123374939
154 	 0.7505128979682922
155 	 0.7703953981399536
156 	 0.818506121635437
157 	 0.7725775837898254
158 	 0.8075487017631531
159 	 0.8627719879150391
160 	 0.8863407969474792
161 	 0.8714926242828369
162 	 0.9463542699813843
163 	 1.1144461631774902
164 	 1.0611010789871216
165 	 0.9734541177749634
166 	 1.2008845806121826
167 	 1.3754335641860962
168 	 1.4058001041412354
169 	 1.7466081380844116
170 	 1.9529424905776978
171 	 1.973933458328247
172 	 1.2848968505859375
173 	 1.2024657726287842
174 	 1.0260392427444458
175 	 1.0338153839111328
176 	 0.8462523818016052
177 	 0.8508139848709106
178 	 0.8408842086791992
179 	 1.0269206762313843
180 	 1.2426559925079346
181 	 1.3715379238128662
182 	 1.2982362508773804
183 	 1.5365411043167114
184 	 1.7015388011932373
185 	 1.7136942148208618
186 	 1.3594293594360352
187 	 1.2483339309692383
188 	 1.4900424480438232
189 	 1.380483627319336
190 	 1.1068798303604126
191 	 1.3213770389556885
192 	 1.5337973833084106
193 	 1.4077094793319702
194 	 1.3175374269485474
195 	 1.086847186088562
196 	 1.0696961879730225
197 	 1.0599344968795776
198 	 1.4761217832565308
199 	 1.2668410539627075
200 	 1.2599281072616577
201 	 1.8654695749282837
202 	 1.5697791576385498
203 	 1.4305245876312256
204 	 1.2145260572433472
205 	 1.0348281860351563
206 	 1.1160963773727417
207 	 1.0972628593444824
208 	 0.9591377973556519
209 	 0.985439121723175
210 	 0.8756288290023804
211 	 1.0250210762023926
212 	 1.0578782558441162
213 	 1.0800387859344482
214 	 1.0903037786483765
215 	 1.079643726348877
216 	 0.8959425687789917
217 	 0.7227562069892883
218 	 0.6803994178771973
219 	 0.7701898217201233
220 	 0.7450612783432007
221 	 0.7703176140785217
222 	 0.8804736137390137
223 	 1.0212675333023071
224 	 1.1899105310440063
225 	 1.3077927827835083
226 	 1.1981139183044434
227 	 1.2444145679473877
228 	 0.811733603477478
229 	 0.80589359998703
230 	 0.668548047542572
231 	 0.6346969604492188
232 	 0.5964272022247314
233 	 0.6095958352088928
234 	 0.752216100692749
235 	 0.7131197452545166
236 	 0.7771391272544861
237 	 0.6173489093780518
238 	 0.5753939747810364
239 	 0.6334623098373413
240 	 0.6337942481040955
241 	 0.6022183895111084
242 	 0.594515323638916
243 	 0.755245566368103
244 	 1.057294249534607
245 	 1.276427984237671
246 	 1.2304753065109253
247 	 1.1332100629806519
248 	 1.21815824508667
249 	 0.8497807383537292
250 	 0.9543502926826477
251 	 0.960257351398468
252 	 0.7293342351913452
253 	 0.7145201563835144
254 	 0.8511693477630615
255 	 0.8078122138977051
256 	 0.6866433620452881
257 	 0.7526255249977112
258 	 0.8228567242622375
259 	 0.6953088045120239
260 	 0.6219252347946167
261 	 0.7159543633460999
262 	 0.7125416398048401
263 	 0.7011430859565735
264 	 0.7059037685394287
265 	 0.8031166195869446
266 	 0.8128336071968079
267 	 0.7943874597549438
268 	 0.9238501787185669
269 	 1.1101000308990479
270 	 1.186301350593567
271 	 1.0825471878051758
272 	 0.8213427066802979
273 	 0.7866605520248413
274 	 0.6125925183296204
275 	 0.5895053744316101
276 	 0.7018997073173523
277 	 0.8918414115905762
278 	 0.9629321694374084
279 	 1.1118353605270386
280 	 0.8878649473190308
281 	 0.7486231923103333
282 	 0.6384070515632629
283 	 0.5933240056037903
284 	 0.5952107310295105
285 	 0.6224458813667297
286 	 0.6182687282562256
287 	 0.6503944396972656
288 	 0.7657119035720825
289 	 0.8495388031005859
290 	 0.8789554238319397
291 	 0.7848193645477295
292 	 0.8174967765808105
293 	 0.9740795493125916
294 	 0.677460789680481
295 	 0.5991878509521484
296 	 0.5902726650238037
297 	 0.8224692344665527
298 	 0.7163802981376648
299 	 0.9238956570625305
300 	 0.9671292901039124
301 	 1.1948492527008057
302 	 1.330152153968811
303 	 1.9030084609985352
304 	 1.6144126653671265
305 	 1.3901307582855225
306 	 1.5730968713760376
307 	 1.881827473640442
308 	 1.851396083831787
309 	 1.9947686195373535
310 	 1.8847401142120361
311 	 1.5560976266860962
312 	 1.6547890901565552
313 	 1.7551686763763428
314 	 1.368812084197998
315 	 1.1956377029418945
316 	 1.5136862993240356
317 	 1.5025047063827515
318 	 1.2134315967559814
319 	 1.2847758531570435
320 	 0.9917808175086975
321 	 1.1547735929489136
322 	 1.2066112756729126
323 	 1.4048519134521484
324 	 1.708019495010376
325 	 2.9030284881591797
326 	 4.350722789764404
327 	 6.1181416511535645
328 	 7.676217555999756
329 	 8.458285331726074
330 	 8.546656608581543
331 	 8.044114112854004
332 	 6.657712936401367
333 	 4.978588104248047
334 	 3.2579104900360107
335 	 2.0910885334014893
336 	 1.477840542793274
337 	 1.189746618270874
338 	 1.0065470933914185
339 	 0.8325019478797913
340 	 0.7253572940826416
341 	 0.8006123900413513
342 	 1.1121747493743896
343 	 1.0512924194335938
344 	 0.9800751209259033
345 	 1.1947165727615356
346 	 1.409003496170044
347 	 1.1065127849578857
348 	 0.9643752574920654
349 	 0.7303197383880615
350 	 0.9176610708236694
351 	 0.9635440111160278
352 	 0.7377603650093079
353 	 0.6583166122436523
354 	 0.8354279398918152
355 	 0.8693984746932983
356 	 0.7205193042755127
357 	 0.7626256346702576
358 	 0.8584886789321899
359 	 0.8505879640579224
360 	 0.8259232640266418
361 	 0.8892484307289124
362 	 0.9349097013473511
363 	 0.9338605999946594
364 	 0.9915587306022644
365 	 1.0912432670593262
366 	 1.1632925271987915
367 	 1.377398133277893
368 	 1.506787896156311
369 	 1.4789284467697144
370 	 1.683532476425171
371 	 1.9604597091674805
372 	 2.0880541801452637
373 	 2.1189002990722656
374 	 1.8560948371887207
375 	 1.8342434167861938
376 	 1.5880283117294312
377 	 1.9112249612808228
378 	 1.906333327293396
379 	 1.5272043943405151
380 	 1.731221079826355
381 	 2.0157790184020996
382 	 3.3729615211486816
383 	 4.620739936828613
384 	 6.0421905517578125
