0 1.2920434739522926
1 1.7541009046621334
2 0.25495059995293184
3 1.2632105840506254
4 1.3496938322080971
5 0.6895462378917712
6 0.4277863077396284
7 2.138024787480634
8 2.9428653558658695
9 1.4462882140202376
10 1.4309257372483966
11 2.575169665120664
12 1.257564959293844
13 1.9401829877967556
14 0.20223677418654465
15 1.0401099061876484
16 0.4151183175268993
17 1.7720464522425219
18 1.358435963376469
19 1.811919878125823
20 2.744628350081698
21 4.687393156217142
22 1.5789309039627009
23 3.1304021491313705
24 3.2774794397497575
25 3.9807851171444604
26 4.381673809787052
27 2.8568633909308296
28 5.453297910034534
29 3.82082703817564
30 5.977844195922005
31 2.696780750995281
32 2.501505070256308
33 2.746538013010651
34 2.873235290641013
35 2.7314137000882925
36 3.07548607125882
37 5.546140838277065
38 3.8933930841303748
39 4.62969678145394
40 5.959615060454868
41 5.224712920807348
42 2.956023991370267
43 3.0216784892199255
44 5.307565195801513
45 5.702310454868587
46 9.917520361230364
47 10.746770459509365
48 12.359760032459114
49 14.35159101735877
50 9.840444035232329
51 12.94134557917651
52 7.200036985084089
53 10.014731792400086
54 8.836269828850698
55 8.145283588197001
56 9.996679251109127
57 11.5719617185495
58 10.526085776688047
59 8.659364822463552
60 10.639717440423453
61 10.474198135396465
62 9.593729787658843
63 9.687994087405716
64 10.561780189555787
65 6.707347032289649
66 13.82860257520423
67 15.412200469550578
68 21.58749410606757
69 16.64605779489669
70 17.153535650488855
71 21.234529937895164
72 14.117158485217612
73 12.16702105547646
74 13.596910794338536
75 15.047130249387157
76 17.834423548568065
77 15.736485635717223
78 13.223975069694887
79 12.458599124536551
80 8.823594956933597
81 12.0581487630091
82 16.687038760936574
83 17.3420237467567
84 17.15405967327603
85 12.866141372209487
86 13.774655456546988
87 14.049640236103107
88 15.626079031937747
89 16.47400370234039
90 15.472819118527532
91 16.107179962744752
92 12.953724330230111
93 14.665119419113562
94 17.725793909166097
95 13.440944441099797
96 14.787843668888332
97 14.694522894264509
98 10.868993269027792
99 15.903809712461694
100 14.963355857588871
101 13.388286817598193
102 10.13456479515684
103 9.248325588653547
104 10.885011250749455
105 11.97363658528389
106 11.41400207164786
107 13.364753152709444
108 12.577927121141276
109 4.965754250549616
110 10.156874368018848
111 13.360585013529652
112 17.057679008503698
113 12.494632310157735
114 18.89426122856944
115 17.29995542486298
116 15.877718458021196
117 14.066602787910716
118 13.47023561861374
119 14.759119595316733
120 13.352484581890046
121 16.61351427773932
122 18.011610618154727
123 14.09787220207793
124 14.3714455887399
125 17.19456963177188
126 15.940435632870594
127 15.097832247019559
128 15.573786101555944
129 15.386054477222801
130 13.433096994208762
131 12.9330337462414
132 13.583722842557265
133 19.613735180472403
134 16.18067802043141
135 14.42304831533127
136 16.603856974845172
137 13.434861664932932
138 16.913887827601183
139 14.560155872866325
140 17.715209526574178
141 18.167152521439913
142 18.38156782321081
143 18.21082154933039
144 17.385315289126936
145 16.096924655244205
146 18.580771457719333
147 18.40626062897985
148 21.40296013329773
149 18.892168702736793
150 18.560767303982832
151 19.0829116033911
152 16.705592663056557
153 17.346746418122883
154 16.398003635759075
155 14.14385533917729
156 13.768102812027088
157 14.691620129512366
158 16.05005306160237
159 14.424153962469614
160 14.449705224374307
161 20.24403832055072
162 19.69062794629301
163 19.02776137151124
164 18.812825460302673
165 19.742932262188013
166 14.05865841714242
167 12.532259638584241
168 12.777808508132095
169 11.563557849406813
170 12.127063435491165
171 16.26909520011464
172 9.484286072519748
173 11.961247035359966
174 12.120412717108927
175 11.118672217972659
176 14.101036367535775
177 13.876197002765272
178 16.680697074234704
179 17.517742518894448
180 13.60516133038086
181 12.987530289968502
182 13.386206572649078
183 12.074072963613288
184 15.933896725703427
185 13.42213584040538
186 11.880725518880727
187 14.795216093419358
188 12.803870287137958
189 14.601573708487363
190 9.600348780260937
191 12.822936349840022
192 11.4401633720101
193 13.54601261751779
194 13.104713069467723
195 11.571973896982604
196 13.752123919887156
197 14.901749429817308
198 14.769113102496945
199 16.993210830576945
200 16.35980629724018
201 18.39095628188392
202 17.354626366172006
203 14.89481011156409
204 19.875678030800046
205 20.177925286489224
206 18.190974550771028
207 18.368180339006692
208 17.017052734616456
209 18.54596813797836
210 16.814391177259097
211 18.309038792607783
212 17.776793555074264
213 18.351178407861077
214 17.433595474578578
215 20.40214277935306
216 18.209284877436342
217 19.1120941954092
218 19.462799518678043
219 18.87697103552247
220 19.785741471637927
221 17.774735900092427
222 19.991440110970636
223 19.850887609568908
224 17.44311433771423
225 14.976853375197566
226 14.602371704237443
227 16.27758168181141
228 15.966370850336524
229 13.685864489226308
230 13.366133380622031
231 11.212668729722667
232 11.091955056386375
233 12.053004224456167
234 11.658031563471942
235 13.42949675405269
236 11.568571488577366
237 14.248359889837655
238 12.297421779490184
239 14.980300673806838
240 14.402915561591692
241 14.779106673357742
242 12.57165339007774
243 15.646347403286377
244 13.344093853578661
245 15.346893452652461
246 13.040687943355588
247 14.12698416568657
248 14.120011069127987
249 11.763227465679298
250 12.62338797292973
251 14.09383356654554
252 14.407311367525056
253 13.160389312015766
254 16.534173173302
255 16.376690273195308
256 14.34414496065598
257 16.353036803533897
258 12.75504157434498
259 12.359540006990299
260 19.72168320844011
261 14.070067115985262
262 17.577661285310146
263 17.653390301875433
264 17.245749501683502
265 15.162724592419838
266 12.93420633677988
267 13.131852124127676
268 13.368220926498134
269 13.68511849477845
270 14.852130499611127
271 14.87528476307674
272 12.934018787708657
273 12.521414426420707
274 15.63122705109558
275 17.895970583358352
276 18.01658598018359
277 16.371642596638765
278 14.695951123709765
279 15.195333456536604
280 14.647431274125513
281 17.11611646269391
282 16.613140388052763
283 16.545014606117384
284 16.25516797892965
285 17.56292014059342
286 19.426535808693174
287 19.260178495661183
288 13.08224966650702
289 13.04937065309207
290 12.265094528362917
291 12.310070521856977
292 15.108329651317463
293 12.091699586593599
294 12.67203626292196
295 12.766764854309532
296 12.973960153559712
297 14.602288470220035
298 17.93510288125738
299 17.35061014542156
300 13.686461115073723
301 13.225570118557592
302 14.054218927628927
303 15.004483916557692
304 14.901299469556799
305 12.86876021849083
306 13.657874093901022
307 14.067471960404776
308 16.01888890845175
309 15.591270836461554
310 15.497716123986692
311 16.251284444297585
312 13.76378106686842
313 16.1526700713714
314 14.447731913310065
315 17.39745887836991
316 14.094058821466971
317 14.239565066728893
318 11.07732520421639
319 13.6678612629294
320 15.012947626408572
321 15.741428789265504
322 13.70706735517063
323 14.465327683329159
324 13.950619583675188
325 16.431765710256702
326 15.442097733527023
327 15.977087022929663
328 16.424866692903784
329 13.17213282247907
330 16.291475206476143
331 17.511663595357824
332 17.387941219560688
333 15.614734915473363
334 18.739229001823126
335 13.35457235725421
336 17.08470081932486
337 16.67494564732136
338 16.250528841898852
339 18.709149804962646
340 14.280697134649234
341 17.039120219794963
342 16.185155098972196
343 17.439861777762925
344 14.137561334201315
345 18.54439506633046
346 18.834814454405432
347 14.146359798580402
348 17.059496158780142
349 19.195131967110086
350 14.543455685874893
351 18.010544009748674
352 8.930351378229767
353 8.442697586070265
354 8.47526174557916
355 7.912728751709905
356 10.497144739177816
357 8.385372843552155
358 8.828657510753445
359 10.284276620332745
360 8.219752053611138
361 13.391630374650124
362 14.237129803375073
363 12.926606089698396
364 13.484312555542871
365 14.089338035910961
366 12.515782381698799
367 12.779607439765638
368 13.369086857052931
369 13.344654787247281
370 15.025486247902865
371 13.127359143433237
372 12.819799647653555
373 14.432272202127216
374 12.52348811614988
375 9.686157863187404
376 13.963024462252047
377 12.215778714280942
378 12.728262791410094
379 12.299993420643284
380 12.263711447636299
381 12.006346769799539
382 13.233792347258717
383 14.139025079037834
384 12.53808885027807
385 12.880606538665225
386 12.95504395751698
387 11.27054476494851
388 11.953026563865436
389 12.466593664861845
390 11.710418885039857
391 13.524996591971751
392 11.937035549398786
393 12.627436454266666
394 14.54473123134387
395 10.626880490056942
396 16.363499288166285
397 12.1122424496756
398 9.504277037218907
399 12.991830849448784
400 9.376497965495785
401 13.035139532695593
402 13.448793464453507
403 12.52571377524691
404 10.978328416627631
405 9.619102430887995
406 12.94913793018333
407 12.251495129521366
408 11.706340788657426
409 13.162148428591657
410 11.942516038314537
411 12.79641780351525
412 13.13755687744747
413 14.012376129913118
414 12.943264629407334
415 13.909439514427028
416 13.894397235289478
417 13.732160337604054
418 10.039504978386098
419 13.702993939741502
420 14.130001853322737
421 12.049781834188728
