0 3.9194893122144885
1 2.7357181868381826
2 4.18316358210858
3 5.336406378272504
4 4.589531323890399
5 4.151062488848269
6 2.8552860182907374
7 2.5751896003057646
8 2.8297803214025263
9 3.8095279098464627
10 3.1882401657026196
11 4.654139917493227
12 3.0034776064525124
13 4.16767880373556
14 3.1236954788869817
15 3.6793214761496613
16 3.0690473278275907
17 2.1314015872511964
18 2.3636633864421577
19 2.6814459805087147
20 0.9275108234896084
21 1.0462911557592827
22 1.625881335958384
23 2.813898073095149
24 3.985780942908159
25 2.3598353270317194
26 2.710652888601515
27 4.13714173912353
28 6.07027356870659
29 2.9242344987109137
30 4.146336414701462
31 2.4208305855929666
32 2.333076027987538
33 3.2901004027375045
34 2.523476182418445
35 3.05093760634461
36 2.5112719752627277
37 3.61144293980076
38 2.837029714362034
39 1.7124986039886063
40 2.3672506799850446
41 1.8765525383800672
42 2.6759329189804144
43 1.0581808982265974
44 1.3507130879077847
45 1.0985682057572133
46 1.5356874292072722
47 1.853629749343076
48 3.58555991953106
49 2.983274256792889
50 2.063334779050551
51 2.058206083284599
52 3.1040540521587263
53 2.957503299964484
54 2.9973060789970156
55 4.744409099384456
56 2.930359904596913
57 3.666812733559399
58 2.923893065922182
59 2.121200505469602
60 1.8136197045978415
61 2.658369722656853
62 1.4398441738005492
63 2.5854315303400135
64 2.6296143959050955
65 1.6848537553926808
66 2.097101362855881
67 2.702803066624713
68 3.5662046553769877
69 2.234222483152198
70 1.9976594453011036
71 1.0808564918703703
72 2.896611044334596
73 1.9465583845373071
74 1.8993739303501036
75 3.1854915375196655
76 1.794046461554744
77 1.6837019150528678
78 2.915584362404804
79 1.3797477759529457
80 1.9873920491110486
81 0.4759477908122524
82 2.253562366884202
83 0.7728824930996797
84 1.0413828202617275
85 3.2270535205829156
86 2.919544002812537
87 2.3600578715439395
88 1.4737187966499494
89 1.4254916453348951
90 2.830667109023802
91 2.3880994751542035
92 2.749852401228997
93 2.407716213560847
94 2.7487284001580035
95 1.3409210849952717
96 3.3250197063593756
97 3.0525637355140014
98 2.063575915189147
99 3.540377239787866
100 3.8200089979801777
101 3.7895783789272324
102 4.62107675191019
103 3.0386870512111663
104 4.24564745733046
105 4.18635194620968
106 3.6463016374970754
107 2.270847142515381
108 2.7407167246949027
109 3.9216172559109626
110 3.6279106841017668
111 5.108137688207751
112 4.146674158203631
113 2.775886410242493
114 4.1948825526678934
115 3.6619987282612683
116 2.6834418402987885
117 3.9974186316239058
118 3.3679443703658243
119 3.806591781023959
120 4.552231784440443
121 4.247531808507358
122 4.251143409490364
123 4.806780299182568
124 3.6088511404779355
125 3.6736616738626546
126 4.785831217545065
127 4.156467139846806
128 4.535672592687483
129 3.5598011429207066
130 5.322080198761145
131 4.399095335102135
132 5.480742061539443
133 3.580243890753626
134 3.2634263489160915
135 4.933844174385267
136 4.7809644197027605
137 6.035109611453283
138 4.992701407934926
139 5.717048641265153
140 6.324345814753573
141 4.046818579231142
142 2.479777178302499
143 4.529489313599284
144 5.573332595578604
145 3.5237297379036026
146 4.39583996904187
147 5.450124884605975
148 4.5217485214164155
149 6.1402049356046975
150 5.8385062594030135
151 1.9593998661482346
152 1.1951676185060225
153 4.346566269357118
154 4.764674317154275
155 3.3380432044600465
156 4.892321670611095
157 3.7415412303743674
158 3.328304298336179
159 3.8292714215291133
160 4.21766993642228
161 4.650701846712122
162 3.2318754957362152
163 3.578270936493302
164 3.1738482974414612
165 2.4699670179711544
166 4.251183030240998
167 3.6515257659522704
168 4.328196021356654
169 4.790727550649324
170 4.105412412662145
171 3.2905055162609416
172 5.248955403983146
173 5.146130829335653
174 5.1395183781499485
175 5.8452235463217805
176 5.485418410641118
177 4.143217926298117
178 4.358054734066341
179 3.088046136299998
180 4.404029917974045
181 2.634943942312918
182 3.6325830244788495
183 4.124504332469251
184 1.0786791576218673
185 3.1534334918516946
186 2.4282187355479055
187 3.5362425573358727
188 2.238447203980217
189 3.462723020100317
190 4.974607967723147
191 3.6748257078076967
192 3.583086896465431
193 3.870977386935286
194 3.327328985808373
195 3.9679525239216527
196 4.365000620975317
197 2.952572338637255
198 1.8362878057529568
199 2.1444713086673755
200 1.8969039496697582
201 3.3622672651707557
202 2.8902854808783567
203 3.3686547528327906
204 3.574705876344974
205 1.6599851593331592
206 3.0742728723241006
207 2.8038213846288533
208 4.401382670737226
209 2.872372353742343
210 3.9919606883300296
211 3.82955206831948
212 3.456463352625439
213 2.7186024927025656
214 3.072188065217069
215 3.3458766195612513
216 4.040077961587031
217 4.814608252903649
218 3.611685671650532
219 5.5068791644241175
220 5.2956924845925855
221 5.766119844422033
222 4.380516357323912
223 3.5487826963330065
224 3.780242638965247
225 4.803782185363013
226 3.4632521426942184
227 3.380370030082863
228 4.393012396322304
229 4.8170230729964985
230 6.306514824580254
231 4.32582415169189
232 4.701736520501046
233 4.727591971255117
234 2.941303037131923
235 4.008299235330467
236 4.1224433265566764
237 4.788250453741318
238 5.386671361539679
239 5.204829154311377
240 6.127880448923725
241 5.066670038694099
242 5.074833428293195
243 5.4935445919626105
244 4.620470006033546
245 5.904241011766523
246 4.517630766878508
247 5.605323795528654
248 5.975249247578706
249 5.525058194068099
250 4.784519133553877
251 5.4921165053594745
252 5.350708445364349
253 4.758727655519848
254 4.719097430522932
255 2.665346901248355
256 4.578960676540679
257 3.5532160503674386
258 3.692915290361674
259 4.6706168404512
260 3.082680057104237
261 4.26817385625559
262 3.170994277673735
263 4.090519962555337
264 2.824791472699015
265 3.0873865398322473
266 4.606051955195668
267 4.457982385581192
268 4.801354276753682
269 4.780699848736369
270 3.9514096341919265
271 4.2661287974104125
272 3.043851993344733
273 4.592401485604647
274 4.609958354955019
275 2.1632037454550024
276 2.8519858691826894
277 3.257062562048436
278 3.922161137952977
279 5.031670894979283
280 4.314954859387783
281 2.681479320384013
282 4.978361020482069
283 4.654987306792449
284 5.377857135694782
285 4.649015082806723
286 4.341118645441503
287 4.673087870934077
288 4.443661141583385
289 5.213706777720568
290 4.623366848265827
291 3.1367681721466387
292 3.3501342508755068
293 4.347613832367637
294 0.8544583121952377
295 1.9880268292083203
296 3.384619188155664
297 3.371098425455499
298 3.1375693069790986
299 2.3776568030171443
300 1.6309355253287692
301 2.2733395109566628
302 1.5470289191387407
303 3.917004508713202
304 2.5729408110677294
305 2.5444177857766705
306 2.2006428848946973
307 3.4580530439104202
308 2.092086782904628
309 2.059624111302087
310 2.2058913845963133
311 1.9343359830474507
312 5.066462943587522
313 4.00763499722248
314 4.343825279055291
315 2.68425837751652
316 4.249782457721268
317 4.969868798239326
318 3.90720025650364
319 3.5954358322253768
320 4.221046560725219
321 4.97886636324643
322 4.1535126782751055
323 3.459786553691402
324 3.612542590940497
325 3.8614690789025863
326 5.139878972363261
327 3.3765867197995343
328 4.497033441403783
329 4.051977652278162
330 3.2317644735298834
331 0.9830309631132693
332 1.5368627070493608
333 1.804640645900706
334 0.9041844863038195
335 3.550256395755836
336 1.9474265809093525
337 2.6197973094517337
338 2.8432428085468175
339 2.330711643310506
340 1.9876693144474749
341 3.98480788160043
342 1.9325484371178978
343 1.4853928529203837
344 2.5020517458128166
345 2.7759214496587643
346 3.3556128969162042
347 3.558314551300454
348 1.4274442213627228
349 1.5363989300768695
350 2.3044000625344516
351 4.114756504540459
352 3.973820178638898
353 2.6469040219175737
354 3.7782292848781593
355 1.580212148373316
356 2.680765545532085
357 2.1804181422043243
358 3.6101903923216363
359 1.3891170517608937
360 2.713806174434557
361 1.7738229576955757
362 2.0877614909756144
363 2.7225207743973048
364 2.574310352212704
365 0.4179414930536111
366 1.9894847203331067
367 1.9443116115464134
368 2.76556342795168
369 2.400962767890012
370 2.20182734927464
371 2.4638436963665264
372 2.593946322699017
373 2.2191447769118477
374 3.606085220076445
375 3.019043310795857
376 3.6842162612129883
377 3.19047927869063
378 3.59530896381373
379 4.196986823576216
380 3.5168205361714837
381 3.2009920465428574
382 3.4365128088091756
383 3.7153559765293993
384 3.165575777974372
385 4.143177828362066
386 3.33462548076108
387 5.045416444625115
388 3.5571227238599787
389 4.039065687719846
390 3.6242825622904453
391 3.6864413077182503
392 3.8537337911339398
393 3.5042322838066386
394 2.581423427245038
395 3.689242919959526
396 1.7440591902058824
397 2.500799209408039
398 3.576579033201821
399 2.2185644791617385
400 2.9906787650144313
401 1.3775873655867075
402 1.6838647873574641
403 2.8159168024679793
404 3.6540835290415914
405 4.40379685228581
406 2.6943136266810335
407 1.7248773359509746
408 1.9472099802937584
409 3.9799382100281666
410 2.90076910984939
411 1.6397783821833372
412 1.9174770946315849
413 2.2644324455408342
414 2.1933391330232808
415 1.9343816229719804
416 3.163646315334912
417 3.4083472185509947
418 3.004370057520666
419 3.547338959634161
420 1.8074381683489857
421 3.125303686566943
