0 2.020547545382429
1 2.5837079726247234
2 4.293160960308502
3 6.152889628265995
4 5.05114538390853
5 4.4284088011476355
6 3.3138896453334805
7 4.663576981311511
8 5.2246742565366295
9 5.058038434143834
10 3.356974033280111
11 3.598353322678903
12 3.068355709633466
13 4.9831860181570615
14 2.155644308601702
15 4.144095910873862
16 3.1729203126229684
17 3.227033588859585
18 3.8583865942297915
19 3.18871745985559
20 3.5803440422403425
21 5.712378544195837
22 3.894752362416935
23 3.2494206467599693
24 2.6575076466445267
25 2.4508631264475285
26 4.101188252635684
27 2.4444520045341354
28 3.4039495200829957
29 4.781282935541033
30 4.5990599276505675
31 2.038541222120089
32 3.457488151299698
33 3.325678157919658
34 2.310269719544765
35 3.1979082483383876
36 5.1836636431933565
37 4.6478237712371975
38 2.346544583324476
39 5.955491573617311
40 5.025376843649431
41 4.57891700364683
42 4.919771280459259
43 3.7966671776803564
44 5.07807653574551
45 6.102984855335956
46 9.324821891794953
47 10.247866952816299
48 10.1196275931107
49 12.790375768974153
50 8.809477514349057
51 11.79296741004062
52 8.912853220597015
53 10.364778689625807
54 8.787746848832521
55 6.97217881400697
56 9.79110005926391
57 10.973518798904683
58 9.434066749298246
59 9.217018472267492
60 9.857593337020568
61 8.925091511504592
62 10.35376108395144
63 9.799694040720235
64 10.38900027787405
65 7.99005983447905
66 16.941244606683906
67 18.53053423850944
68 23.42687679305228
69 17.382642372118486
70 19.963938704562064
71 23.36025635521095
72 16.775796586878183
73 15.202354284620979
74 14.258143724617671
75 18.026211687653632
76 19.092129136239457
77 15.678246551450382
78 16.59416263581186
79 14.345359963629202
80 11.531139373614176
81 13.680601453443767
82 18.76437418839431
83 17.7789111694336
84 16.73454724937519
85 14.759289805726418
86 15.477489399195154
87 15.793979766851256
88 17.538345215585796
89 19.31826553338681
90 19.20641201660187
91 18.799092653048348
92 15.94241568178641
93 15.931668817405843
94 18.667238222673593
95 14.346199354263883
96 17.37912114644809
97 17.68950192380493
98 13.188145406705301
99 18.632184953901422
100 16.711570449590454
101 14.353634523412149
102 12.279796714798156
103 10.498381107269905
104 11.82868255321479
105 13.450992634195984
106 13.608709707859859
107 14.720033730669574
108 13.537599263735208
109 7.521752633860142
110 11.434689454103939
111 14.478414362360237
112 17.108167708828024
113 14.190027605198772
114 23.592792158699456
115 21.322891036553507
116 19.428523054928462
117 19.289143443896116
118 18.157274666290757
119 19.071249538988482
120 17.880175791278294
121 22.224717999211034
122 21.45628491731406
123 18.865092933354696
124 18.223973828469568
125 20.73395365877519
126 19.162781470955917
127 18.644542459898386
128 20.28642417764618
129 19.194964793953698
130 19.521799788032663
131 17.894736206927078
132 19.919047200298557
133 23.157551175794868
134 20.031194860519115
135 19.211157701665854
136 20.931359072439104
137 19.645614443107668
138 21.826090884637484
139 20.364554903940128
140 22.978969181202572
141 23.05480868194201
142 20.276853884470775
143 22.14025352308228
144 23.106017299813775
145 19.78956408764862
146 22.951202577617842
147 23.82516212194575
148 24.78203781036226
149 23.378891990838916
150 22.389915347719445
151 21.274075969951152
152 17.85575574510215
153 20.547908772677815
154 21.149039750873452
155 17.736705764704404
156 18.923564766034392
157 18.87639021123528
158 19.474106370526602
159 18.541431200322133
160 18.69361711723377
161 24.76605044298693
162 23.118834089001478
163 22.43596019578641
164 21.966232866501567
165 22.77262067356609
166 18.316109502934918
167 17.183038717640564
168 17.099816505315278
169 15.195077566770795
170 16.315814998238135
171 19.079336441119175
172 14.989977982321953
173 16.395444561277227
174 16.830711244199044
175 15.970496985980303
176 18.821942102041522
177 17.90477427763886
178 20.15543309544053
179 19.683216904535186
180 18.640752942308044
181 15.176494528241571
182 15.00729515582993
183 16.523557545260694
184 17.30406902985969
185 16.391054819310533
186 14.099250578071732
187 18.528368250733628
188 13.646688429174096
189 16.618601836908937
190 14.322607686275665
191 16.782748057057482
192 14.318320763342248
193 16.279340143158667
194 16.134186202785195
195 15.629983104753473
196 17.141413495089772
197 18.137704501265848
198 16.065345624725822
199 19.007854546434135
200 17.72291336816612
201 21.394603592083897
202 20.056521250244963
203 17.59779934221784
204 22.612877316926177
205 21.39592225742855
206 21.24217799890497
207 21.673725378551065
208 21.352676999377863
209 21.107124694320593
210 19.998112611495113
211 21.96978033440845
212 21.519890934240593
213 21.302840074565395
214 21.202145363283037
215 21.00436541068424
216 21.71710836108426
217 23.805325478713087
218 23.381269015155727
219 24.68200272612538
220 25.271658836029395
221 23.45636456372189
222 24.29890719395243
223 24.05132555060473
224 21.782482238656048
225 19.766557289104156
226 17.553648571171692
227 19.4960342834066
228 20.93920487892433
229 19.44965825638355
230 19.225018708590795
231 16.19904136289851
232 16.36134707339939
233 17.725123120488615
234 15.362231034145898
235 17.710949122877327
236 16.63166523790947
237 19.173662109640468
238 17.873458187390746
239 20.61184618508715
240 19.816989039465852
241 18.932534630415738
242 18.36902869658047
243 21.20010836207085
244 18.974713314672236
245 21.997906447599785
246 18.677200133840714
247 19.91747870294846
248 19.177572789214477
249 17.739394348189062
250 17.963709138083964
251 19.993843867928405
252 19.7616032315769
253 18.012015537078764
254 21.662102575854593
255 19.623473689546095
256 18.105618476816502
257 19.471971164533468
258 16.66907906312376
259 17.187452098482268
260 21.979107855663095
261 18.878488875547557
262 20.423457483297383
263 21.52086686531817
264 20.09491429356296
265 18.505515937048354
266 17.155128423190668
267 17.66224014793847
268 17.301072641004673
269 18.448386889063833
270 18.673527049003273
271 19.213094121199223
272 16.82090619930633
273 17.465795777414804
274 20.75310221973529
275 20.518349608123344
276 20.565893227027185
277 19.471668954358513
278 19.450209798313264
279 19.779128712313405
280 19.004010175503737
281 20.13983120120678
282 21.15285126269861
283 20.549506248916604
284 21.82047836012716
285 22.548295791378163
286 25.21452872181528
287 24.203935826392538
288 18.43819668894033
289 18.163723057429653
290 16.849621185714827
291 15.305146189948244
292 16.87667954700421
293 15.998586972191553
294 13.188994880948954
295 14.860736353791786
296 16.753443419991488
297 17.32326651893745
298 20.140611084954195
299 19.30158876564913
300 14.95218427509164
301 15.182665396744904
302 15.864259849284855
303 18.681330672207128
304 17.3479840062492
305 15.902341833781096
306 15.502576740862903
307 16.777673664642535
308 17.919235792929438
309 17.536369082670944
310 17.32296908753039
311 18.234384568106627
312 18.148406555153795
313 18.85854813296543
314 17.73107022656477
315 19.994694490757837
316 18.474604914919677
317 20.26256820308845
318 14.992721361516415
319 15.910863343019027
320 19.76600360614932
321 21.0566210073622
322 17.329296010821384
323 18.19342081903582
324 17.94193085585906
325 20.256787638108257
326 19.98985059266625
327 19.061596369812488
328 20.694379379150487
329 17.940223050219508
330 20.499039931435615
331 18.818058410901738
332 17.79668912398468
333 17.14551379252288
334 20.143935691423344
335 15.98795968865682
336 19.927911238795062
337 18.880142604736342
338 18.133799853920706
339 20.90834189783944
340 16.96352651830306
341 20.851274889411478
342 18.024155054920808
343 19.233570095655544
344 16.610245547128425
345 21.496839495672102
346 21.433502057441846
347 17.802081505579103
348 19.37722468451632
349 20.45907770442563
350 16.918715596203423
351 20.558806558314373
352 12.788033294575532
353 10.91639401678168
354 10.37080572968797
355 8.266628980875103
356 11.693661306869236
357 9.012016380731856
358 10.762261253218108
359 12.837376395906034
360 10.708164542529753
361 14.879603965367256
362 14.680754879780128
363 15.433870993290869
364 15.448759566283398
365 15.2382386655069
366 14.080151401021858
367 15.042776713744482
368 16.080693652710256
369 15.84327873068028
370 17.43599346353562
371 15.121249776567247
372 15.44324428789562
373 14.876197018595471
374 14.37053870690732
375 13.035702574094717
376 17.60640192132511
377 15.47169805721749
378 15.367884005597082
379 16.43509466853574
380 15.898644577564735
381 15.25952076891073
382 16.43459656941591
383 17.685131273011034
384 15.718940838143007
385 16.918618568373542
386 16.90975919744626
387 16.173622694574807
388 15.578435956886555
389 15.86677464141977
390 15.043180358326863
391 16.305758493477917
392 14.878486624385264
393 15.367331975436379
394 16.333573792645353
395 14.513457222461422
396 18.101424535252594
397 14.032949399538241
398 13.400805163617516
399 15.096948954361153
400 12.497500362680059
401 14.63337029227949
402 15.306727880369808
403 15.396572622858201
404 14.82637486911941
405 13.539672817322202
406 15.65436080974934
407 12.855518225553435
408 13.387643705960022
409 16.232094083951424
410 14.700573200033567
411 15.009280077731514
412 14.80437426346117
413 17.005859341981314
414 15.737410944799906
415 16.083476527179325
416 15.576974818188777
417 16.947172537113953
418 13.385130345188166
419 16.632089299358952
420 15.778070413945846
421 14.904451315467266
