0 1.2925424503670822
1 3.722465029641606
2 6.36248808470606
3 9.497975206240357
4 11.109002774649642
5 5.309245582405081
6 11.04989385714635
7 11.017861827711785
8 7.455433425917406
9 10.37061641354299
10 9.655152591471463
11 18.103330836679724
12 17.836236090572974
13 12.155407544943596
14 16.09441083058945
15 13.414544814801745
16 14.016302464842193
17 19.961168815974858
18 20.986772980147972
19 18.221781975497365
20 13.449504003679216
21 15.390797740473989
22 14.696158348609751
23 19.455866621554243
24 15.57946282947228
25 9.858976810987429
26 15.703370683243726
27 17.849208889710937
28 11.051914102699907
29 12.933108990439367
30 19.355208249603876
31 16.490806394677193
32 9.154462913282197
33 13.535853666092638
34 13.245688384664591
35 17.350124066980673
36 12.010355040956687
37 16.152337068869148
38 15.90443086220611
39 18.21033321463749
40 14.941675590763435
41 15.37488933704043
42 14.833337816068578
43 10.75704175360307
44 13.083503431640844
45 16.77651468961539
46 11.617135854460079
47 17.282737262546622
48 17.131427837319286
49 17.935818925010025
50 13.995648464322302
51 17.997140922496442
52 15.04542333345293
53 16.08957329863519
54 17.715217985916265
55 15.945147307322621
56 17.022651129719925
57 15.523625364239882
58 17.435471870758388
59 13.748215607094663
60 13.333695012330582
61 11.115450762688814
62 12.298468152262098
63 12.518161814109359
64 13.643623838071395
65 13.667098855175269
66 18.905458651578314
67 16.564769431430467
68 16.044545728638752
69 18.329846674415688
70 18.52783581084472
71 13.488236836674695
72 9.500435977810879
73 10.223061179754335
74 13.105816381227985
75 10.73421139656794
76 9.776329202071333
77 11.919204957959789
78 15.87740473220475
79 17.509420780279044
80 18.186459773668652
81 16.090746681584687
82 18.13669914786875
83 14.329969902238206
84 17.960798065777272
85 17.85502982219835
86 15.574379011395889
87 17.023240425797113
88 16.768805063273646
89 17.431412966355566
90 18.945185873685944
91 14.851246699003285
92 18.605577579734142
93 20.38356900219091
94 23.61315526757486
95 18.20832127694208
96 14.057246556560532
97 15.547395714141793
98 16.293777646416846
99 14.5403374446288
100 17.288403459201195
101 14.23768015312012
102 15.142269547328828
103 15.288885115460051
104 14.949980915685973
105 16.467931375686284
106 17.216153295102767
107 13.697419851287977
108 15.40092955606177
109 18.918326199652686
110 16.171001710710538
111 11.97666452276975
112 14.817419977779705
113 16.575106637178248
114 16.21124562969435
115 15.052058548384986
116 11.736450033508198
117 14.264725665330896
118 13.06528271798779
119 13.001468948203264
120 9.537416701178412
121 13.92889965741228
122 17.858241396508554
123 13.504002037984284
124 11.649918951799394
125 13.79652601613732
126 13.799238310363947
127 15.25049125521448
128 14.400056392047444
129 14.555815412027238
130 10.346110243810287
131 16.201379346058207
132 11.81250667354968
133 11.46786296971741
134 15.994933146104977
135 13.529036690333177
136 16.094998351189417
137 16.780738233419605
138 11.53215985170735
139 15.696985595003945
140 14.563723297742817
141 13.808253305153997
142 16.056858109512884
143 19.405049476388044
144 19.680108622526024
145 17.90881525234435
146 18.099370448324652
147 13.905289800496021
148 15.533403804583761
149 12.394717275919866
150 11.323601708772992
151 11.430422508886528
152 14.228035253514031
153 12.759863856959228
154 14.480296518461333
155 5.659028521128149
156 14.9500992476597
157 14.193996269894702
158 12.227642539048027
159 11.604459797571227
160 12.147027441079207
161 16.285133661725524
162 16.07976279045992
163 12.263031565460894
164 12.916868803142162
165 17.094189086812168
166 16.394118836269552
167 14.47810093093797
168 16.12246860643012
169 15.383834477975144
170 9.136425451685954
171 18.25847793811403
172 18.41304084736385
173 16.628608125157584
174 15.697093427903678
175 12.450598049243226
176 10.193205571456271
177 11.010769987417698
178 12.423631609062724
179 11.029866923006665
180 9.830654916310753
181 9.877803370886975
182 7.441243436964116
183 9.585404013540607
184 15.035093773941984
185 14.360193730531693
186 13.76205941867835
187 17.783337815749896
188 13.493756775101183
189 12.79039557009678
190 9.01858386514349
191 7.622347118744328
192 4.8419342289394685
193 6.064590883266553
194 7.159741211641842
195 8.840910672771033
196 12.457183518746927
197 13.616490072391702
198 14.076377024209705
199 11.046034989930341
200 12.771207042215574
201 11.280840802917764
202 14.202658258185094
203 14.25630247643519
204 15.97910201942932
205 18.208902269109096
206 16.315566895352113
207 14.708367487009662
208 13.295828193887667
209 9.666195355862074
210 13.55007407748953
211 13.75022986359576
212 13.324837108985784
213 11.521685222458654
214 12.336815173108594
215 14.724672956736693
216 14.525829323602808
217 13.450823643230125
218 13.429723749995023
219 12.567247790381696
220 12.431414121500914
221 12.109697761399119
222 13.560674333293205
223 12.584323567427141
224 11.194245689949641
225 14.671798268711354
226 13.998934824897034
227 12.897764481047204
228 14.30854087990366
229 11.784582222701939
230 11.658672858128403
231 12.567342076077509
232 14.621547978358288
233 15.376792291529055
234 19.951716326659525
235 18.511739661602444
236 13.442899488994012
237 11.730631471276016
238 9.805270734018068
239 14.189950261677913
240 13.381632635036214
241 10.2012617652904
242 11.321582082950334
243 12.06440958105314
244 12.602385950536918
245 10.892093939281866
246 13.076669747304871
247 12.61484616233121
248 13.946592870918408
249 15.53237964380369
250 13.002979873344971
251 12.256547368460051
252 15.78716287080235
253 9.806448269939718
254 12.374352606424056
255 11.280167168104295
256 10.870503730603604
257 8.47949816244524
258 3.4876852924934956
259 3.711836374835421
260 2.421198399892602
261 4.523884081281955
262 5.907459879984972
263 3.452509126724516
264 2.5909062053296883
265 4.186409140599105
266 4.087292078067792
267 4.10978843449842
268 4.994884016717645
269 4.272988482660368
270 2.156396337546012
271 3.667979160474383
272 3.8327451111188595
273 4.322178948106121
274 3.9234874384282246
275 3.6021746623259085
276 3.743438669062793
277 1.6986679093913637
278 2.8893001427480853
279 4.212390579521454
280 5.529712466307755
281 6.438224350695518
282 6.635823251260067
283 5.527696309837855
284 4.799506736482366
285 4.371708301269213
286 6.350313746935155
287 4.198740333971822
288 7.649412887332312
289 3.442043667965675
290 3.2547299279745245
291 3.6247005393821214
292 4.5202674651498524
293 4.619640659081051
294 6.250148783946405
295 4.939984546040541
296 3.4518438296462164
297 7.005988087297009
298 6.772627256849262
299 6.961913066684266
300 4.806158057854687
301 6.4047981346475895
302 3.4772640723003745
303 3.991420399341667
304 5.009773781833218
305 5.060665661628553
306 4.450206589833495
307 4.860043751798036
308 5.220245600736735
309 6.597578049838722
310 2.867948293595602
311 2.1956820946839435
312 3.4495286619245786
313 3.245509324403716
314 4.314360007423921
315 2.797470082741498
316 3.350764610227054
317 3.4314801928743437
318 3.1287493956842773
319 7.1620171367953676
320 8.629603683335372
321 9.70969521451736
322 8.662238055282229
323 9.68372542666593
324 9.613725698419291
325 9.643793445901354
326 9.37912457742173
327 11.27688554119055
328 8.331825622073117
329 7.0600270817021755
330 6.7192720592833375
331 11.155596470098155
332 5.155010803540233
333 7.735283058713753
334 11.430744164007667
335 7.626048258453072
336 8.246591172882011
337 8.517061171319478
338 7.824904457470244
339 5.53358815116256
340 7.550818095262574
341 6.786061370962235
342 6.947995434211804
343 8.177239477208357
344 8.883441273706655
345 5.725079898736235
346 6.757181803476122
347 10.888556396937004
348 8.750499060493393
349 7.696564278327294
350 9.587835094054144
351 8.083572554773186
352 7.924635241991767
353 10.006461453114788
354 10.597534285238075
355 8.82920599294271
356 8.860148980317996
357 9.813272822159067
358 6.576627028176449
359 8.697158713498494
360 6.785161474575078
361 7.2189091014662194
362 7.579767281814542
363 6.459564891536366
364 6.8838236394216175
365 4.574507707557739
366 5.441398708770119
367 6.351588439995681
368 10.270320770832257
369 7.0900037720575035
370 8.06768067582675
371 7.0403025214115305
372 4.369324533199141
373 5.794954741508754
374 5.876249479034379
375 3.3621057420934353
376 6.145127427827702
377 7.100378119066706
378 8.542870754054723
379 10.188352940397396
380 8.56992612787647
381 9.160847226548311
382 10.717468032013034
383 9.182378018312944
384 6.636782481705789
385 7.4752699674558185
386 9.929745138956422
387 9.868773128053613
388 7.8816954350713955
389 7.528735565232984
390 9.901038903795635
391 8.359737811012971
392 9.008305108791781
393 11.539782789493218
394 8.80509082546114
395 9.088065274861325
396 9.33892776792872
397 8.761579621061827
398 8.999544545693318
399 9.31007971352709
400 7.969320553406692
401 11.31555079408282
402 10.177772663096327
403 8.874242096368548
404 4.256853538705007
405 4.944543258834014
406 5.825991217824889
407 5.889400431222397
408 7.290508358260583
409 5.97065072075802
410 9.172942002906725
411 7.086547993718603
412 8.550294714593184
413 7.3723626489155425
414 7.192217399776865
415 8.62322123601931
416 8.024247428607127
417 8.429940321291213
418 9.949156569075972
419 11.246213345256614
420 11.761108834117884
421 6.006697483057816
