0 3.9199805894421806
1 3.401874884915599
2 5.233339403668876
3 5.064868828550497
4 5.881944975861682
5 5.921515180754736
6 5.627375180563001
7 7.384877767321441
8 6.330726769007063
9 6.305482626509985
10 7.923346839532315
11 6.685395800625852
12 6.305573028480965
13 8.359810069636122
14 7.9366000325226205
15 7.541234507098615
16 6.082147470472092
17 5.943552724320372
18 4.738802651860751
19 5.419438824520595
20 4.465609604636219
21 6.571498604878012
22 7.26345957019075
23 6.185186158544771
24 6.319853688960415
25 5.755816527262855
26 6.351119272367259
27 6.446123688186515
28 6.214660746682284
29 6.146353146420623
30 5.4589695474271815
31 7.134883595829256
32 5.13200607697269
33 5.045882082555845
34 4.772700890432779
35 5.599573367421694
36 5.610532435631002
37 4.687649184759258
38 4.546301434430766
39 4.9798116157857475
40 4.725877492797975
41 6.378207889180382
42 4.964445569984207
43 5.813744592857287
44 6.004557958919162
45 7.3693302590422665
46 6.877869949387681
47 4.468586805779561
48 6.171122353203937
49 7.979223885738933
50 7.750835401009886
51 6.812967703460822
52 8.014801974312931
53 8.705847713653133
54 7.076003503038467
55 6.49466541797921
56 6.611701289347294
57 7.75536221561443
58 8.200198433160605
59 6.050346486556596
60 6.4436867591232865
61 8.136132057731212
62 7.2990752029064545
63 5.902692890940235
64 8.040086196981907
65 7.432215285563692
66 7.513092338053954
67 9.221985966848468
68 9.204414785221939
69 9.184440923980514
70 8.685350360015748
71 10.230903019425478
72 9.885629337513882
73 9.82181809800658
74 9.891199366949689
75 9.913225785674225
76 8.449653108411152
77 7.692600715529197
78 7.8853332536043075
79 8.967088073764858
80 6.284315795541829
81 8.686633158227481
82 7.4159232890406
83 6.531574536093663
84 9.932263233472607
85 9.547075031378617
86 6.377284227409172
87 8.41009465434638
88 7.982869254426297
89 8.743006327106453
90 8.318739392120655
91 5.701855738138208
92 9.00173602640341
93 9.045839630280078
94 10.330158366391897
95 8.889000005383513
96 8.579903809542268
97 9.803061501786047
98 10.822061274257848
99 8.986169066627747
100 9.049779607268816
101 7.928780395884696
102 6.534876766466087
103 6.179632751092957
104 6.41918556976659
105 7.706997351715703
106 7.933373903306812
107 9.44864349658907
108 8.648317952825062
109 6.234635866233512
110 9.488492459155564
111 8.621729925278398
112 9.177844402569926
113 8.387491334067013
114 9.877227130018753
115 8.339918259409389
116 8.741285229580383
117 8.473760183523629
118 6.208031426162469
119 6.526683354136232
120 5.5789985726189
121 7.621775766685471
122 7.047940268224399
123 6.976469836307013
124 6.600517395307971
125 9.0354690940626
126 9.557954834003743
127 8.03769776978654
128 7.269417567577318
129 7.102099810776785
130 9.222891056594126
131 10.396248962442375
132 7.896942626909101
133 7.888579046014195
134 6.536426586062387
135 8.535079040520587
136 9.481955114371223
137 6.517999242311374
138 10.095492423272452
139 8.758830121727998
140 7.688591673857721
141 8.205668251584987
142 8.282502532980164
143 8.065118115396182
144 10.469227728019854
145 10.278080917043809
146 10.261614924277527
147 10.71485997986341
148 6.9616256839844946
149 11.255660599571756
150 9.989976750654979
151 9.829505828340624
152 8.371290196180276
153 7.951056228879263
154 9.43412159382995
155 8.124054409699482
156 5.801419436331282
157 10.611795986708314
158 7.617108556062684
159 7.821568139410407
160 9.19673290629733
161 10.636104210771885
162 9.188778470506431
163 7.85789183851602
164 9.121827898192537
165 9.686094068068039
166 9.276019982274718
167 9.323032460452069
168 6.892541658265723
169 7.443292853237198
170 9.531140498732341
171 9.320498693854582
172 10.858070114837698
173 11.082990470197142
174 8.491929457188252
175 8.279646209266184
176 8.621321714322391
177 8.833314030201155
178 8.18289408557116
179 6.956080218841032
180 8.546275187041749
181 7.107814856790784
182 8.9400015951644
183 7.796252242331584
184 8.55134517909236
185 7.52452599316386
186 6.379672627397338
187 8.296411215560589
188 6.581073772594314
189 7.125683826088067
190 8.178439462738687
191 6.854768488322818
192 8.708017327056702
193 6.589797724582148
194 8.052432792043446
195 8.24193250795125
196 7.859820921281403
197 6.391515169029047
198 6.256909970908902
199 7.8330439289071965
200 7.585669110820415
201 7.698230327801391
202 7.938872584844942
203 7.612925440294246
204 6.060411070611866
205 6.255963180587304
206 6.777161965324279
207 8.375303690977837
208 7.254425920988218
209 7.617018232501943
210 7.103144920914914
211 8.22455051989717
212 7.803073636218382
213 7.488782949112554
214 7.951026290153331
215 8.055622863877929
216 5.475066432429889
217 4.573516122053235
218 3.6099237698749302
219 7.559929963615805
220 7.463730239123217
221 7.258341026310181
222 7.264600978114989
223 8.625912913378965
224 8.62444805418661
225 7.068345608344228
226 7.748771386640289
227 8.828545742845845
228 5.721142543498884
229 7.88985863516132
230 7.908514176346743
231 5.522278708261378
232 4.86477051381147
233 7.419006454572373
234 6.382866984881684
235 4.810795280334481
236 8.336074916664547
237 8.520872542224383
238 8.579862050338361
239 8.326649105707922
240 7.840682341407056
241 8.226331634871276
242 8.583114388936577
243 5.462044848054492
244 8.473051930434798
245 8.484752533143244
246 7.012581848487781
247 6.784816347211186
248 8.45432450670469
249 8.422255355066538
250 8.412931001906658
251 8.555877167245571
252 8.157714516289019
253 8.615626105029644
254 7.753555525662874
255 7.58011142196427
256 5.840601559314896
257 7.902350514376535
258 7.719714586802183
259 7.763881698960511
260 7.939172080407105
261 7.838989549329165
262 6.3104100635080185
263 8.953170435750074
264 7.430217777784094
265 7.187247818043663
266 6.901543662806499
267 6.722860539008203
268 7.821633807355322
269 6.738971437395585
270 7.232619447738586
271 7.255791542247803
272 8.072628667118023
273 7.472332938787621
274 7.347404383452682
275 7.769135548410444
276 7.221602233434667
277 8.694684374991553
278 7.200658957816127
279 5.547181412463527
280 6.015152725577977
281 4.51042548636505
282 7.314817178590124
283 7.635810023607062
284 8.181328316045212
285 7.0200162158933725
286 5.76973553053535
287 7.1286475901547925
288 4.424387989481037
289 8.591255387493762
290 7.964590332200792
291 8.11687910934936
292 7.385025255202245
293 6.802368189040245
294 6.85924420624834
295 6.351609765442364
296 6.461517132080477
297 6.78711223526378
298 7.434923587134717
299 6.568630524854194
300 7.459565945966347
301 5.576731627512252
302 7.345046993912083
303 6.653308248892991
304 8.090247609223816
305 6.970233608020152
306 6.461436600539703
307 7.235822529337737
308 6.169750381379208
309 6.616556291373751
310 8.958276397575203
311 9.055774058862065
312 7.875383192402954
313 7.971137024316727
314 7.959301116453985
315 6.563164929482729
316 8.203914261749404
317 6.263781489935387
318 7.810424627446345
319 5.523741132970036
320 6.907673796580834
321 7.238615148829172
322 7.953102429463785
323 8.31706811910555
324 8.315477260804158
325 9.455129824001194
326 6.925483270268117
327 8.060672796301485
328 8.745276137521962
329 5.741632004112535
330 6.583262140793525
331 8.514231102050353
332 5.93859458970374
333 8.176132508217124
334 7.4799916723578495
335 6.579874638200092
336 7.715712325170791
337 6.287469889580665
338 8.671467061775761
339 8.227239125242507
340 7.412714575196331
341 7.704333200087805
342 8.798317667059036
343 8.264903465876673
344 8.498541646710366
345 7.285386545618232
346 8.532980588355764
347 8.264867287349718
348 7.097257495229184
349 8.419737413895303
350 6.950364868429545
351 8.624531502781837
352 7.853016022385668
353 8.856287879657245
354 8.989979314185454
355 9.761726782308456
356 7.311178110088163
357 6.680019913142118
358 6.3602455866104615
359 8.648650141676923
360 7.616363708226291
361 9.097955520713358
362 8.912771410247945
363 7.7457168718269065
364 8.896768224256022
365 8.262849330422565
366 8.464170923826856
367 8.41514905740573
368 6.625862502339242
369 7.726013250531257
370 8.405507003945162
371 7.521957568292942
372 5.4708810376141965
373 9.189296810238572
374 7.417807276406109
375 7.045623703996106
376 7.8221956878069525
377 5.543934189378633
378 5.2765830530997775
379 5.637388394185701
380 5.683749985136297
381 6.059773910835432
382 7.9037679256813105
383 8.157882889905437
384 7.115776021064544
385 8.219986454227994
386 8.562363874998908
387 8.127425006051379
388 5.941873446116969
389 5.90352995913377
390 7.377733588582698
391 6.704551294295964
392 7.271990485864807
393 8.740355634593554
394 9.045013083210343
395 8.218253831554726
396 8.520147793171112
397 9.681170978087025
398 8.404713637860093
399 8.929554053885262
400 8.904101434582149
401 7.260546833432958
402 7.94420807060828
403 7.467248738444125
404 6.3443453243808365
405 9.48866332830367
406 7.827005316489991
407 6.843682959080807
408 8.07782840423201
409 7.604899838011995
410 7.979387603974494
411 6.911310602544003
412 8.33038483089255
413 7.118322700496758
414 7.2971491015320025
415 5.6203636240101424
416 8.356584540385184
417 8.537815137682216
418 7.873716326863264
419 9.910978187907139
420 6.1575704247875125
421 7.117226331178211
