0 2.0205492327972507
1 4.749794854541002
2 9.448955177115309
3 11.622576003104765
4 13.251155245499795
5 12.35341091861068
6 15.05945844631041
7 13.479012208786994
8 10.727205101886238
9 12.608549464569359
10 11.629331433794462
11 22.68757146297719
12 21.36247267831159
13 17.82376701814054
14 20.30019361384902
15 19.62254243101792
16 19.364649022523317
17 26.079227702675734
18 23.775392248348634
19 21.647431304191
20 17.852581743208773
21 20.501603555368227
22 21.006598140095758
23 23.609780046137814
24 19.68265367289908
25 13.131096604480206
26 20.848821156374008
27 23.377922571677924
28 16.980552138675883
29 17.982679203337522
30 22.440439515502298
31 21.21225245704371
32 14.506842955367787
33 18.681487872435188
34 17.119668483981982
35 20.368690521730723
36 16.899068005702155
37 19.08722783413201
38 20.753085206862057
39 21.33674701436616
40 19.38412529273515
41 16.656275130166126
42 17.46681890841514
43 16.428236316094456
44 18.24464574842991
45 23.818266215757344
46 19.22708605106081
47 20.506263313829734
48 21.973364244063205
49 21.964826494847095
50 20.136915413713798
51 22.809631037608593
52 21.842913947741405
53 21.042853431118804
54 22.797136177331186
55 21.681119687457862
56 21.422364067329
57 20.619731047590953
58 26.00263937277914
59 19.83894974127969
60 18.6437978743367
61 17.872002054795537
62 18.885090022884004
63 17.4428903785338
64 18.28960545079791
65 17.584295613350392
66 22.256736068177442
67 19.21800700525051
68 19.995434116083356
69 21.10162908374937
70 21.514727446089807
71 14.852438952786088
72 17.063718554952
73 17.429898085024483
74 18.6483086492919
75 16.827818639199442
76 16.80132084761971
77 19.087335105264916
78 20.427963345241096
79 19.54934155297798
80 19.777182957952935
81 19.52019347702845
82 17.45916789140896
83 18.712934374324067
84 22.46969501939383
85 23.484827126206202
86 19.886159539222685
87 19.917678679106412
88 21.764712016163926
89 19.974763578989453
90 20.97486433011836
91 17.253047995797072
92 24.899961583631733
93 21.466965147636365
94 24.768400076455933
95 21.34903905902855
96 20.559361698438217
97 22.34699638044242
98 22.299586819302853
99 20.80311193459719
100 21.954638942732288
101 20.288173205496808
102 18.9672224840298
103 19.645424040752534
104 20.5359014004233
105 20.247533057074353
106 20.25917929061392
107 20.511070570684687
108 19.189092999538893
109 21.65921125515791
110 20.37025037120016
111 18.22732723225166
112 20.470607958137055
113 23.49468284487635
114 23.699561237340586
115 23.382713243956367
116 20.241293067716725
117 21.560181651547502
118 16.571818585694533
119 18.712229648853096
120 13.473745655675225
121 19.943039092586616
122 22.65558014995911
123 19.499680052620562
124 18.006223873648608
125 20.612851885391077
126 20.214490805780006
127 21.805777389510716
128 20.122248428773506
129 21.558035494586274
130 17.50295314947885
131 21.882255760780513
132 20.441217966648217
133 19.586899834244573
134 22.717213507586912
135 20.669082834813565
136 19.76314044607014
137 22.055172350769627
138 19.230801716386672
139 22.468612997590423
140 19.45106165594782
141 20.360750039006334
142 22.93330019044692
143 22.876045594499473
144 26.146036174642184
145 23.937261300178246
146 23.15342646768562
147 20.52044728454411
148 21.25909170200706
149 19.143180426814514
150 18.85515444720094
151 18.798405588263986
152 16.065907147626923
153 14.309432502179673
154 16.088954282206537
155 13.521548117827505
156 16.431970941603304
157 16.669255676987927
158 15.058463701297336
159 14.065028397547893
160 14.731673291980899
161 17.397505034000144
162 21.737256193773856
163 17.313725234100254
164 17.867540728008393
165 19.52455684977845
166 17.018468197926218
167 13.026937195463486
168 16.739705054088198
169 14.724461746051709
170 14.643564507412771
171 22.063640402557603
172 19.148214800415257
173 20.93315128959089
174 20.332830858700117
175 19.123823329349204
176 14.81880979871332
177 17.903471591863667
178 18.643968802381618
179 17.070165013721105
180 16.988617296097498
181 15.955896978875131
182 15.70402635085117
183 16.892569937282445
184 21.43515613352329
185 19.93259900630631
186 19.290533526175636
187 22.13979155800964
188 18.397670172112008
189 17.88970995264995
190 14.580065385610382
191 13.118816057937147
192 11.322645414789985
193 11.758623729481224
194 11.256520804966895
195 14.049092896933125
196 19.06812531647161
197 17.581098297353197
198 18.246694395159903
199 16.714433424151952
200 17.92004164780143
201 15.989249511326992
202 18.780099668207782
203 18.81945952845577
204 18.955004779545366
205 20.42670518008603
206 19.8258655725246
207 18.868621534368085
208 18.816049024706857
209 15.5226229924946
210 18.29718930576436
211 18.44560496344154
212 18.294839779160704
213 17.348852411029657
214 17.50577843138419
215 19.15137277749448
216 19.37998567267273
217 16.854660281476637
218 16.178142133653513
219 18.537967142541348
220 17.5733751935549
221 17.197391112150356
222 18.7021616305754
223 16.406542789219667
224 16.514792981116948
225 18.631075845482865
226 18.535076525543957
227 17.512671472444364
228 17.802728390619425
229 16.880029986059842
230 17.892472609286855
231 16.26589747142316
232 18.348348208988323
233 21.342948927407267
234 21.95275413542944
235 21.076711859493518
236 18.124843491269775
237 18.41510630035355
238 17.702758657825925
239 20.38305732120582
240 20.01746123236893
241 16.815466590282398
242 19.006567591246686
243 17.324024886522587
244 19.98991000199521
245 18.76837882815226
246 18.06130278883917
247 17.394875723351944
248 18.093426595328886
249 18.915573650879494
250 18.216839379576236
251 18.489923429163653
252 19.902390563436278
253 15.024518670621772
254 16.90738528911669
255 17.968479767439486
256 16.460247822643627
257 15.857651351111006
258 11.215189153904696
259 10.047598547523862
260 9.906620489381476
261 10.201139110022812
262 9.513719323809518
263 10.58656373496777
264 10.187358956891751
265 9.738768422464434
266 10.038276016898696
267 10.386855242282106
268 12.727955033360377
269 11.308529058182206
270 9.245129596767969
271 10.769955291671218
272 11.578381500641218
273 11.283302081109138
274 10.889680147620071
275 11.251542483838408
276 10.091743806034103
277 10.345225627176957
278 10.367613782226316
279 10.394688496740065
280 10.634784816622036
281 10.681359613225249
282 11.408446367924586
283 11.492041411418507
284 11.061702331774802
285 10.703660645395114
286 10.851149853130389
287 9.021631909931742
288 10.29219057993702
289 10.205402208005662
290 10.613562430905196
291 10.671531563699157
292 10.35400674139605
293 10.041555420603824
294 10.865321149777484
295 11.05425363538498
296 9.445646451287677
297 10.232829709099635
298 11.793650581226983
299 11.312345518485124
300 11.062378168585372
301 11.230816653086745
302 10.92416307237212
303 10.666388300359056
304 10.716446191919804
305 10.430276254875183
306 9.27555964868382
307 10.654115962134368
308 10.0489837498104
309 10.014608518615281
310 10.135885052174897
311 9.318272413771663
312 9.361033050046512
313 10.075005491526884
314 10.884841784194135
315 8.394381226286752
316 9.188833191500366
317 7.974296447891992
318 8.673985223008016
319 12.778946261309526
320 12.38397153316505
321 12.225753168069485
322 13.125341385208003
323 13.97005515417784
324 12.551720084438003
325 13.71748476761105
326 12.01668699418717
327 13.126747479906449
328 11.656329390731312
329 12.443555061582863
330 11.256452300845586
331 12.811084123419933
332 10.893689387080038
333 11.883132397179198
334 13.044062760611647
335 12.908334725812074
336 10.347648439163292
337 11.592320719064919
338 11.816429601794969
339 13.388415764543542
340 11.827481478242275
341 12.071432329487186
342 12.423768907585403
343 11.160161681617616
344 12.545699613572978
345 11.438865942531198
346 12.791295949381933
347 12.384217276062305
348 12.0340608735803
349 10.998998297575854
350 12.916692381217
351 11.025074385920387
352 12.06118325721067
353 12.222113487860799
354 11.60953804934742
355 11.81449285787191
356 12.163741753669091
357 13.641619283137656
358 12.517694844707407
359 14.409625902570404
360 12.17794235579329
361 11.903776210242475
362 12.864702812798894
363 12.295138182957256
364 12.187476628398365
365 10.91716222001268
366 11.105596439957017
367 11.989816442573737
368 11.779500608044666
369 13.311635026656893
370 14.665972056655646
371 12.57749062073974
372 10.33069091068176
373 11.323766109998548
374 10.029321391647018
375 10.300897098839915
376 9.66561547016284
377 10.078852832530385
378 10.76063454041616
379 11.534455569734174
380 10.101047887328983
381 13.279090078731944
382 14.05271648430785
383 13.130942574096094
384 11.936236028681973
385 10.659683127031686
386 12.45157161972518
387 11.873146001513152
388 12.407980863118176
389 12.208738824397173
390 11.586855414109197
391 11.667974413362238
392 12.379411846462254
393 14.430343288947052
394 14.85216208340676
395 14.942809365015933
396 14.169978658630852
397 13.667801244296763
398 12.113019873353643
399 15.095132671002686
400 11.698268754052307
401 13.342113863961075
402 11.665851739731284
403 12.301356705427756
404 11.957593241692994
405 11.837669944853946
406 10.079335429026015
407 11.151146346615947
408 11.458944841624781
409 11.261782161792572
410 10.813612922529478
411 10.933241007831715
412 13.395912163687932
413 12.086403553667727
414 11.99482377365098
415 11.777673568960674
416 11.792442671168313
417 10.251646842391246
418 11.853272560100587
419 13.058478404805
420 13.996265948385775
421 11.484385274150242
