0 85.65366453630374
1 87.12580855801824
2 87.4143790907922
3 86.37691871778026
4 82.94250405733801
5 83.48927177215366
6 85.81121109683146
7 86.39895542380833
8 85.54620564308232
9 89.62437103300259
10 82.44968162418796
11 82.24575664731998
12 81.68924546051002
13 87.05515959477486
14 82.02155475232983
15 80.78758998844809
16 83.34244771519258
17 84.634715632106
18 82.83595259946507
19 84.08841940407615
20 88.50400716325834
21 84.2583423373651
22 88.98406042091486
23 81.14356518770337
24 77.43441554458889
25 78.51506391371723
26 83.75097446900061
27 78.04279419997766
28 80.00100749199349
29 80.16376160759044
30 83.76255993418215
31 84.29737910400164
32 77.34541429956597
33 82.19410190467872
34 85.6232242491261
35 89.81555824351075
36 87.14492225751249
37 89.47779830132468
38 89.72850530009522
39 84.36452071225526
40 83.65448154153184
41 85.96951213119308
42 87.37441757171105
43 88.17997299342674
44 86.61874401080219
45 89.4360396364728
46 85.40366822872895
47 89.90988177899739
48 86.19149679936532
49 86.79960862869899
50 87.01294376743172
51 87.95095117804763
52 89.15453362958873
53 89.25591779474767
54 84.42227063709171
55 86.49130165209364
56 84.18454268765004
57 84.85612677170285
58 83.1366604667509
59 85.90549342659381
60 89.308157536543
61 88.15757171419185
62 88.6518767550426
63 88.21409940102494
64 84.1064467194822
65 84.50059016093911
66 88.04638267111385
67 87.29375051950618
68 87.12188587839815
69 83.64888031148757
70 88.22108392696401
71 86.30685321812898
72 79.5719713706037
73 86.62383638477924
74 88.85624240807273
75 85.50931199461255
76 87.09296881781562
77 89.84119294716278
78 85.10072400244627
79 88.74052063909197
80 86.3152469832704
81 83.73638694348973
82 88.00816479237994
83 88.8668417739257
84 84.8210922913312
85 83.78484301907633
86 81.15319653138265
87 82.26916350269053
88 84.48252430134862
89 80.6071552501361
90 89.68807336280635
91 83.57616136882633
92 82.11022682579882
93 83.42655991423301
94 81.7920221461707
95 83.37681072744876
96 81.36077555630742
97 88.96294417216524
98 83.12525054329858
99 85.77170723705555
100 83.53062234017081
101 82.55777158253981
102 88.36055084666972
103 81.59118060001653
104 79.34054401850435
105 78.88954537302969
106 76.41617053425736
107 79.34547532272549
108 76.62198289347084
109 84.06877156519967
110 84.0659232394691
111 82.30645547110888
112 88.41954219335418
113 84.00120693752403
114 87.06558174932158
115 88.36496602853617
116 89.25822268240138
117 79.34543054375325
118 86.5230039582912
119 86.38889505382919
120 88.90360775731199
121 84.93369655072486
122 87.18463017971033
123 87.54561579407955
124 86.09423720705112
125 85.87577579723825
126 84.83796707473793
127 87.99919774487158
128 84.57330713214687
129 89.6794964363566
130 86.60943074615795
131 84.55423565490239
132 84.95178743148567
133 82.63785313462256
134 84.85213440737532
135 85.8024168251053
136 85.48622571829884
137 82.93963017959703
138 81.82600168247784
139 84.69248353539199
140 88.1441520001584
141 86.0069298181573
142 87.96275983381472
143 89.17895427834574
144 89.61134324956852
145 85.11727253095813
146 86.97601542875326
147 84.54788674248363
148 81.06963103161542
149 82.4671487005478
150 72.8945913301341
151 67.73751485181847
152 77.15104301543953
153 80.48378524971237
154 80.18214419683899
155 78.40082162853308
156 79.99968892919757
157 82.93727407668752
158 81.26798764114477
159 78.20391461246953
160 80.67559673847553
161 78.27513239552533
162 78.92336694897331
163 81.04147756547182
164 85.00307969850347
165 81.96122949548567
166 79.72037418401021
167 78.75793285945903
168 74.96323137225295
169 77.12023168381634
170 74.65317649069473
171 83.37607954869371
172 77.56254292149458
173 70.61149752528131
174 77.4369075059411
175 76.51547139930712
176 83.17675355575827
177 73.49554350880479
178 76.56667580845505
179 80.91784022358479
180 81.87848317599882
181 81.69339567658145
182 79.52683649909356
183 76.78230661526091
184 82.60827251771248
185 83.63272823753232
186 77.45992005410893
187 74.33444126803239
188 78.50580115121095
189 76.7220986510272
190 76.43425421573062
191 83.15144931635497
192 78.66142685510013
193 75.83512363928382
194 73.46291880946616
195 80.45585787565646
196 77.54444609639984
197 82.24468290854209
198 81.76402353938101
199 82.28597397172395
200 85.84017087642857
201 83.6934055624388
202 81.86808378822128
203 81.78132756090272
204 71.83335947529856
205 71.77328738097704
206 75.24821236893284
207 75.30053096550755
208 75.08016596247181
209 70.65974144220971
210 75.76479542584171
211 79.78227075507432
212 83.35097004506969
213 78.66165512933681
214 83.65815473797417
215 87.8278305303501
216 80.61886086668189
217 79.946475209268
218 78.45206823757059
219 73.53431138744264
220 73.60251416481049
221 79.69419358223385
222 77.87279997831037
223 77.0669435764101
224 85.69576644071034
225 84.16768870771979
226 89.11691306733277
227 81.50697157305075
228 84.41969441962334
229 83.93035529642229
230 81.11978574383384
231 87.13364881784436
232 85.3673194397538
233 83.24642045803454
234 89.0616429609462
235 88.22557112564493
236 86.99019931966957
237 87.59909484535758
238 87.11337962731302
239 86.60023232689483
240 88.12681127221315
241 86.84908149339162
242 86.06795166381872
243 88.25783053594702
244 87.60207645396592
245 84.89103779057973
246 79.44550980238961
247 85.55156562208049
248 82.60763432707947
249 86.41497870926264
250 74.17609151232146
251 78.43592973594669
252 89.66975322103639
253 87.49677386907656
254 80.42163590581781
255 83.2255228986838
256 81.70824928403368
257 84.34914691625266
258 76.30032813648572
259 77.31450956370443
260 79.36381163587653
261 76.12765399706291
262 81.678862327907
263 83.40956053123656
264 77.95011667833577
265 80.33212171501043
266 86.64797453969042
267 89.08824158736309
268 88.29895640080339
269 83.33538889873577
270 87.3790111143612
271 81.53069258843853
272 82.16642219545226
273 84.30426278835147
274 87.06981622830497
275 86.37319424626229
276 81.54250915726566
277 83.39392508431361
278 88.90760570367576
279 85.79239400269597
280 88.65136601270201
281 88.23700064795906
282 80.80453158968727
283 87.13036950429786
284 88.36462305507408
285 81.31517836168678
286 85.3974812261439
287 88.51863596059599
288 88.42929325004522
289 85.36360764493043
290 89.609942322745
291 89.50573185311892
292 87.1812481773613
293 86.35562950854914
294 89.97484716516291
295 87.67565949228191
296 80.4038280980569
297 89.69761315593891
298 89.55891015603439
299 87.59215148040948
300 89.12432169442198
301 84.62365032533944
302 83.32558961048404
303 86.72010593059399
304 89.65638347308062
305 88.68448552213144
306 86.7370778802087
307 87.48847033352368
308 81.48812791541846
309 87.43704959330957
310 87.00537021229735
311 86.70926436777013
312 85.80823481076199
313 85.44816210603882
314 88.22838616511939
315 88.59546570592083
316 88.00998295790663
317 87.79670480176536
318 87.0202426379609
319 88.10618941571897
320 87.04113364822292
321 87.06595395308469
322 84.24347017383926
323 89.98834187817663
324 78.18272489480422
325 85.75906922774132
326 83.03095908265432
327 87.028509228488
328 86.2514793285554
329 84.43407829797525
330 84.8954835602029
331 82.60742579057926
332 83.9705969960261
333 85.55556481530961
334 87.8153349675457
335 85.69683931870868
336 86.30234704222555
337 83.85158719640278
338 87.90275191030459
339 86.17642931848233
340 76.37119442940146
341 81.53197692069253
342 84.39125694899262
343 76.2926477421552
344 88.62740580193011
345 85.21710172107976
346 86.82502779447401
347 89.41538221038476
348 86.28984531039417
349 84.77112464385225
350 87.8445188927459
351 85.9951560658807
352 82.6716143471589
353 80.30492338922318
354 85.18537624318311
355 84.28447935192648
356 84.97247099510653
357 83.6618329737733
358 83.310514599164
359 88.7081992319168
360 87.56246818963932
361 88.27374735757675
362 84.11856043144431
363 84.95104642450315
364 87.72849232299347
365 87.62012163664295
366 84.86445587489611
367 89.01908236996812
368 87.09528804577958
369 87.56990294969556
370 86.37014871067487
371 87.63352586822897
372 88.27001040594182
373 86.33922228577518
374 86.80752387336466
375 85.07814455000627
376 89.35791524885134
377 88.66092897248049
378 82.6757307043402
379 87.01820324873584
380 79.7896871344334
381 87.3701847218764
382 87.7721461240796
383 81.96416935614421
384 85.0818941368644
385 83.56328692194381
386 87.33244523002317
387 85.81862750352387
388 84.10294197422206
389 88.34484916317172
390 86.28419310146974
391 85.38253606402641
392 85.9824589491873
393 89.29379561491072
394 87.81873715556726
395 88.22090183924763
396 87.18200324634394
397 84.57390151826375
398 83.608578858581
399 88.96955925772596
400 89.40303536853897
401 89.23143330321109
402 89.43855503767396
403 87.7085778365822
404 89.97962660626574
405 86.63810358886886
406 81.83729703661912
407 87.56711384085364
408 86.85434340664821
409 86.10977549462515
410 89.09203750406529
411 85.54030413487423
412 85.98408220451837
413 80.55374758569344
414 88.97352696739328
415 85.14394045059669
416 89.85343160983791
417 89.78502400739684
418 86.86952914300582
419 86.89527039143425
420 89.6838818093252
421 89.04174173166335
