1 2.193030834197998 1.7377663850784302 1.4195948839187622 1.858272910118103 0.9446502923965454 1.2348884344100952
2 2.362379312515259 2.010010242462158 1.989956259727478 1.8753578662872314 1.1982301473617554 1.044534683227539
3 2.284745693206787 1.8018243312835693 1.3928509950637817 1.9704527854919434 1.095246434211731 1.3086341619491577
4 2.392228364944458 1.9077574014663696 1.527903437614441 2.0611660480499268 1.1343412399291992 1.150355577468872
5 2.2214348316192627 1.7481168508529663 1.3077548742294312 1.9868134260177612 1.0444215536117554 1.1728415489196777
6 2.2285304069519043 1.7178421020507813 1.298393726348877 1.9399791955947876 0.8703296780586243 1.149929165840149
7 2.4669394493103027 1.9929858446121216 1.8143937587738037 1.6408116817474365 1.281186819076538 1.122147798538208
8 2.4673068523406982 1.971523642539978 1.7652374505996704 1.836891770362854 1.2692872285842896 1.1894571781158447
9 2.5089616775512695 2.122345209121704 1.9422096014022827 1.9198070764541626 1.3131802082061768 1.1804373264312744
10 2.3956565856933594 1.9561755657196045 1.9141819477081299 1.8386863470077515 1.1939966678619385 1.2406998872756958
11 2.4335625171661377 1.891892910003662 1.867390751838684 1.770616054534912 1.2301146984100342 0.9853807687759399
12 2.472395420074463 1.8934587240219116 1.7215832471847534 1.918397307395935 1.486577033996582 1.1497812271118164
13 2.7025959491729736 2.392796039581299 2.27764892578125 2.039402484893799 1.410380244255066 1.3318980932235718
14 2.8552496433258057 2.563955545425415 2.496004819869995 2.0591204166412354 1.4879974126815796 1.3348547220230103
15 2.80047607421875 2.413959264755249 2.263469934463501 2.073225259780884 1.8265149593353271 1.2482938766479492
16 2.6132493019104004 2.227900266647339 1.8474558591842651 2.1485955715179443 1.1080211400985718 1.3664512634277344
17 2.7315471172332764 2.3784141540527344 2.302100419998169 2.1533002853393555 1.2904906272888184 1.3840519189834595
18 2.7582764625549316 2.3695569038391113 2.236619234085083 2.1878550052642822 1.3733482360839844 1.560716986656189
19 2.8576905727386475 2.499661684036255 2.703157901763916 1.9995448589324951 1.2193822860717773 1.3857970237731934
20 2.9547348022460938 2.5185189247131348 2.5340850353240967 1.928263783454895 1.3630238771438599 1.3471789360046387
21 2.654949903488159 2.2564592361450195 2.3836605548858643 2.001249313354492 1.616528034210205 1.324473261833191
22 3.098029613494873 2.8431315422058105 2.707601308822632 2.295067310333252 1.4872355461120605 1.6687389612197876
23 2.6043477058410645 2.157036781311035 1.609053373336792 2.3053700923919678 1.0357470512390137 1.5412230491638184
24 2.790487051010132 2.375453233718872 1.7968147993087769 2.5931215286254883 1.084420919418335 2.063650131225586
25 2.987983465194702 2.5916507244110107 1.6555784940719604 2.5748140811920166 0.932865560054779 2.493919610977173
26 2.880063056945801 2.4367268085479736 1.8737778663635254 2.377366065979004 1.01143479347229 1.9879052639007568
27 3.0152664184570313 2.5099940299987793 2.245482921600342 2.338632822036743 1.0759773254394531 1.7477315664291382
28 3.0298876762390137 2.5742132663726807 2.3641390800476074 2.329667091369629 1.2088723182678223 1.8224540948867798
29 3.0719549655914307 2.667553424835205 2.184016704559326 2.482746124267578 1.2643336057662964 1.6296356916427612
30 2.8570570945739746 2.3393971920013428 1.9304792881011963 2.4336726665496826 1.3307987451553345 1.900999903678894
31 2.967942237854004 2.5603928565979004 2.199817180633545 2.6570723056793213 1.0802850723266602 2.203688383102417
32 2.9604766368865967 2.5088958740234375 2.008312463760376 2.619230031967163 1.058027982711792 2.199939727783203
33 2.9245095252990723 2.461583137512207 1.6511529684066772 2.666673421859741 1.226735234260559 2.4590260982513428
34 2.77941632270813 2.2931039333343506 1.8880809545516968 2.2954416275024414 1.2957429885864258 1.9759867191314697
35 2.751268148422241 2.312544822692871 2.0157201290130615 2.1437768936157227 1.3879753351211548 1.221053123474121
36 2.599346160888672 2.0718579292297363 1.8394535779953003 1.9652953147888184 1.1130683422088623 1.3612172603607178
37 2.8004515171051025 2.3926901817321777 2.4432969093322754 1.9632933139801025 1.40592360496521 1.3733844757080078
38 3.1149816513061523 2.851400375366211 2.753077745437622 2.3226232528686523 1.350916862487793 1.949585199356079
39 3.5533738136291504 3.3102939128875732 2.841521739959717 1.9784704446792603 1.5502140522003174 1.4907796382904053
40 3.2786660194396973 2.958150863647461 2.7863566875457764 1.9360063076019287 1.8808114528656006 1.3914128541946411
41 2.8772568702697754 2.449488878250122 2.6927289962768555 1.7647935152053833 1.6724326610565186 1.0752936601638794
42 3.4057974815368652 3.028203248977661 2.2029101848602295 1.951339602470398 1.847314715385437 1.2442392110824585
43 3.0552494525909424 2.633043050765991 1.724948763847351 2.043076753616333 1.4841009378433228 1.3742057085037231
44 3.1079747676849365 2.7136800289154053 2.106410264968872 2.1629629135131836 1.7263305187225342 1.8032327890396118
45 3.2699029445648193 2.8419458866119385 1.9782627820968628 2.6947927474975586 1.762886881828308 2.4297194480895996
46 3.4020514488220215 3.0426406860351563 2.2105369567871094 2.651628255844116 1.5530840158462524 1.8060303926467896
47 3.142348051071167 2.785661458969116 2.478131055831909 2.4285616874694824 1.3112033605575562 1.67984139919281
48 3.1024580001831055 2.754164695739746 2.4096932411193848 2.817922353744507 1.4344706535339355 1.8495519161224365
49 3.5332753658294678 3.3515143394470215 3.336063861846924 3.0651562213897705 1.5294257402420044 1.669129490852356
50 3.402188777923584 3.102250337600708 2.8485825061798096 2.857218027114868 1.2506542205810547 1.8455740213394165
51 3.2384562492370605 2.7902793884277344 2.514500856399536 2.7267680168151855 1.552239179611206 1.5788601636886597
52 3.380596160888672 3.086216449737549 2.7529494762420654 2.5441014766693115 1.4179412126541138 1.5584125518798828
53 3.2352051734924316 2.895658493041992 2.7492835521698 2.5996272563934326 1.6388050317764282 1.8851062059402466
54 3.0483973026275635 2.6479828357696533 2.5763275623321533 2.378237724304199 1.9242089986801147 1.5450682640075684
55 3.156630277633667 2.8356668949127197 2.546499013900757 2.480299234390259 1.4534275531768799 1.2890803813934326
56 3.1941840648651123 2.8303120136260986 2.631488084793091 2.586289882659912 1.6836053133010864 1.9166172742843628
57 3.109949827194214 2.8176472187042236 2.704540729522705 2.695174217224121 1.7215687036514282 1.6510568857192993
58 3.3806920051574707 3.1514291763305664 3.073185920715332 2.8659768104553223 1.9808717966079712 2.1791558265686035
59 3.2690157890319824 2.9133126735687256 2.462717056274414 2.724915027618408 1.9259687662124634 2.1873855590820313
60 3.083491086959839 2.6964240074157715 2.366307020187378 2.661975145339966 2.1586122512817383 1.8837772607803345
61 3.0878005027770996 2.6702375411987305 2.103156328201294 2.774749755859375 1.4874473810195923 2.1108696460723877
62 3.262838840484619 2.872220993041992 2.456480026245117 2.8143677711486816 1.786580204963684 1.9590932130813599
63 3.2591514587402344 2.935368537902832 2.579723358154297 2.7225899696350098 1.9086929559707642 1.9374395608901978
64 3.1342265605926514 2.745554208755493 2.4496095180511475 2.645528554916382 2.021470546722412 1.634300708770752
65 2.9435231685638428 2.5254814624786377 1.9362365007400513 2.8383588790893555 1.4831645488739014 1.9584165811538696
66 3.5367510318756104 3.2373626232147217 2.697117567062378 2.8783838748931885 3.1502585411071777 1.9179046154022217
67 3.4785513877868652 3.17702317237854 2.7248027324676514 2.9835188388824463 3.2137444019317627 1.932522177696228
68 3.644312620162964 3.3266396522521973 3.0657830238342285 2.890681266784668 3.2891011238098145 1.8374855518341064
69 3.246954917907715 2.9219064712524414 2.5034983158111572 2.953378438949585 2.7363779544830322 1.873225212097168
70 3.2059719562530518 2.7769625186920166 2.2962136268615723 3.000478744506836 2.380570888519287 1.8942140340805054
71 3.267883062362671 2.915316104888916 2.6909239292144775 2.9421427249908447 3.0261754989624023 1.7531572580337524
72 3.361269474029541 2.9693071842193604 2.274055004119873 3.0009872913360596 2.2495241165161133 1.9798756837844849
73 3.0551302433013916 2.5765955448150635 2.1550374031066895 2.681075096130371 2.083695411682129 1.9431123733520508
74 3.2221858501434326 2.7873826026916504 2.179579973220825 3.0574357509613037 2.3658053874969482 2.094679355621338
75 3.225001335144043 2.77190899848938 2.5722641944885254 2.7542388439178467 2.8368215560913086 1.7967309951782227
76 3.535951614379883 3.157522201538086 2.927865743637085 2.645995855331421 2.8862459659576416 1.782660722732544
77 3.348515272140503 2.969566583633423 2.832763671875 2.816542625427246 2.323643922805786 1.8303622007369995
78 3.393772840499878 3.013380527496338 2.8955838680267334 2.1533098220825195 3.0742931365966797 1.7263774871826172
79 3.2351443767547607 2.7646350860595703 3.02972674369812 1.9784706830978394 2.6820871829986572 1.6811702251434326
80 3.1960697174072266 2.6973021030426025 2.9093031883239746 2.1934726238250732 2.5212924480438232 1.6638671159744263
81 3.8818812370300293 3.5670430660247803 3.3295953273773193 1.9477429389953613 3.166584014892578 1.4279189109802246
82 3.208514928817749 2.7812163829803467 2.910879135131836 2.3405239582061768 3.1034796237945557 1.4509166479110718
83 3.4309494495391846 3.02036452293396 2.9730546474456787 2.2918386459350586 2.8842480182647705 1.5082067251205444
84 3.48868727684021 3.0970990657806396 3.209967613220215 2.276064395904541 3.220857620239258 1.8381460905075073
85 3.241994619369507 2.6958963871002197 2.8105998039245605 2.330601453781128 2.728515863418579 1.495072603225708
86 3.2079291343688965 2.7480437755584717 2.722022533416748 2.4335780143737793 2.420781135559082 1.4219025373458862
87 3.0874528884887695 2.6531481742858887 2.529843807220459 2.5310261249542236 2.2530698776245117 1.510645866394043
88 3.202683687210083 2.7715020179748535 2.568598747253418 2.546764612197876 3.1477787494659424 1.5846974849700928
89 3.4366064071655273 2.9491255283355713 2.7693982124328613 2.4664597511291504 3.379368782043457 1.735432744026184
90 3.284229278564453 2.7347307205200195 2.7119693756103516 2.263528823852539 3.2693943977355957 1.6368366479873657
91 3.2852706909179688 2.790949583053589 2.414987325668335 2.6542320251464844 2.687664031982422 2.0115716457366943
92 3.414499282836914 3.037397861480713 3.332364559173584 2.278775215148926 2.9503884315490723 1.758384346961975
93 3.1635730266571045 2.6624226570129395 2.48520827293396 2.5257339477539063 2.582597017288208 1.8073968887329102
94 3.2246320247650146 2.803847551345825 2.7260475158691406 2.6409335136413574 2.5553438663482666 1.6788393259048462
95 3.1754813194274902 2.769010305404663 2.6186470985412598 2.6025872230529785 1.8965591192245483 1.7346837520599365
96 3.361780881881714 2.969343900680542 2.8080506324768066 2.618173599243164 2.3272433280944824 1.9537928104400635
97 3.494309663772583 3.1574673652648926 2.693582057952881 2.9516639709472656 2.3956358432769775 1.8577452898025513
98 3.3075430393218994 2.8991968631744385 2.635122060775757 2.880033493041992 1.9212515354156494 1.9259880781173706
99 3.5623574256896973 3.2040011882781982 3.1730685234069824 2.93088698387146 2.3227956295013428 1.7105193138122559
100 3.4164960384368896 3.0629377365112305 2.8110790252685547 2.978991746902466 2.294206380844116 1.8500508069992065
101 3.3146774768829346 2.940875291824341 2.899125099182129 2.5885684490203857 1.9419773817062378 1.9179928302764893
102 3.167957305908203 2.6922733783721924 2.538346529006958 2.559922933578491 1.7912501096725464 1.6596479415893555
103 3.258549213409424 2.7736289501190186 2.619436264038086 2.5891904830932617 1.7109001874923706 1.483984112739563
104 3.243342399597168 2.8052332401275635 2.480327606201172 2.673567771911621 2.0256264209747314 1.533759593963623
105 3.144775390625 2.631922483444214 2.370048761367798 2.5148212909698486 2.034852981567383 1.8589391708374023
106 3.3206887245178223 2.8711466789245605 2.3440499305725098 2.646862506866455 2.1161751747131348 1.6858974695205688
107 3.1513538360595703 2.6827306747436523 2.26192569732666 2.831763744354248 2.052924394607544 1.3639580011367798
108 3.240861177444458 2.7696659564971924 2.2003002166748047 2.803712844848633 2.071122407913208 1.781225323677063
109 2.927006483078003 2.2430918216705322 1.9694786071777344 2.38246488571167 1.9556100368499756 1.7506663799285889
110 3.068326234817505 2.4223926067352295 2.2131729125976563 2.503662109375 2.050492525100708 1.7993180751800537
111 3.035123348236084 2.5239462852478027 2.1419155597686768 2.620763063430786 2.0887680053710938 1.5991266965866089
112 3.2998335361480713 2.9051342010498047 2.430593967437744 3.06300950050354 2.337238311767578 1.9223660230636597
113 3.1182167530059814 2.657283067703247 2.259744644165039 2.8162434101104736 2.232506036758423 1.6880730390548706
114 3.310483694076538 2.9175539016723633 2.982544183731079 2.550776958465576 3.571712017059326 1.9787417650222778
115 3.402494430541992 3.017631769180298 2.93696665763855 2.7652432918548584 3.283412456512451 1.918260097503662
116 3.1248607635498047 2.597627878189087 2.465132474899292 2.341313123703003 3.0123584270477295 1.8844488859176636
117 3.321927547454834 2.822664976119995 2.6607940196990967 2.191438913345337 3.157494306564331 1.8610848188400269
118 3.142305850982666 2.517453908920288 2.637648105621338 2.11142897605896 3.0986621379852295 1.8070191144943237
119 3.1026577949523926 2.4890408515930176 2.548468589782715 2.1794450283050537 2.88369083404541 1.6859875917434692
120 3.1621720790863037 2.5763251781463623 2.5834665298461914 2.2545535564422607 3.1066834926605225 1.8786498308181763
121 3.2947847843170166 2.76399827003479 2.7175800800323486 2.587691068649292 3.154637575149536 1.940390944480896
122 3.3919901847839355 2.9243578910827637 2.7450084686279297 2.898796319961548 3.053051710128784 2.2722842693328857
123 3.557521104812622 3.0888404846191406 2.8973045349121094 2.839975595474243 3.245891809463501 1.9971226453781128
124 3.455467700958252 3.0661027431488037 2.755680799484253 2.995417356491089 3.1741371154785156 2.042837381362915
125 3.5754032135009766 3.2100186347961426 3.0338544845581055 3.1025943756103516 3.2220447063446045 2.0256118774414063
126 3.6463048458099365 3.2897276878356934 3.175179958343506 2.9828648567199707 3.303114414215088 2.254127025604248
127 3.476130485534668 3.084110736846924 2.814574956893921 3.046396493911743 2.9472124576568604 2.0865423679351807
128 3.5211188793182373 3.278207778930664 3.107038736343384 3.1393096446990967 2.858306884765625 1.8689754009246826
129 3.6806657314300537 3.410696506500244 3.1195173263549805 3.086897373199463 3.0011000633239746 2.0769965648651123
130 3.673391103744507 3.399592399597168 3.3138833045959473 3.098210096359253 2.819310426712036 1.9928852319717407
131 3.688386917114258 3.439796209335327 3.553391218185425 2.9093639850616455 3.024256706237793 1.8895800113677979
132 3.632035255432129 3.4273030757904053 3.6134426593780518 2.8586819171905518 3.123572587966919 1.792464017868042
133 3.560051202774048 3.3034462928771973 3.555577039718628 2.55491042137146 3.0741920471191406 1.9373799562454224
134 3.5286290645599365 3.2825334072113037 3.471595287322998 2.580228090286255 2.893671751022339 2.0753846168518066
135 3.579960823059082 3.33941650390625 3.5317490100860596 2.7851500511169434 2.9179463386535645 1.7938069105148315
136 3.579573392868042 3.28829288482666 3.4579193592071533 2.8879125118255615 2.6944761276245117 1.8072329759597778
137 3.5854039192199707 3.2273623943328857 3.460766077041626 2.7046849727630615 2.805093288421631 1.8109345436096191
138 3.644904375076294 3.3909518718719482 3.40016508102417 2.9749231338500977 2.7741360664367676 2.1672134399414063
139 3.4833731651306152 3.263364791870117 3.5205013751983643 2.7494072914123535 3.123314619064331 1.830838918685913
140 3.4816155433654785 3.2290642261505127 3.4042646884918213 2.7587320804595947 3.2442619800567627 1.7504726648330688
141 3.6354637145996094 3.40608811378479 3.614048719406128 2.842794895172119 3.4036881923675537 1.9640977382659912
142 3.7154078483581543 3.476045608520508 3.5020506381988525 2.9141128063201904 3.1181209087371826 1.7926580905914307
143 3.8138794898986816 3.654561758041382 3.562797784805298 3.063918352127075 3.3739256858825684 1.7474113702774048
144 3.3351807594299316 2.991694927215576 2.732253313064575 2.8207807540893555 2.956021547317505 1.845729947090149
145 3.414266586303711 3.079838752746582 2.832669496536255 3.05001163482666 3.145550489425659 1.86946702003479
146 3.289228677749634 2.927009105682373 2.4634861946105957 3.0503578186035156 2.886171817779541 1.7475999593734741
147 3.358137845993042 2.9945149421691895 2.6600112915039063 2.9789700508117676 3.3503963947296143 1.7911431789398193
148 3.502497673034668 3.1463377475738525 3.0457775592803955 2.761532783508301 3.3416783809661865 1.6869982481002808
149 3.2964563369750977 2.9304938316345215 2.7605862617492676 2.8249998092651367 3.29814076423645 1.5354175567626953
150 3.4915194511413574 3.103536605834961 2.8253962993621826 2.933122396469116 3.2783637046813965 1.9061359167099
151 3.7295196056365967 3.4174463748931885 2.9304141998291016 3.121044397354126 3.1710691452026367 2.261831045150757
152 3.373488426208496 3.024885654449463 2.786223888397217 2.8884167671203613 2.8943121433258057 1.7839258909225464
153 3.3959367275238037 3.033919334411621 2.8313608169555664 2.9682977199554443 3.241940498352051 1.89192533493042
154 3.5265183448791504 3.162372350692749 2.9988951683044434 2.9151289463043213 3.247086524963379 2.2015132904052734
155 3.351884365081787 2.915278434753418 2.6477468013763428 2.6699647903442383 2.8751142024993896 1.952358365058899
156 3.4465301036834717 3.0207865238189697 2.9774627685546875 2.6565935611724854 3.0745487213134766 1.8546860218048096
157 3.4522695541381836 3.0682568550109863 2.739598035812378 3.130951404571533 2.8874261379241943 2.030986785888672
158 3.512326955795288 3.0451407432556152 2.820091724395752 2.8188180923461914 3.1628339290618896 1.9976075887680054
159 3.4995298385620117 3.11372447013855 3.0280849933624268 2.877148151397705 2.9575071334838867 1.9093787670135498
160 3.477235794067383 3.111370325088501 2.929314613342285 2.9158332347869873 3.138396978378296 1.8743199110031128
161 3.5978145599365234 3.230142593383789 2.911848783493042 2.980463743209839 3.086426258087158 1.9772138595581055
162 3.6660525798797607 3.2932069301605225 2.862973928451538 3.1457226276397705 2.965169668197632 2.09877347946167
163 3.4994277954101563 3.0838747024536133 2.707063913345337 3.061079740524292 2.986102342605591 2.0464096069335938
164 3.4838900566101074 3.0968899726867676 2.8857979774475098 2.919926881790161 3.0799691677093506 1.9227187633514404
165 3.5689547061920166 3.123609781265259 2.8314218521118164 2.96946120262146 2.9687118530273438 1.9543365240097046
166 3.415313959121704 2.913620710372925 2.8361761569976807 2.774634599685669 3.223036527633667 2.115624189376831
167 3.39355731010437 2.912393569946289 2.8559792041778564 2.5858116149902344 3.0200235843658447 1.9384418725967407
168 3.5357301235198975 3.097813606262207 2.826639175415039 2.7580270767211914 2.995591402053833 2.1627988815307617
169 3.483983278274536 3.0216288566589355 2.60904860496521 2.6716723442077637 2.6742169857025146 2.149975299835205
170 3.4927637577056885 2.987687349319458 2.6347179412841797 2.674226999282837 2.8762030601501465 2.128748893737793
171 3.4656758308410645 2.966419219970703 2.862297773361206 2.762742042541504 2.9280378818511963 2.1109259128570557
172 3.40761661529541 2.955101490020752 2.7489771842956543 2.7941300868988037 2.994716167449951 2.0154318809509277
173 4.575684070587158 4.3399457931518555 3.0873379707336426 4.206772327423096 2.9012584686279297 2.3104610443115234
174 4.235846519470215 3.948962450027466 3.2157490253448486 4.042498588562012 3.084427833557129 2.142867088317871
175 4.235626697540283 3.951157808303833 2.7140519618988037 4.402881145477295 2.9662415981292725 2.632564067840576
176 4.349720478057861 4.1549859046936035 2.8424172401428223 4.704671859741211 3.230752944946289 2.7926971912384033
177 4.258719444274902 4.093416213989258 3.0019609928131104 4.086799621582031 2.9888644218444824 2.808072566986084
178 4.311994552612305 4.0573649406433105 3.102158546447754 4.465300559997559 3.4416253566741943 2.8699405193328857
179 4.186885356903076 4.002608776092529 3.1232237815856934 4.3469014167785645 3.33539080619812 3.025827407836914
180 4.188389778137207 3.937023639678955 2.833219528198242 4.460294246673584 3.4200849533081055 2.998927354812622
181 3.8567705154418945 3.581061363220215 2.9947690963745117 3.7343406677246094 3.506953716278076 1.9505932331085205
182 4.363744735717773 4.110602378845215 2.8767588138580322 4.574823379516602 2.933305501937866 2.5032477378845215
183 4.365498065948486 4.197907447814941 3.353991746902466 4.287289142608643 2.9456517696380615 2.508538007736206
184 4.125460147857666 3.8460693359375 2.9454030990600586 4.105349540710449 2.980961322784424 2.4130773544311523
185 4.114898681640625 3.8761956691741943 3.3317649364471436 3.9338934421539307 2.9130609035491943 2.5305302143096924
186 4.196682453155518 4.062987327575684 3.7338500022888184 3.87904953956604 2.845517873764038 2.3022046089172363
187 4.150398254394531 3.96733021736145 3.8531439304351807 3.3601460456848145 2.778001546859741 2.2330551147460938
188 4.081864833831787 3.829665184020996 3.5277082920074463 3.316209077835083 2.8184006214141846 2.3222477436065674
189 4.070777416229248 3.8306703567504883 3.8896865844726563 2.9388394355773926 2.9010589122772217 2.0568792819976807
190 4.284614562988281 4.103153228759766 3.7562434673309326 3.1715497970581055 2.732530355453491 2.4352610111236572
191 3.817600727081299 3.5485165119171143 3.789036273956299 2.665569543838501 2.8949029445648193 2.1149067878723145
192 4.193422794342041 3.9683992862701416 3.8522043228149414 3.2945570945739746 2.9693973064422607 2.971914052963257
193 4.203580379486084 3.9869179725646973 3.9463024139404297 2.903271436691284 2.7177042961120605 2.4566664695739746
194 4.033357620239258 3.735060214996338 3.7085413932800293 3.0108530521392822 2.765044689178467 2.5562331676483154
195 4.332592487335205 4.224971294403076 3.8096814155578613 4.152529239654541 2.804936170578003 2.3426671028137207
196 4.499336242675781 4.330605983734131 3.5886809825897217 4.320502281188965 2.815964937210083 2.245820999145508
197 4.37558650970459 4.210177898406982 3.586217164993286 4.2122650146484375 3.2199058532714844 2.8003008365631104
198 4.637248516082764 4.476588726043701 3.3231465816497803 4.8295111656188965 3.41239070892334 2.820666790008545
199 4.547372817993164 4.380095958709717 3.553475856781006 4.482760906219482 3.5445568561553955 2.8326778411865234
200 4.500988006591797 4.442100524902344 3.5889053344726563 4.505734443664551 3.5356810092926025 2.379098892211914
201 4.350779056549072 4.222055912017822 3.515782356262207 4.195806980133057 2.9895389080047607 2.4900169372558594
202 4.905941486358643 4.888725280761719 3.466606616973877 5.446321487426758 2.975351333618164 2.7175960540771484
203 5.147913455963135 5.228272438049316 3.6234822273254395 5.940755367279053 3.0488014221191406 2.6336348056793213
204 5.532676696777344 5.685229778289795 3.7660257816314697 6.393190860748291 2.9769411087036133 2.7866146564483643
205 5.412848472595215 5.4520721435546875 3.596341848373413 6.145720958709717 2.8610918521881104 2.7988927364349365
206 5.21010684967041 5.239614963531494 3.603792428970337 5.834212779998779 3.0534698963165283 2.781637668609619
207 5.19387674331665 5.129807472229004 3.827453374862671 5.664156913757324 2.980642795562744 2.5175344944000244
208 4.82346773147583 4.687776565551758 3.3357701301574707 5.207192420959473 2.785334825515747 2.2964720726013184
209 4.792212009429932 4.708028316497803 3.6781530380249023 5.094409942626953 2.9019739627838135 2.4053494930267334
210 4.52541446685791 4.346875190734863 3.5265493392944336 4.634988307952881 2.9446234703063965 2.135474920272827
211 5.118130207061768 5.164233207702637 3.6982502937316895 5.723986625671387 2.7434866428375244 2.3609044551849365
212 5.157798767089844 5.213376998901367 3.5810511112213135 5.912199020385742 2.516493558883667 2.3741953372955322
213 5.002852439880371 5.049432754516602 3.528214693069458 5.7896037101745605 3.1252553462982178 2.464109420776367
214 5.012639045715332 5.057369232177734 3.317892074584961 5.840041637420654 2.9943463802337646 2.185673952102661
215 5.456893444061279 5.563072204589844 3.482302665710449 5.73217248916626 2.845116138458252 2.402379274368286
216 5.132373332977295 5.207629680633545 3.472794532775879 5.988406181335449 2.8699426651000977 2.325937032699585
217 5.184210777282715 5.255115985870361 3.567526340484619 6.110229015350342 3.1443746089935303 2.6491763591766357
218 4.869627952575684 4.885961532592773 3.4242990016937256 5.550036907196045 2.8483335971832275 2.301999807357788
219 5.186873912811279 5.242530822753906 3.4855408668518066 6.0950927734375 2.8837978839874268 2.6317145824432373
220 5.141020774841309 5.12476921081543 3.4259653091430664 5.867753505706787 2.7009682655334473 2.417732000350952
221 4.861420154571533 4.868453025817871 3.2801547050476074 5.645790100097656 2.679234027862549 2.2864747047424316
222 5.081422805786133 5.094764232635498 3.5249509811401367 5.903805255889893 2.765010118484497 2.414523124694824
223 5.056339263916016 5.007036209106445 3.745065689086914 5.532914638519287 2.977098226547241 2.5509893894195557
224 4.855447292327881 4.8505377769470215 3.584975242614746 5.241393089294434 3.0928895473480225 2.2952890396118164
225 4.98402738571167 4.994411945343018 3.6823201179504395 5.644461154937744 3.249185085296631 2.443549156188965
226 4.568934440612793 4.390798091888428 3.3765006065368652 4.539702415466309 3.1700305938720703 2.069559097290039
227 4.8893866539001465 4.874505996704102 3.6282804012298584 5.279303073883057 3.098184585571289 2.358795642852783
228 4.663707733154297 4.576094150543213 3.550968647003174 4.958287715911865 3.002488374710083 2.3386659622192383
229 4.653601169586182 4.587047100067139 3.4725546836853027 5.081621170043945 2.8650519847869873 2.1929728984832764
230 4.615024566650391 4.51491641998291 3.2199018001556396 5.077449321746826 2.7019059658050537 2.478245496749878
231 4.511687755584717 4.403946399688721 3.372321367263794 4.687193393707275 2.649883270263672 2.4486398696899414
232 4.21486234664917 4.050709247589111 3.214357614517212 4.2102370262146 2.806870222091675 2.4670820236206055
233 4.294290542602539 4.1378889083862305 3.4040637016296387 4.357068061828613 3.301482915878296 2.5554254055023193
234 4.94258451461792 4.940313339233398 3.348939895629883 5.28201961517334 3.020538330078125 2.264366388320923
235 4.793782711029053 4.689392566680908 3.262395143508911 5.1828131675720215 2.938901901245117 2.4957997798919678
236 4.819695472717285 4.7718987464904785 3.2288830280303955 5.330173015594482 3.018483877182007 2.3768646717071533
237 4.928628444671631 4.89428186416626 3.4471163749694824 5.081841945648193 3.1853504180908203 2.552048444747925
238 4.858529090881348 4.806463241577148 3.497091293334961 5.22676944732666 3.374373435974121 2.3280653953552246
239 4.843721866607666 4.803426742553711 3.6221134662628174 5.035861492156982 3.3737878799438477 2.354652166366577
240 4.774273872375488 4.77556037902832 3.401671886444092 5.217552185058594 2.8832879066467285 2.6569883823394775
241 4.810652732849121 4.811173439025879 3.30336332321167 5.241954803466797 2.9152774810791016 2.589581251144409
242 4.668712615966797 4.601253509521484 3.380528450012207 5.046863555908203 2.99544358253479 2.769493579864502
243 4.676756381988525 4.63062047958374 3.364745855331421 5.120386123657227 3.0127410888671875 2.5387930870056152
244 4.533876419067383 4.469091415405273 3.273331642150879 4.973606109619141 2.99061918258667 2.3325908184051514
245 4.675853252410889 4.704083442687988 3.441079616546631 5.116765975952148 3.0839319229125977 2.300323247909546
246 4.710379600524902 4.767532825469971 3.6489806175231934 5.225172996520996 3.3172805309295654 2.4477105140686035
247 4.714509010314941 4.668643951416016 3.4647605419158936 4.910428047180176 3.328030586242676 2.2593681812286377
248 4.670682907104492 4.697948932647705 3.530841588973999 5.165716171264648 2.996913194656372 2.2241854667663574
249 4.5059285163879395 4.484090328216553 3.3770031929016113 4.853991508483887 3.1139605045318604 2.078075408935547
250 4.773911476135254 4.777660369873047 3.413266658782959 5.331801891326904 2.894951343536377 2.6288211345672607
251 4.728094577789307 4.746534824371338 3.6676230430603027 5.228866100311279 3.191296339035034 2.5057144165039063
252 4.830307483673096 4.853384494781494 3.5845727920532227 5.187547206878662 3.643095016479492 2.548192024230957
253 4.850002288818359 4.8218488693237305 3.4674551486968994 5.169414043426514 3.2771239280700684 2.7140016555786133
254 4.732212066650391 4.725635528564453 3.590869903564453 5.147007465362549 3.4461774826049805 2.462803602218628
255 4.610565185546875 4.592099189758301 3.5727055072784424 5.02524471282959 3.3315157890319824 2.406876802444458
256 4.5963969230651855 4.613816261291504 3.5086684226989746 5.027263164520264 3.2229115962982178 2.435479164123535
257 4.638517379760742 4.632818698883057 3.442110538482666 5.160307884216309 3.064389705657959 2.37327241897583
258 4.83054780960083 4.79748010635376 3.570030927658081 5.323718070983887 3.1666336059570313 2.6017048358917236
259 4.912502288818359 4.880383491516113 3.634692668914795 5.382917404174805 3.2472870349884033 2.543229103088379
260 4.743335247039795 4.658194541931152 3.370985507965088 5.256089210510254 3.2752492427825928 2.4166972637176514
261 4.870599746704102 4.912658214569092 3.4985623359680176 5.5979228019714355 3.072779655456543 2.8445513248443604
262 4.860302448272705 4.8073272705078125 3.3179104328155518 5.436672210693359 3.083037853240967 2.599520683288574
263 5.008525848388672 5.005936622619629 3.813568353652954 5.372044563293457 3.7042887210845947 2.546825647354126
264 4.884016036987305 4.885651111602783 3.580872058868408 5.4690070152282715 2.9341516494750977 2.545318365097046
265 4.800383567810059 4.770575046539307 3.5070459842681885 5.350893974304199 2.847683906555176 2.377225875854492
266 4.851279258728027 4.7763142585754395 3.518603801727295 5.337817192077637 2.942847967147827 2.4849817752838135
267 4.784805774688721 4.68802547454834 3.378382921218872 4.9287919998168945 3.035465717315674 2.3654961585998535
268 4.949233055114746 4.943935394287109 3.369555950164795 5.020903587341309 2.923274517059326 2.0001180171966553
269 4.759284019470215 4.764968395233154 3.428558588027954 5.314855575561523 2.846400260925293 2.3028972148895264
270 4.935949802398682 4.948520660400391 3.7443060874938965 5.116940975189209 3.2348124980926514 2.420437812805176
271 4.803343772888184 4.782309532165527 3.5156631469726563 5.25595235824585 3.068650484085083 2.469649314880371
272 4.662789344787598 4.623939514160156 3.5768182277679443 5.019137382507324 2.7474663257598877 2.3121464252471924
273 4.817145347595215 4.776828765869141 3.700514793395996 5.106137275695801 2.996258497238159 2.3660995960235596
274 4.823130130767822 4.880080699920654 3.9314963817596436 5.124085426330566 3.486661434173584 2.248682975769043
275 4.784160137176514 4.774750709533691 3.78072190284729 5.043935298919678 3.4375112056732178 2.2320339679718018
276 4.8695387840271 4.8629560470581055 3.5842883586883545 5.415503978729248 3.190641403198242 2.439181089401245
277 4.993117332458496 4.984617233276367 3.700810194015503 5.3555755615234375 3.279412269592285 2.3980283737182617
278 5.2227983474731445 5.323115348815918 3.758419990539551 5.850555419921875 3.0850353240966797 2.3344316482543945
279 4.9869256019592285 4.9502458572387695 3.614154577255249 5.264586925506592 3.170470714569092 2.446038246154785
280 5.151627540588379 5.182741641998291 3.8372604846954346 5.505095481872559 3.5606954097747803 2.1562676429748535
281 5.135984420776367 5.150860786437988 3.8493223190307617 5.25853157043457 3.503537893295288 2.2458128929138184
282 5.001743793487549 5.055392742156982 3.6863505840301514 5.638598918914795 3.288174867630005 2.336732864379883
283 4.814877033233643 4.870059967041016 3.688955307006836 5.290564060211182 3.446932077407837 2.322648525238037
284 5.110504150390625 5.1754326820373535 3.7824645042419434 5.349386692047119 3.5085256099700928 2.4593818187713623
285 4.908908367156982 4.945980548858643 3.84587025642395 5.433221340179443 3.4594106674194336 2.2607367038726807
286 4.988816261291504 5.004821300506592 3.784012794494629 5.447824478149414 3.7303240299224854 2.473008632659912
287 5.158969879150391 5.245503902435303 3.966733455657959 5.54923677444458 4.072647571563721 2.4009897708892822
288 5.0226240158081055 5.0382208824157715 3.5939157009124756 5.188262462615967 3.3477442264556885 2.104130268096924
289 4.771905422210693 4.675456523895264 3.4077866077423096 4.9246039390563965 3.4897358417510986 2.712545394897461
290 4.654107570648193 4.6336188316345215 3.686737537384033 4.776634693145752 3.6455771923065186 2.364908218383789
291 4.806004524230957 4.7332353591918945 3.599015235900879 4.9893951416015625 3.0770556926727295 2.3673653602600098
292 4.577065944671631 4.372705936431885 3.4933977127075195 4.632565498352051 3.098733901977539 2.530972957611084
293 4.823873519897461 4.733232498168945 3.39070987701416 4.46579122543335 2.9102072715759277 2.4193925857543945
294 4.620091915130615 4.555642604827881 3.29725980758667 4.740512371063232 2.7724714279174805 2.28183650970459
295 4.397546291351318 4.204311847686768 3.4660985469818115 4.063233375549316 3.1674726009368896 2.41280198097229
296 4.318807125091553 4.16910457611084 3.7158172130584717 4.300475120544434 2.966265916824341 2.7693264484405518
297 4.6567816734313965 4.617438316345215 3.4339003562927246 4.696021556854248 2.968695640563965 2.226747751235962
298 4.771978855133057 4.675103187561035 3.4579434394836426 4.7123847007751465 3.165466785430908 2.0518295764923096
299 4.633376121520996 4.558026313781738 3.474329710006714 4.808924674987793 3.0514752864837646 2.210710287094116
300 4.859296798706055 4.791050910949707 3.40850567817688 4.4923624992370605 3.141406536102295 2.2681612968444824
301 4.9646806716918945 4.972806453704834 3.4493610858917236 4.636547088623047 2.915634870529175 2.5013909339904785
302 4.559201717376709 4.476673126220703 3.8353240489959717 4.547074794769287 3.0187454223632813 2.4242193698883057
303 4.8451361656188965 4.783431053161621 3.445435047149658 4.484163284301758 2.8697400093078613 2.6564314365386963
304 4.721606731414795 4.7571563720703125 3.3512260913848877 4.952389240264893 2.712632656097412 2.3176891803741455
305 4.761629581451416 4.746128559112549 3.372868061065674 4.943504810333252 2.7226932048797607 2.48675799369812
306 4.8123555183410645 4.807597637176514 3.282663345336914 5.250091552734375 2.5646395683288574 2.6888041496276855
307 4.8684773445129395 4.84127950668335 3.296092987060547 4.9087724685668945 2.7762417793273926 2.4439656734466553
308 4.6143317222595215 4.507498264312744 3.4014406204223633 4.9297990798950195 2.978067398071289 2.3911335468292236
309 4.796506404876709 4.775223255157471 3.408411741256714 4.964187145233154 3.3395886421203613 2.402343273162842
310 4.967726707458496 4.969182014465332 3.6325531005859375 4.941216945648193 3.504054069519043 2.4666740894317627
311 4.729250431060791 4.724720001220703 3.489985227584839 4.864035129547119 3.3092293739318848 2.306964874267578
312 4.75567102432251 4.701012134552002 3.604823589324951 4.801776885986328 3.3031692504882813 2.4616293907165527
313 4.532071590423584 4.481359004974365 3.405475616455078 4.884261131286621 2.7606873512268066 2.088451862335205
314 4.711318016052246 4.628190040588379 3.5312397480010986 4.8634419441223145 2.9506406784057617 2.413546323776245
315 4.759458065032959 4.706776142120361 3.4871826171875 4.969402313232422 3.007413864135742 2.133572578430176
316 4.777859210968018 4.759323596954346 3.6511106491088867 4.89858341217041 2.9660916328430176 2.173656702041626
317 4.361138820648193 4.272068500518799 3.2472574710845947 4.593152046203613 2.895564317703247 2.191096782684326
318 4.611599922180176 4.504133224487305 3.375871419906616 4.522698879241943 3.0984880924224854 2.377347469329834
319 4.422645092010498 4.311316013336182 3.4690194129943848 4.414229393005371 3.4115476608276367 2.2303600311279297
320 4.567907810211182 4.530537128448486 3.248528003692627 4.898366928100586 3.285914659500122 2.3659136295318604
321 4.724637031555176 4.712327003479004 3.606825828552246 4.894371509552002 3.459179639816284 2.483442783355713
322 4.828434944152832 4.761188507080078 3.1504201889038086 4.726821422576904 3.088136672973633 2.602094888687134
323 4.629535675048828 4.558952808380127 3.4128036499023438 4.5747199058532715 3.0525434017181396 2.1246681213378906
324 4.645035743713379 4.592343807220459 3.75443434715271 4.8436431884765625 3.067887306213379 2.3543434143066406
325 4.552624225616455 4.423494815826416 3.525991201400757 4.70665979385376 3.1550753116607666 2.256535768508911
326 4.674774169921875 4.691620349884033 3.5795090198516846 5.042505264282227 3.0901622772216797 2.443469524383545
327 4.698339939117432 4.650291442871094 3.5534348487854004 4.898731708526611 3.114325761795044 2.373865842819214
328 4.858070373535156 4.875270366668701 3.6866276264190674 5.059539794921875 2.86346435546875 2.4898111820220947
329 4.509278297424316 4.438046455383301 3.386152744293213 4.800503730773926 3.0956103801727295 2.459784746170044
330 4.1313347816467285 4.011747360229492 3.58078932762146 3.9099411964416504 2.9977145195007324 2.3964877128601074
331 4.366235733032227 4.31542444229126 3.6457974910736084 4.445280075073242 3.2459776401519775 2.144874095916748
332 4.254759788513184 4.150578498840332 3.6101183891296387 4.250169277191162 3.2681214809417725 2.3357510566711426
333 4.491049766540527 4.515273571014404 3.594214916229248 4.545172691345215 3.409337043762207 2.324002981185913
334 4.437630653381348 4.338942527770996 3.594550132751465 4.161149024963379 3.712916851043701 2.3631439208984375
335 4.379361152648926 4.3165388107299805 3.64625883102417 4.194597244262695 3.52907395362854 2.3308804035186768
336 4.924441337585449 4.9697585105896 3.482436180114746 5.397628307342529 3.438494920730591 2.4049665927886963
337 4.6652092933654785 4.6852850914001465 3.6090002059936523 5.121368408203125 3.241544246673584 2.2608697414398193
338 4.727578163146973 4.728062152862549 3.67173433303833 4.653834819793701 3.4230568408966064 2.1614773273468018
339 4.686021327972412 4.619955062866211 3.3770430088043213 4.741532802581787 3.2843613624572754 2.2455320358276367
340 5.361903190612793 5.376171588897705 3.5295841693878174 4.429956436157227 3.479518175125122 2.3911314010620117
341 5.109440326690674 5.048752784729004 3.3628644943237305 4.478463649749756 3.220341920852661 2.567925214767456
342 5.038588047027588 4.978711128234863 3.2477807998657227 4.574856281280518 2.9741148948669434 2.670159339904785
343 5.227627277374268 5.1978020668029785 3.4641284942626953 4.326953887939453 3.6276392936706543 2.2815356254577637
344 4.6825714111328125 4.582889080047607 3.3914761543273926 4.323594570159912 3.036337375640869 2.3159308433532715
345 4.875149250030518 4.815646648406982 3.404297351837158 4.763369083404541 3.2133243083953857 2.4905683994293213
346 4.709941864013672 4.623189926147461 3.396083354949951 4.783506393432617 3.13915753364563 2.4836809635162354
347 4.649913311004639 4.493485450744629 3.3053605556488037 4.5827484130859375 3.0075597763061523 2.594184637069702
348 4.620613098144531 4.512433052062988 3.51212477684021 4.758626461029053 2.5666768550872803 2.394691228866577
349 4.723750591278076 4.632524490356445 3.4876081943511963 4.447770595550537 2.9231059551239014 2.082298517227173
350 4.862283229827881 4.78912353515625 3.497709035873413 4.8005523681640625 2.816040515899658 2.512721300125122
351 4.521923065185547 4.3630218505859375 3.7089622020721436 4.384304046630859 2.9790170192718506 2.349119186401367
352 4.821005821228027 4.763057231903076 3.6165411472320557 4.401607513427734 3.1943347454071045 2.419692039489746
353 4.713903903961182 4.616951942443848 3.6096370220184326 4.0291266441345215 3.0007264614105225 2.4010517597198486
354 4.542679309844971 4.490005970001221 3.601219892501831 4.473107814788818 2.879366397857666 2.4607479572296143
355 4.727945804595947 4.571462154388428 3.3121907711029053 4.331168174743652 2.8769376277923584 2.2688958644866943
356 4.5799784660339355 4.372156143188477 2.776156187057495 4.51421594619751 2.970583438873291 2.280730724334717
357 4.614253997802734 4.440838813781738 2.833523750305176 4.391274452209473 2.998462677001953 2.452216863632202
358 4.965442657470703 4.8966498374938965 3.7426533699035645 4.663093566894531 3.1591877937316895 2.327148914337158
359 4.432105541229248 4.270959854125977 3.6562652587890625 4.348073482513428 3.087987184524536 2.008476972579956
360 4.6352009773254395 4.564398288726807 3.71100115776062 4.423466682434082 3.02323579788208 2.3976104259490967
361 4.384282112121582 4.245348930358887 3.7747466564178467 3.738793134689331 3.15267276763916 1.9226839542388916
362 4.44178581237793 4.3419108390808105 3.860758066177368 4.3135457038879395 3.209890127182007 2.120816230773926
363 4.848916530609131 4.823249816894531 3.8947830200195313 4.194651126861572 3.5723743438720703 2.363067865371704
364 4.527341842651367 4.464572906494141 3.884592294692993 4.303419589996338 3.6256473064422607 2.1967616081237793
365 4.597455024719238 4.513833522796631 3.7470569610595703 4.295685291290283 3.314823627471924 2.1575231552124023
366 4.35359525680542 4.213686943054199 3.449782133102417 4.40187406539917 3.240399122238159 2.173970937728882
367 4.498649597167969 4.3931884765625 3.743248701095581 4.281883239746094 3.354149103164673 2.090620756149292
368 4.463515758514404 4.2906084060668945 3.560203790664673 4.215944290161133 3.2212204933166504 2.1183249950408936
369 4.272777557373047 4.118314743041992 3.530210494995117 4.233304500579834 3.111818790435791 2.212834358215332
370 4.659903526306152 4.597165107727051 3.769319772720337 4.345104694366455 3.2561237812042236 2.311746835708618
371 4.48457145690918 4.283557891845703 3.5376152992248535 4.319241046905518 3.1516528129577637 2.3478689193725586
372 4.730509281158447 4.572567462921143 3.5147502422332764 4.194079875946045 3.054335355758667 2.2033097743988037
373 4.476404190063477 4.361940860748291 3.68412709236145 4.190308094024658 3.457378387451172 2.1379222869873047
374 4.483288764953613 4.394867897033691 3.847191333770752 4.353389739990234 3.111546516418457 2.1514174938201904
375 4.409663677215576 4.244046211242676 3.234779119491577 4.518557071685791 2.9010493755340576 2.180715322494507
376 4.768661975860596 4.705418586730957 3.718148946762085 4.501908779144287 3.5624122619628906 2.423659086227417
377 4.469558238983154 4.375549793243408 3.7502129077911377 4.303452491760254 3.26891827583313 2.193013906478882
378 4.424053192138672 4.271054267883301 3.5513787269592285 4.520025253295898 3.104853391647339 2.3436973094940186
379 4.55052375793457 4.507904052734375 3.758100986480713 4.553074359893799 3.181086778640747 2.234138011932373
380 4.413637161254883 4.284389495849609 3.5678396224975586 4.55570650100708 2.874014377593994 2.379857063293457
381 4.387007236480713 4.221961975097656 3.3308441638946533 4.326523303985596 3.3644204139709473 2.1660284996032715
382 4.525205612182617 4.384180068969727 3.73036527633667 4.212325572967529 3.2867484092712402 2.2297816276550293
383 4.5902323722839355 4.513876438140869 3.884808301925659 4.565201282501221 3.4129652976989746 2.1200013160705566
384 4.675079345703125 4.635532855987549 3.775787591934204 4.666113376617432 3.4336609840393066 2.059070110321045
385 4.495617389678955 4.338465213775635 3.473137378692627 4.441126823425293 3.4560742378234863 2.3503875732421875
386 4.8618574142456055 4.790553092956543 3.6483383178710938 4.906655311584473 3.324794054031372 2.1332926750183105
387 4.582749843597412 4.5037946701049805 3.6100025177001953 4.528682231903076 3.35286545753479 2.0892133712768555
388 4.8961262702941895 4.902023792266846 3.7438979148864746 5.223180294036865 3.392679214477539 2.2917304039001465
389 4.644402027130127 4.557672500610352 3.8296403884887695 4.150706768035889 3.4815969467163086 1.9736683368682861
390 4.760982036590576 4.664485454559326 3.664942741394043 4.745213985443115 3.26997709274292 2.3597524166107178
391 4.650101184844971 4.577014923095703 3.446892499923706 4.865653038024902 2.8537793159484863 2.1888859272003174
392 4.434462547302246 4.3043670654296875 3.5139524936676025 4.542963027954102 2.823037624359131 2.1965980529785156
393 4.564734935760498 4.429229736328125 3.587101936340332 4.54571533203125 2.82848858833313 2.3657236099243164
394 4.486963272094727 4.37351131439209 3.4813921451568604 4.602042198181152 2.8207969665527344 2.0907111167907715
395 4.723047256469727 4.694738864898682 3.2481563091278076 5.252633094787598 2.338813543319702 2.1196110248565674
396 4.943599224090576 4.967752933502197 3.4318735599517822 5.399740695953369 3.150567054748535 2.2898871898651123
397 4.610367774963379 4.571954250335693 3.4692370891571045 5.07633113861084 2.9657065868377686 2.218061923980713
398 4.826682090759277 4.800025939941406 3.5292956829071045 5.203213214874268 3.0554161071777344 2.291677236557007
399 4.845121383666992 4.903512001037598 3.5407137870788574 5.248483180999756 3.157893657684326 2.0507619380950928
400 4.753063678741455 4.7572245597839355 3.5408709049224854 5.027101039886475 3.13858962059021 2.0964126586914063
401 4.982709884643555 5.023837089538574 3.9199583530426025 5.233605861663818 3.7018373012542725 2.0952939987182617
402 4.9899210929870605 5.047136306762695 3.6869781017303467 5.160745620727539 3.1720895767211914 2.1777215003967285
403 4.74658203125 4.754533290863037 3.431506872177124 5.077641010284424 3.1061787605285645 2.156646251678467
404 4.881988525390625 4.925351142883301 3.498112201690674 5.315877914428711 3.418450117111206 2.132730484008789
405 4.616038799285889 4.622555732727051 2.7756001949310303 5.262230396270752 2.7077221870422363 2.2451398372650146
406 5.520562648773193 5.5672783851623535 3.7503747940063477 5.16554069519043 3.3396048545837402 2.143622398376465
407 5.131176471710205 5.098133087158203 3.5580694675445557 4.844935894012451 3.018963575363159 2.1695556640625
408 5.08443021774292 5.084528923034668 3.5641956329345703 5.0082011222839355 2.700746774673462 2.0140092372894287
409 4.8978118896484375 4.930006504058838 3.6742045879364014 5.303997993469238 3.1167891025543213 1.9534711837768555
410 5.03361701965332 5.028892993927002 3.737508535385132 5.12652587890625 3.1172332763671875 2.0195815563201904
411 4.683191776275635 4.620203971862793 3.714045763015747 4.810583114624023 3.18540620803833 1.9098109006881714
412 5.2171950340271 5.186482906341553 3.4860167503356934 5.028757095336914 3.2151591777801514 2.1357734203338623
413 5.287148475646973 5.247787952423096 3.8543622493743896 4.8668622970581055 3.2365665435791016 1.9599162340164185
414 4.943080902099609 4.914133071899414 3.59859037399292 5.141437530517578 2.8339614868164063 2.094838857650757
415 4.80812406539917 4.850976943969727 3.321047782897949 5.154895782470703 3.0797576904296875 1.9636203050613403
416 4.995674133300781 4.994041442871094 3.551931619644165 4.815948009490967 2.8763175010681152 2.1496033668518066
417 5.188016414642334 5.234141826629639 3.6984598636627197 5.146941184997559 3.2301952838897705 2.171112537384033
418 4.76347017288208 4.684211730957031 3.565969228744507 4.531931400299072 3.217911958694458 2.108690023422241
419 5.169833183288574 5.229455471038818 3.8940179347991943 5.654454708099365 3.455442428588867 2.2251882553100586
420 4.954804420471191 5.02150297164917 3.8704447746276855 5.299536228179932 3.5542168617248535 2.2227675914764404
421 4.970791339874268 4.995273590087891 3.6392786502838135 5.394231796264648 2.4382288455963135 2.2954905033111572
