1 	 13.032174110412598
2 	 11.367713928222656
3 	 10.200932502746582
4 	 8.418231964111328
5 	 8.185001373291016
6 	 5.625997543334961
7 	 3.443946123123169
8 	 1.647163987159729
9 	 1.5523500442504883
10 	 1.38247811794281
11 	 1.1560077667236328
12 	 1.2289551496505737
13 	 1.2599644660949707
14 	 1.1463360786437988
15 	 1.2828168869018555
16 	 1.4741129875183105
17 	 1.3902270793914795
18 	 1.494148850440979
19 	 1.2789912223815918
20 	 1.3200411796569824
21 	 1.3922189474105835
22 	 1.1287604570388794
23 	 1.0805444717407227
24 	 1.1761950254440308
25 	 1.3587242364883423
26 	 1.3595651388168335
27 	 1.5673779249191284
28 	 1.5742530822753906
29 	 1.4370076656341553
30 	 1.4755887985229492
31 	 0.9523811340332031
32 	 0.9270219802856445
33 	 0.9558570981025696
34 	 1.1775120496749878
35 	 1.3269157409667969
36 	 1.069577693939209
37 	 0.9163709282875061
38 	 1.0624685287475586
39 	 1.1290180683135986
40 	 1.1999748945236206
41 	 1.0314717292785645
42 	 0.9316958785057068
43 	 1.0779306888580322
44 	 1.1156781911849976
45 	 0.9425886273384094
46 	 0.9649812579154968
47 	 1.089735984802246
48 	 0.9827679991722107
49 	 0.9411689639091492
50 	 0.9799522161483765
51 	 1.2720037698745728
52 	 1.1874521970748901
53 	 1.087190866470337
54 	 0.8052250742912292
55 	 0.7774364352226257
56 	 0.7569219470024109
57 	 0.7878881692886353
58 	 0.7411549687385559
59 	 0.6897025108337402
60 	 0.7530186772346497
61 	 0.9497887492179871
62 	 0.9027498364448547
63 	 0.9076558351516724
64 	 1.073361873626709
65 	 1.3244149684906006
66 	 1.3832625150680542
67 	 1.5738345384597778
68 	 1.5805611610412598
69 	 1.9447927474975586
70 	 2.471933603286743
71 	 2.6667399406433105
72 	 2.188767194747925
73 	 1.417144536972046
74 	 1.0051019191741943
75 	 0.8044407963752747
76 	 0.8520832657814026
77 	 0.76728755235672
78 	 0.6830981373786926
79 	 0.6688103079795837
80 	 0.7067597508430481
81 	 0.7807599306106567
82 	 0.8853315711021423
83 	 0.9583066701889038
84 	 0.862995982170105
85 	 0.8903699517250061
86 	 0.9396242499351501
87 	 0.8507495522499084
88 	 0.7997264862060547
89 	 0.8614907264709473
90 	 0.9263759851455688
91 	 0.7810336947441101
92 	 0.74629807472229
93 	 0.8610700964927673
94 	 0.89927077293396
95 	 0.7719690203666687
96 	 0.7753458023071289
97 	 0.8958756923675537
98 	 0.9378401637077332
99 	 0.8248112797737122
100 	 0.8758418560028076
101 	 1.428825855255127
102 	 1.8765746355056763
103 	 1.3209753036499023
104 	 1.4637341499328613
105 	 1.6481094360351563
106 	 1.6284340620040894
107 	 1.3448271751403809
108 	 1.0267136096954346
109 	 0.8109736442565918
110 	 1.0395421981811523
111 	 0.922041654586792
112 	 0.859534502029419
113 	 0.8283830285072327
114 	 0.915851354598999
115 	 1.0318447351455688
116 	 1.2839199304580688
117 	 1.108464241027832
118 	 0.9759162068367004
119 	 1.5104100704193115
120 	 2.016559362411499
121 	 2.8542587757110596
122 	 1.7170348167419434
123 	 1.759642243385315
124 	 1.2185146808624268
125 	 1.6107518672943115
126 	 1.3501877784729004
127 	 1.221124291419983
128 	 0.8555585741996765
129 	 0.7864194512367249
130 	 0.8745362758636475
131 	 0.7648027539253235
132 	 0.6861343383789063
133 	 0.5462313294410706
134 	 0.48496705293655396
135 	 0.47445148229599
136 	 0.46954983472824097
137 	 0.5364159345626831
138 	 0.518591582775116
139 	 0.6058740615844727
140 	 0.631154477596283
141 	 0.7545523643493652
142 	 0.9487876892089844
143 	 0.7767565250396729
144 	 0.7143462300300598
145 	 0.6940310001373291
146 	 0.7527811527252197
147 	 0.7547834515571594
148 	 0.693725049495697
149 	 0.7464565634727478
150 	 0.82493656873703
151 	 0.8457979559898376
152 	 0.8795284628868103
153 	 0.78459233045578
154 	 0.7651665210723877
155 	 0.79053795337677
156 	 0.7730958461761475
157 	 0.6980284452438354
158 	 0.6973841190338135
159 	 0.7637071013450623
160 	 0.7322052121162415
161 	 0.6769307255744934
162 	 0.7395113110542297
163 	 0.8326534628868103
164 	 0.7634708285331726
165 	 0.709435224533081
166 	 0.8509480953216553
167 	 0.9620435237884521
168 	 0.9771398305892944
169 	 1.341278076171875
170 	 1.636460781097412
171 	 1.516034483909607
172 	 1.011395812034607
173 	 0.9110966324806213
174 	 0.7693724632263184
175 	 0.8692567944526672
176 	 0.735407292842865
177 	 0.74369215965271
178 	 0.8255881071090698
179 	 0.9627926349639893
180 	 1.3520686626434326
181 	 1.4844352006912231
182 	 1.5225353240966797
183 	 2.08343768119812
184 	 2.4605295658111572
185 	 2.7026875019073486
186 	 2.10825777053833
187 	 1.8300472497940063
188 	 2.4689714908599854
189 	 2.3928539752960205
190 	 1.661030888557434
191 	 2.046086549758911
192 	 2.655296802520752
193 	 2.2193682193756104
194 	 1.7386764287948608
195 	 1.1726428270339966
196 	 1.295103907585144
197 	 1.4972598552703857
198 	 1.6203330755233765
199 	 1.7136468887329102
200 	 1.747673511505127
201 	 2.0898313522338867
202 	 1.828779935836792
203 	 1.9655853509902954
204 	 1.7498812675476074
205 	 1.340373158454895
206 	 1.4501413106918335
207 	 1.4745938777923584
208 	 1.3647775650024414
209 	 1.212731122970581
210 	 1.239043116569519
211 	 1.1884077787399292
212 	 1.0215507745742798
213 	 1.1512682437896729
214 	 1.0560587644577026
215 	 1.0734443664550781
216 	 1.0643600225448608
217 	 0.8326889276504517
218 	 0.7389909625053406
219 	 0.7825875282287598
220 	 0.6466990113258362
221 	 0.5966295003890991
222 	 0.6537001729011536
223 	 0.8605232834815979
224 	 1.2123934030532837
225 	 1.6341509819030762
226 	 1.3019953966140747
227 	 1.1993752717971802
228 	 0.6943012475967407
229 	 0.5934790968894958
230 	 0.49668264389038086
231 	 0.5535116791725159
232 	 0.5878866910934448
233 	 0.5795198678970337
234 	 0.6796781420707703
235 	 0.7384540438652039
236 	 0.6236730813980103
237 	 0.593169629573822
238 	 0.5489104390144348
239 	 0.52053302526474
240 	 0.48148229718208313
241 	 0.4794783592224121
242 	 0.5399985313415527
243 	 0.6547821760177612
244 	 0.8189947009086609
245 	 0.9797418117523193
246 	 1.173463225364685
247 	 0.9475224018096924
248 	 1.080875277519226
249 	 0.7896687388420105
250 	 0.7916079759597778
251 	 0.7928285598754883
252 	 0.6509990692138672
253 	 0.5932940244674683
254 	 0.6854451894760132
255 	 0.7342448830604553
256 	 0.6473312377929688
257 	 0.6547483205795288
258 	 0.7343522310256958
259 	 0.713424026966095
260 	 0.640571653842926
261 	 0.6928946375846863
262 	 0.6992435455322266
263 	 0.6740218997001648
264 	 0.6950010657310486
265 	 0.7643052935600281
266 	 0.7583479881286621
267 	 0.765679121017456
268 	 0.9040231704711914
269 	 1.0727512836456299
270 	 1.1278698444366455
271 	 1.0536048412322998
272 	 0.7828041315078735
273 	 0.7945286631584167
274 	 0.651789665222168
275 	 0.6936450600624084
276 	 0.7393835186958313
277 	 0.8048442602157593
278 	 0.8846237063407898
279 	 0.8549044132232666
280 	 0.7135148048400879
281 	 0.6131747364997864
282 	 0.5602685213088989
283 	 0.5945721864700317
284 	 0.5790126323699951
285 	 0.6880536675453186
286 	 0.7615656852722168
287 	 0.7740075588226318
288 	 0.7472208738327026
289 	 0.6335263848304749
290 	 0.6021527051925659
291 	 0.5740280747413635
292 	 0.5401596426963806
293 	 0.567199170589447
294 	 0.5147880911827087
295 	 0.530276358127594
296 	 0.5008299946784973
297 	 0.6640103459358215
298 	 0.5895290374755859
299 	 0.6921905279159546
300 	 0.7250717282295227
301 	 0.8238903284072876
302 	 0.9091901779174805
303 	 1.2618458271026611
304 	 1.0643138885498047
305 	 0.9437438249588013
306 	 1.0889050960540771
307 	 1.347416639328003
308 	 1.2522549629211426
309 	 1.5134024620056152
310 	 1.3226563930511475
311 	 1.080936312675476
312 	 1.132598876953125
313 	 1.2074954509735107
314 	 1.0405653715133667
315 	 0.9110226035118103
316 	 1.1020829677581787
317 	 1.1976492404937744
318 	 1.1068720817565918
319 	 1.0314923524856567
320 	 0.7258040308952332
321 	 0.7797627449035645
322 	 0.8064442873001099
323 	 0.9848399758338928
324 	 1.1877751350402832
325 	 1.3391828536987305
326 	 3.1200954914093018
327 	 5.960978984832764
328 	 8.181328773498535
329 	 9.360441207885742
330 	 8.144186019897461
331 	 8.027152061462402
332 	 6.975241184234619
333 	 5.030263900756836
334 	 3.1929821968078613
335 	 1.5538662672042847
336 	 1.0250990390777588
337 	 0.7898138761520386
338 	 0.7183414101600647
339 	 0.618418276309967
340 	 0.5885310769081116
341 	 0.6019639372825623
342 	 0.7572180032730103
343 	 0.6489886045455933
344 	 0.6171050071716309
345 	 0.6442403197288513
346 	 0.8127267360687256
347 	 0.6873489618301392
348 	 0.6204559803009033
349 	 0.5486029386520386
350 	 0.5985273122787476
351 	 0.633693516254425
352 	 0.5849444270133972
353 	 0.5496628284454346
354 	 0.5871336460113525
355 	 0.6567299962043762
356 	 0.6042113900184631
357 	 0.6176259517669678
358 	 0.6818323731422424
359 	 0.7181828022003174
360 	 0.6779707670211792
361 	 0.737159252166748
362 	 0.776214063167572
363 	 0.7177103757858276
364 	 0.7783215641975403
365 	 0.9091588854789734
366 	 0.8856270909309387
367 	 0.9784018993377686
368 	 1.1926037073135376
369 	 1.2123171091079712
370 	 1.2212616205215454
371 	 1.4618083238601685
372 	 1.6856721639633179
373 	 1.6591761112213135
374 	 1.5366076231002808
375 	 1.5263193845748901
376 	 1.2702339887619019
377 	 1.5841840505599976
378 	 1.6852846145629883
379 	 1.3605365753173828
380 	 1.3550764322280884
381 	 1.6087957620620728
382 	 2.6522057056427
383 	 3.7650675773620605
384 	 5.217773914337158
