1 	 23.840225219726563
2 	 21.86488914489746
3 	 20.29924774169922
4 	 17.550439834594727
5 	 15.612257957458496
6 	 13.144647598266602
7 	 10.311124801635742
8 	 8.712170600891113
9 	 5.7029290199279785
10 	 4.441577434539795
11 	 3.7375998497009277
12 	 3.1144254207611084
13 	 2.72301983833313
14 	 2.158130407333374
15 	 2.6604926586151123
16 	 2.846423864364624
17 	 2.6575369834899902
18 	 3.0046963691711426
19 	 2.5553457736968994
20 	 2.4445102214813232
21 	 2.3696846961975098
22 	 1.8240336179733276
23 	 1.6060484647750854
24 	 1.4955880641937256
25 	 1.6139839887619019
26 	 1.4255856275558472
27 	 1.6070187091827393
28 	 1.7973756790161133
29 	 1.5024635791778564
30 	 1.5018079280853271
31 	 1.0660138130187988
32 	 0.9823426008224487
33 	 0.9709119200706482
34 	 1.1058770418167114
35 	 1.2046736478805542
36 	 1.109017252922058
37 	 1.1508005857467651
38 	 1.2786508798599243
39 	 1.4242656230926514
40 	 1.46950364112854
41 	 1.3367019891738892
42 	 1.367374062538147
43 	 1.5450084209442139
44 	 1.5697412490844727
45 	 1.4806016683578491
46 	 1.6619058847427368
47 	 1.7593705654144287
48 	 1.6260417699813843
49 	 1.605421543121338
50 	 1.570926547050476
51 	 1.8122049570083618
52 	 1.6417882442474365
53 	 1.6789268255233765
54 	 1.4226114749908447
55 	 1.4114519357681274
56 	 1.2980995178222656
57 	 1.3629451990127563
58 	 1.2622973918914795
59 	 1.1259530782699585
60 	 1.0984580516815186
61 	 1.2319085597991943
62 	 1.09917151927948
63 	 1.0654842853546143
64 	 1.2735545635223389
65 	 1.5060336589813232
66 	 1.4808461666107178
67 	 1.681607961654663
68 	 1.8747642040252686
69 	 2.5420501232147217
70 	 3.242708921432495
71 	 3.1760993003845215
72 	 2.632591962814331
73 	 2.2698192596435547
74 	 1.145917296409607
75 	 0.9404816627502441
76 	 0.9429545998573303
77 	 0.934709906578064
78 	 0.935802161693573
79 	 1.0302256345748901
80 	 1.178067922592163
81 	 1.2898534536361694
82 	 1.3640483617782593
83 	 1.4265873432159424
84 	 1.2242130041122437
85 	 1.1492599248886108
86 	 1.3474122285842896
87 	 1.3747165203094482
88 	 1.1948628425598145
89 	 1.1831086874008179
90 	 1.2532713413238525
91 	 1.0600534677505493
92 	 1.0306785106658936
93 	 1.0814675092697144
94 	 1.2782726287841797
95 	 1.343420147895813
96 	 1.1983357667922974
97 	 1.3867826461791992
98 	 1.8534119129180908
99 	 2.052741289138794
100 	 2.0896530151367188
101 	 2.088533639907837
102 	 1.7204930782318115
103 	 1.8751109838485718
104 	 1.412471055984497
105 	 2.0387113094329834
106 	 1.8756952285766602
107 	 2.074960231781006
108 	 1.5893217325210571
109 	 1.2575037479400635
110 	 1.3674110174179077
111 	 1.1796499490737915
112 	 1.1312485933303833
113 	 1.1630734205245972
114 	 1.2278474569320679
115 	 1.245915174484253
116 	 1.3992295265197754
117 	 1.2824766635894775
118 	 1.1267627477645874
119 	 1.2456072568893433
120 	 1.2571090459823608
121 	 1.2539422512054443
122 	 1.338158369064331
123 	 1.3015133142471313
124 	 1.169122338294983
125 	 1.6457804441452026
126 	 1.2955979108810425
127 	 1.2906014919281006
128 	 1.0241515636444092
129 	 0.9245640635490417
130 	 0.9982876777648926
131 	 0.8975179195404053
132 	 0.7840461134910583
133 	 0.6703579425811768
134 	 0.6347067952156067
135 	 0.5728549361228943
136 	 0.5867470502853394
137 	 0.6755430102348328
138 	 0.7277815341949463
139 	 0.8121846318244934
140 	 0.9558565616607666
141 	 1.1547232866287231
142 	 1.3783282041549683
143 	 1.1472265720367432
144 	 1.2133841514587402
145 	 1.0846829414367676
146 	 1.0592275857925415
147 	 1.1992459297180176
148 	 1.2779862880706787
149 	 1.1860992908477783
150 	 1.2131365537643433
151 	 1.166130781173706
152 	 1.202932596206665
153 	 1.1093111038208008
154 	 0.9754344820976257
155 	 0.9876295924186707
156 	 1.0198763608932495
157 	 0.9226719737052917
158 	 0.863280713558197
159 	 0.9489272832870483
160 	 0.9702310562133789
161 	 0.8778890371322632
162 	 0.8793227076530457
163 	 1.035294771194458
164 	 1.0031009912490845
165 	 0.877138614654541
166 	 0.9735541939735413
167 	 1.1493624448776245
168 	 1.1668570041656494
169 	 1.4100288152694702
170 	 1.534592866897583
171 	 1.4922871589660645
172 	 1.0785584449768066
173 	 1.0137479305267334
174 	 0.8652117848396301
175 	 0.9037413597106934
176 	 0.7701586484909058
177 	 0.7337555885314941
178 	 0.7846174240112305
179 	 0.9089949131011963
180 	 1.2307684421539307
181 	 1.3189294338226318
182 	 1.3016573190689087
183 	 1.709734320640564
184 	 2.013279914855957
185 	 2.163572072982788
186 	 1.5853257179260254
187 	 1.363305926322937
188 	 1.828397512435913
189 	 1.6664354801177979
190 	 1.15995454788208
191 	 1.5206634998321533
192 	 1.852988362312317
193 	 1.5493102073669434
194 	 1.3572795391082764
195 	 1.0277386903762817
196 	 1.1405175924301147
197 	 1.2350085973739624
198 	 1.5207329988479614
199 	 1.396235466003418
200 	 1.3619890213012695
201 	 1.8810811042785645
202 	 1.739490032196045
203 	 2.0877747535705566
204 	 2.003843307495117
205 	 1.6689951419830322
206 	 1.8774434328079224
207 	 2.4970550537109375
208 	 2.5751731395721436
209 	 2.108945369720459
210 	 1.8231514692306519
211 	 1.23870050907135
212 	 1.1836451292037964
213 	 1.1957006454467773
214 	 1.0640026330947876
215 	 0.9882847666740417
216 	 0.9616219401359558
217 	 0.8702008128166199
218 	 0.7275792360305786
219 	 0.7989440560340881
220 	 0.6176288723945618
221 	 0.6120975613594055
222 	 0.6668212413787842
223 	 0.782530665397644
224 	 0.9425997734069824
225 	 1.0953642129898071
226 	 0.9776633381843567
227 	 1.0090935230255127
228 	 0.7036252617835999
229 	 0.6250813603401184
230 	 0.5850569009780884
231 	 0.5864351987838745
232 	 0.6674264669418335
233 	 0.7183883190155029
234 	 0.7293897271156311
235 	 0.7361394166946411
236 	 0.8391851782798767
237 	 0.6836875677108765
238 	 0.7149636745452881
239 	 0.6638946533203125
240 	 0.639659583568573
241 	 0.5681273341178894
242 	 0.6836247444152832
243 	 0.8058974742889404
244 	 0.9365575909614563
245 	 1.0892781019210815
246 	 1.304414987564087
247 	 1.2180724143981934
248 	 1.133945345878601
249 	 0.9446254968643188
250 	 0.9950588345527649
251 	 1.0481337308883667
252 	 0.8361073136329651
253 	 0.8224170207977295
254 	 0.9813732504844666
255 	 0.9523080587387085
256 	 0.7981851696968079
257 	 0.9286099672317505
258 	 1.0294504165649414
259 	 0.8706004619598389
260 	 0.8171515464782715
261 	 1.0016580820083618
262 	 0.9567667841911316
263 	 0.8713162541389465
264 	 0.9689423441886902
265 	 1.11236572265625
266 	 1.032246708869934
267 	 1.0628705024719238
268 	 1.2659300565719604
269 	 1.3830342292785645
270 	 1.3809469938278198
271 	 1.3923723697662354
272 	 1.1864228248596191
273 	 1.22568941116333
274 	 1.0105891227722168
275 	 1.0426651239395142
276 	 1.1401854753494263
277 	 1.187829613685608
278 	 1.2815711498260498
279 	 1.2912803888320923
280 	 1.061655044555664
281 	 0.9993501305580139
282 	 0.8622308373451233
283 	 0.8393633365631104
284 	 0.7391507029533386
285 	 0.8682512640953064
286 	 0.8863851428031921
287 	 0.9958199858665466
288 	 0.8156962990760803
289 	 0.6578347086906433
290 	 0.7146023511886597
291 	 0.8298070430755615
292 	 0.9373214244842529
293 	 0.6960181593894958
294 	 0.6196760535240173
295 	 0.5787461996078491
296 	 0.6102002859115601
297 	 0.6740326881408691
298 	 0.7359808683395386
299 	 0.8626243472099304
300 	 0.9005707502365112
301 	 1.073148488998413
302 	 1.2485617399215698
303 	 1.6529790163040161
304 	 1.4462162256240845
305 	 1.2611185312271118
306 	 1.4139467477798462
307 	 1.6409897804260254
308 	 1.5625171661376953
309 	 1.7247860431671143
310 	 1.5772639513015747
311 	 1.2898693084716797
312 	 1.3206325769424438
313 	 1.3195860385894775
314 	 1.0980209112167358
315 	 0.9433185458183289
316 	 1.0927362442016602
317 	 1.0970110893249512
318 	 0.9512869715690613
319 	 0.9518516659736633
320 	 0.7552714943885803
321 	 0.8512181043624878
322 	 0.9460870623588562
323 	 1.1663624048233032
324 	 2.071971893310547
325 	 3.7667202949523926
326 	 5.1498799324035645
327 	 6.592869281768799
328 	 7.629388332366943
329 	 8.601922035217285
330 	 8.490157127380371
331 	 8.86406135559082
332 	 7.2519612312316895
333 	 5.820915222167969
334 	 3.4606175422668457
335 	 1.7191946506500244
336 	 1.178444266319275
337 	 1.00056791305542
338 	 0.8817748427391052
339 	 0.6704152226448059
340 	 0.6143918037414551
341 	 0.6642716526985168
342 	 0.7915487289428711
343 	 0.8032781481742859
344 	 0.9020363688468933
345 	 0.8954308032989502
346 	 1.0622433423995972
347 	 0.9162796139717102
348 	 0.8994839191436768
349 	 0.7666451334953308
350 	 0.8698568344116211
351 	 0.9083613753318787
352 	 0.7677463889122009
353 	 0.7107917666435242
354 	 0.8234331011772156
355 	 0.7739812135696411
356 	 0.6827307343482971
357 	 0.7754353880882263
358 	 0.7979686856269836
359 	 0.7530423998832703
360 	 0.7743347883224487
361 	 0.8409091234207153
362 	 0.8387154340744019
363 	 0.8621131181716919
364 	 0.9571830034255981
365 	 1.056051254272461
366 	 1.1100953817367554
367 	 1.2456778287887573
368 	 1.4446076154708862
369 	 1.537876844406128
370 	 1.6231105327606201
371 	 1.8706895112991333
372 	 2.1315367221832275
373 	 2.1834347248077393
374 	 1.962274432182312
375 	 1.8689179420471191
376 	 1.5342381000518799
377 	 1.810897707939148
378 	 1.7830913066864014
379 	 1.4293932914733887
380 	 1.5633307695388794
381 	 1.9169496297836304
382 	 2.757551908493042
383 	 3.8421058654785156
384 	 5.0721025466918945
