0 2.6450627192435103
1 7.9087947373192975
2 8.677080728126624
3 6.603564491865664
4 12.413451012447462
5 8.98914421907882
6 11.337701455608993
7 9.322979069191968
8 11.310811325846734
9 11.271346493588087
10 11.016303188424777
11 11.187458268512373
12 13.963577875774567
13 14.350130263214409
14 12.187597454564616
15 13.751935220425082
16 22.07376855048945
17 16.329050070721472
18 19.256012441709156
19 13.124831962471832
20 19.013248546003375
21 17.675599184607186
22 20.271645917734695
23 16.404768315197227
24 21.169742784340876
25 22.08216235655069
26 19.87576502019438
27 22.045443411935416
28 19.556002356191357
29 18.20982237175337
30 21.113161156545765
31 20.33065970098097
32 18.788677920043217
33 18.149852184875854
34 18.401540620676926
35 17.27699606798044
36 17.38776083415935
37 21.472379190301886
38 19.76368879204803
39 18.972068776329394
40 20.260418376874
41 20.00787012604803
42 20.830086263282315
43 23.595805402196163
44 21.698753146564144
45 19.382632291292886
46 20.850597285504634
47 18.57092141144628
48 13.081780397058637
49 16.333289854012598
50 14.24773459423398
51 14.045831439777464
52 13.543086921704948
53 13.75457692468651
54 12.534849914350131
55 13.416051548853286
56 10.777831772710602
57 12.931554223382719
58 20.458119347822592
59 15.062922244043403
60 15.184326136408119
61 15.540176812145841
62 13.346794849480586
63 14.477003772070335
64 15.691466986420762
65 13.460950904945701
66 14.031098693771618
67 14.468021234001675
68 12.612259884048735
69 14.009179752885132
70 14.547064894199359
71 12.762139035026756
72 16.161804467009684
73 15.00228113735005
74 13.40486785316608
75 12.00872932646599
76 12.298255146154077
77 13.147365226533873
78 15.269652698171184
79 16.15391406922958
80 19.695302898343037
81 21.104840224586038
82 17.893037069156964
83 22.97570429588978
84 19.761216406433814
85 17.635496432996323
86 18.861509352830453
87 17.430208239841267
88 17.31760199438522
89 19.083018262834788
90 21.144126233129697
91 17.830680484141944
92 17.993411388855264
93 18.885511936647525
94 15.530377672069626
95 18.487411106936413
96 19.609526534510266
97 19.525708257104924
98 17.32255049171103
99 16.89182815234573
100 19.37079337983379
101 20.580419315491927
102 19.13172158661997
103 18.72154743002387
104 18.463596770517885
105 18.356310992056965
106 19.457307345455092
107 17.06125378994351
108 17.556102238748277
109 14.687743985478711
110 15.190452744490166
111 17.414751978260643
112 17.10661703707117
113 16.192588558154878
114 15.9485622393183
115 13.794298661234901
116 15.16093861792785
117 15.333643911727155
118 13.720113841593014
119 10.238509939960794
120 18.684915941345462
121 11.628510037525436
122 17.76274001896932
123 16.529604135240035
124 19.47382932041515
125 19.993328499768893
126 20.705540959388685
127 19.57465161722207
128 20.872532415128603
129 20.123129834292563
130 21.9068649430901
131 22.557801652673174
132 21.224119768490898
133 19.26572773891649
134 21.54129259119982
135 15.873854573150807
136 15.19865944277895
137 17.42806658526938
138 14.48853336251493
139 15.180755026448129
140 14.372482604323764
141 12.90337113688123
142 10.461679508892129
143 11.346180511924791
144 12.768318683304848
145 17.17380086772667
146 22.507674309490984
147 19.06180299577603
148 16.399438674456007
149 18.355375144588564
150 15.577083604231587
151 18.452498126185393
152 17.704507842275145
153 22.14338987720177
154 20.610132573133633
155 19.608868784016952
156 15.4726162594826
157 20.25764198024673
158 16.66470852409612
159 15.566304889217529
160 16.779883895933263
161 16.32008666381168
162 16.480492790298314
163 15.930252341122928
164 15.475789699636557
165 17.12128764454083
166 16.277786366690286
167 13.748741117328546
168 14.890955641973727
169 16.315368099476256
170 16.892830472813955
171 16.652627818996347
172 16.31384871946458
173 13.348730793817385
174 15.38460346487146
175 15.887243819192864
176 14.329413965528307
177 12.088411913031115
178 15.770657371162208
179 14.925208913296414
180 17.32721211017192
181 16.77877480532533
182 13.86104358580286
183 14.198937441252854
184 17.918804783896455
185 19.120009041364266
186 17.079401895247084
187 17.532088434913046
188 19.002412218725276
189 20.191777122909983
190 19.85211725590705
191 18.993867673179825
192 18.16703852140563
193 19.88940225808158
194 16.747351653512254
195 21.74191631899403
196 18.107521881290104
197 18.29286058012154
198 19.38844582591987
199 18.433873679723007
200 16.896087992215044
201 16.574788844521727
202 18.454721222807034
203 18.3399454381621
204 18.97594898085986
205 20.666195355187373
206 17.69968248471433
207 15.957085838156708
208 19.901529328770803
209 20.971961455775435
210 17.02375555776001
211 16.8771397853577
212 18.51177125766399
213 19.076922393474685
214 19.724923678949313
215 19.90409715544888
216 18.63946451787136
217 19.42374234769801
218 19.068762832853654
219 15.726989972651943
220 16.59225577006685
221 16.773712778867182
222 17.915559914583763
223 21.182969893527805
224 15.183595261924985
225 14.126452121169905
226 16.23081019518501
227 15.463482223350786
228 17.238353421885062
229 14.306208955157285
230 14.956825999703563
231 17.39582223333234
232 13.806949954289152
233 15.024197499506798
234 13.277070576419778
235 18.10967640548077
236 13.947021707663078
237 16.564538276637652
238 16.480067107181767
239 17.916833186547258
240 16.68054170106221
241 14.669315659083926
242 17.02815820123019
243 15.9883120313124
244 15.943321857983264
245 19.072689049049433
246 15.267114328822943
247 19.248223580538948
248 17.62070893339589
249 13.552642612001371
250 18.188900573529256
251 15.238175908891606
252 14.732099689852905
253 16.87356663431096
254 12.51053514371582
255 16.655295886014496
256 18.707856671073056
257 18.36007339145582
258 21.182099048179712
259 18.825080907687195
260 14.924555459605292
261 18.13612800430584
262 17.66491402135617
263 18.349965562822426
264 16.114904473453063
265 18.674849161018024
266 16.224469727340217
267 17.78252344199056
268 18.728934879925443
269 17.928167060479378
270 19.10238854380402
271 16.96459749559376
272 17.801237864009398
273 13.15245319783154
274 14.293027125072907
275 13.806776217788704
276 15.649609330405758
277 14.016712083084165
278 15.518794601951102
279 14.623533179901143
280 16.042598811960794
281 18.557502802047264
282 15.31858917811856
283 13.295065076260471
284 15.787372974762873
285 14.4033965005639
286 16.23447476846516
287 16.859111136726824
288 18.03329483736558
289 16.203321837522815
290 16.329024393646574
291 14.942997271961044
292 14.82463601985165
293 15.101047322087542
294 16.042742085836636
295 17.17076466917971
296 17.73877911962869
297 17.46486385569347
298 18.894136134746553
299 19.044737497737195
300 15.25761909545094
301 14.722727214419738
302 17.063970011899748
303 15.80240486446134
304 19.79401045985133
305 17.322395438352814
306 20.72296156167003
307 19.562682456494652
308 15.60856872463365
309 17.303615573212735
310 15.997227086431018
311 18.64034708429699
312 15.313320482818662
313 16.18282576036142
314 13.154698646997712
315 18.170494982352523
316 18.195495108526927
317 19.85986692005744
318 19.079760908927245
319 20.01708982595498
320 19.095621797471942
321 21.83447913848617
322 20.235096263458452
323 21.376065605858166
324 19.371468388639812
325 19.25097548990944
326 19.443033474199638
327 22.050867006857167
328 20.219188798787666
329 20.291322445524607
330 22.561505332054537
331 17.255933674717895
332 19.636581267798118
333 21.325271535343074
334 23.9606475491157
335 17.31190593675781
336 23.190973014549
337 20.080809434896246
338 19.69739567952091
339 19.32546900354191
340 24.079485901187915
341 17.546906751329228
342 19.764334662520135
343 21.881810835929
344 19.131680518864556
345 20.38299804475231
346 21.340715744450918
347 20.682440798830207
348 18.944713413757388
349 22.246523318333473
350 22.078104475960313
351 20.21783631465835
352 19.749555408731283
353 19.69609938271496
354 20.264468072480202
355 19.15853000284132
356 17.849874927003025
357 20.741006360845603
358 19.900399167333305
359 17.04754007463451
360 22.322540108260725
361 19.016557248413257
362 21.823708192316634
363 18.325964683174707
364 21.630654995227133
365 17.360601230594103
366 19.10474140390611
367 21.330901656062682
368 22.279074936425648
369 20.284743000655922
370 20.610920024437473
371 21.268673455304672
372 18.72547225007012
373 17.981942158452245
374 19.59518482491378
375 19.450193424975495
376 20.59558771670431
377 20.307415355659902
378 20.047933443832157
379 19.491002928900937
380 18.086879197709255
381 16.336288546116304
382 17.435209753361494
383 19.37139277975035
384 21.60745907961824
385 16.951009785921922
386 16.76724754661525
387 19.188581610767617
388 16.904651364373144
389 14.277341912443875
390 16.352121134138887
391 17.395619549121314
392 16.660392604204834
393 17.94849081548122
394 16.570513861477774
395 20.548230505212462
396 18.7406244085033
397 17.09365268879996
398 15.813012258949197
399 19.06957116010029
400 16.158250909057905
401 17.46676659796332
402 18.684010439960666
403 19.159454650139896
404 18.222090641207323
405 19.002597918911867
406 20.136091955555266
407 17.762210220922235
408 16.85734287080796
409 16.86283446372278
410 13.950350517172017
411 17.014209837246263
412 16.610925185498978
413 18.535962919226908
414 16.126636346766784
415 19.3161505765398
416 19.461552979743807
417 17.32339325639282
418 19.250881219767695
419 20.100980548371272
420 16.530284663705057
421 19.85048815731451
