0 6.697046049413955
1 11.75449861877642
2 10.238136245323581
3 10.910038868712718
4 11.6643027670404
5 13.120571062041689
6 12.6090531845756
7 11.840296097950068
8 13.031768597254242
9 14.330919802638409
10 14.135937361877273
11 13.80363282885098
12 17.889746726086553
13 14.361973316268719
14 13.103076266675899
15 13.725515002337229
16 22.948665557134767
17 16.371531034305445
18 23.512089956536343
19 16.38984408506831
20 23.220831808453603
21 21.50051478634685
22 23.720508624772222
23 19.216487312195092
24 23.5107947520616
25 24.284984270726376
26 22.998914118564485
27 25.32008704070812
28 24.126772553246877
29 21.030667087785883
30 24.33443213283876
31 23.823496517921637
32 24.191969818459366
33 23.50876181980939
34 24.102242991056382
35 20.667812091554545
36 22.12945539668277
37 25.168630376890786
38 22.5695482008049
39 22.503420766705084
40 22.714059961466713
41 22.74812070771643
42 22.229893671336498
43 26.486712479438676
44 26.06006223706066
45 19.979650603140914
46 23.443212607424943
47 19.5537256204734
48 16.845186170725032
49 18.64584646939773
50 16.564319237829963
51 17.56584822318298
52 16.58139101462766
53 16.611764958720002
54 16.414175135334688
55 16.387959181789316
56 16.688266180803268
57 15.99033707817293
58 22.213854312124226
59 15.682666318189339
60 15.591568527495776
61 16.135519185680316
62 16.71163352123403
63 16.904739736402387
64 17.211257279516836
65 14.941421284970431
66 17.732413863591734
67 15.9733146642275
68 15.582064542904162
69 16.78097894817707
70 16.14623289274118
71 15.835601077565665
72 18.290424632502877
73 17.778522795971657
74 14.265329075202926
75 14.744343940935662
76 14.451962206715367
77 13.621198984410587
78 17.638731846549657
79 18.488554786922837
80 22.14634905450487
81 22.31679096411504
82 20.245297855293895
83 24.696966052139036
84 21.74211567358452
85 19.603852508100275
86 22.492113449772315
87 20.608528312965184
88 19.874471640564206
89 20.08454217850906
90 23.317424938448216
91 20.975995452905927
92 21.645253536911763
93 21.828177113736334
94 20.673904675893162
95 21.935325411603635
96 22.596324368602033
97 22.70652337661039
98 20.607426183455512
99 20.138187879780837
100 21.992526334919344
101 23.91438451064479
102 22.519081607238576
103 21.09309036915497
104 21.610328421050166
105 20.182708482268723
106 23.538760755931616
107 22.679021609591043
108 20.698789392719636
109 17.663146682295924
110 17.511705785086153
111 18.80372547328389
112 18.93256102097617
113 19.582373496845232
114 19.421039357590004
115 16.66775317098616
116 16.971618220852243
117 17.3608531710129
118 16.408951626306273
119 14.329122379431555
120 20.751568246955504
121 15.042182259061791
122 21.281656197343956
123 18.676529104130868
124 20.526807481476197
125 21.6927315897135
126 21.899803738986165
127 21.40195524647415
128 20.829995540630943
129 22.743698300546296
130 22.199961334406545
131 24.756422542176818
132 23.20697933535408
133 21.16692078163171
134 21.260024136470065
135 16.74737549245483
136 17.990589116901575
137 18.78011419216987
138 15.580302364904272
139 16.776946944982754
140 15.079880625343069
141 14.0672877785545
142 13.932975882218885
143 12.690217286160257
144 16.218293715207647
145 20.57585269569961
146 25.996697610525462
147 22.744037509182544
148 19.94963461728656
149 19.982648134655918
150 19.610621816525576
151 21.984356212714793
152 20.198749620642417
153 24.36993910392233
154 20.308956522966938
155 21.58321085309555
156 18.799036750707717
157 22.661090062690707
158 20.4294991866137
159 19.134396623809103
160 21.8120402463266
161 20.3738960967913
162 19.889867442810093
163 19.20377148976371
164 18.56588071778142
165 19.375232308614546
166 18.17420967301047
167 16.860991946146246
168 16.792615994294938
169 19.021597841991326
170 19.819311251564788
171 19.37308027512536
172 17.547917787092164
173 15.225869725877123
174 17.460859082372632
175 17.651570793373068
176 16.84025692809333
177 14.180042019161773
178 18.790924261719102
179 17.9291834691515
180 20.97903939786501
181 19.374600574947117
182 15.933542243088784
183 17.166813568491094
184 21.63275595348998
185 22.65602651363228
186 20.984366674255888
187 20.522198521275737
188 21.71672951452166
189 22.32171448672949
190 24.10274077077194
191 24.204266434195077
192 22.42502095557658
193 24.225279397763362
194 20.42625769577271
195 23.27279552042787
196 22.899957981178176
197 22.720507341370034
198 20.735651442028782
199 22.26561751082606
200 20.479937565847283
201 21.279436545212747
202 20.237437023372248
203 20.743943228620825
204 21.64802670245866
205 22.72740855081615
206 20.369013033532156
207 20.09068010802802
208 21.517975881463013
209 22.786020756032542
210 18.799771470079776
211 22.64180065613218
212 23.22166825544389
213 22.083664953742975
214 23.501087349158457
215 23.081312245977887
216 21.711719995888167
217 22.422749600322476
218 23.892057266837977
219 20.571779312737434
220 20.253332452591206
221 20.584205132608663
222 20.61087388273091
223 23.671236203052565
224 19.248548583217236
225 19.015040980005583
226 17.52966940640418
227 20.58310078551964
228 20.88486021467651
229 19.323650815297608
230 19.518942549897634
231 19.68974724970839
232 16.633868414310243
233 18.21622148213154
234 17.247737520340532
235 20.92537288761201
236 18.5227890276501
237 19.719542431209984
238 18.620408933979565
239 20.44787394080504
240 18.714905710543682
241 18.66253928328797
242 18.200881284751787
243 20.109150513063067
244 17.879989217699002
245 21.928300344390816
246 19.567873226705117
247 20.412030842777146
248 21.330777674689696
249 16.591366709766923
250 20.63834422017367
251 19.047691360584793
252 20.185527905468238
253 20.20081152837811
254 16.245190604459466
255 18.78984750575239
256 20.934722376198707
257 22.313346330740934
258 22.970136153393785
259 19.805604800952185
260 17.304435269082838
261 19.07602332064202
262 19.709569578732346
263 19.207555828360718
264 19.389015354855275
265 21.050774229812653
266 19.8270830777827
267 21.199641100010673
268 22.011235916010335
269 21.66933020100695
270 21.49515991224595
271 19.689956165011274
272 22.068812866582764
273 16.02721852147892
274 18.972684959930355
275 19.95383730576819
276 19.78366112462124
277 15.946601761126223
278 19.290888846826636
279 17.670532672664024
280 20.92856911494765
281 21.75542042371158
282 18.72018817708881
283 17.96761444243931
284 20.65110756716063
285 19.441307870758923
286 18.068157478271065
287 18.439299111171213
288 19.59410966389978
289 20.123225232667945
290 19.845949880717512
291 18.138352506582855
292 18.031523356167
293 17.408650343964958
294 19.214151854291693
295 18.396822438193198
296 19.588036432796923
297 20.676314147335738
298 22.886306742554375
299 21.669855624135387
300 17.776311441386405
301 18.126156224470535
302 18.75982169298305
303 19.192628663077468
304 22.06223330872733
305 20.870284592079415
306 20.880035153100245
307 22.327674167503694
308 19.358451513427294
309 19.041056066494768
310 19.343439993810186
311 22.145762366478838
312 18.436125948674295
313 20.24594019586787
314 16.49369749165709
315 22.054147794134945
316 24.672219340421705
317 23.855800641776646
318 23.31025857399825
319 24.13141558393862
320 22.151734272520706
321 25.60187890790534
322 24.462957617061807
323 23.790569322406206
324 23.33357243230226
325 22.649024279376096
326 22.97240302341698
327 22.916484336837023
328 22.902286613744437
329 23.168996376760802
330 25.765561909966245
331 19.93472540189031
332 22.11277969781216
333 24.581060590054705
334 27.711754521501188
335 21.75070599873665
336 25.504182112631515
337 21.181646544442565
338 21.89710395768559
339 22.59849486032267
340 25.303410446595638
341 20.497465345908235
342 21.18687229043306
343 24.258720590958223
344 20.861259698133853
345 23.872826137027293
346 24.985509367709653
347 23.643566008183928
348 20.591104619996166
349 24.16252711887122
350 23.582342431858105
351 23.289564684556293
352 20.72018341163546
353 20.529521714316783
354 21.0912044651747
355 20.24304105775158
356 20.157374705950176
357 23.24077338904971
358 21.617215589592053
359 21.13469978718926
360 24.950667931249228
361 23.19339354314418
362 23.588479383020175
363 20.011441354723132
364 22.024564284441947
365 21.425613241216514
366 21.6049841831103
367 23.499394551423872
368 23.88289083829091
369 21.901487170982872
370 24.711254806924984
371 24.246859460554777
372 21.907256499278024
373 20.342611863813453
374 23.90715650979433
375 21.594882895926187
376 21.769192606783424
377 23.01508741055041
378 23.720463865886774
379 21.793448755558583
380 22.091663461813077
381 18.53535909653602
382 19.436150767756747
383 22.07129248855206
384 23.391036800980647
385 21.948488159302443
386 22.212481852700193
387 23.219668148357318
388 20.022245502438583
389 16.809247033294753
390 18.83614892321477
391 22.461628492117942
392 19.598361647232018
393 20.086116574199202
394 20.28623105153631
395 22.615760155355566
396 22.393312747714877
397 19.977937582025202
398 18.12308757407566
399 21.829507373793376
400 19.604615600012167
401 21.08961112831069
402 21.980216728612383
403 21.232428263238404
404 19.584780714493746
405 20.523698623346164
406 20.533582474940232
407 18.40381156664059
408 19.471207949713726
409 19.110344024962263
410 16.578422856071423
411 19.037185281634684
412 18.490261536908733
413 18.841713230396998
414 17.665165256517028
415 20.17265974198629
416 20.785524751131582
417 19.975768231515712
418 22.01928847906446
419 20.60773030906376
420 17.116285801473648
421 21.06486343983923
