0 2.71660838175977
1 3.616337483336179
2 1.587732647024261
3 4.597287380971606
4 6.46926084551807
5 4.810628852121191
6 5.840214769094275
7 3.1432225958164386
8 4.597762359995682
9 2.998752144720074
10 3.0735691907358547
11 3.5205425484862682
12 4.34454157233936
13 2.0604548387311175
14 1.3325719653370824
15 2.509865646073035
16 2.519353653594279
17 1.1806565122406165
18 4.266254160522089
19 3.6382204448074043
20 3.8530416175424875
21 3.4952597766838127
22 3.2868356290021055
23 4.651561445934936
24 3.46245634317525
25 3.964974467803766
26 3.2189859946021175
27 4.50401991661135
28 4.896820918357076
29 3.3499574680804516
30 3.68598110176618
31 5.452173484710248
32 4.957385898968728
33 4.493082311839053
34 5.063444778337256
35 3.801359101833648
36 4.0987959657564526
37 4.428845448824199
38 3.4299017546205968
39 3.65164764270151
40 3.5813309886582485
41 2.9902927187496386
42 3.2490075455231473
43 3.7005739150409758
44 3.36298656261283
45 1.9098344768926174
46 1.6603236626086286
47 5.5689427971819905
48 4.119993829451354
49 2.7263066492622943
50 1.5953916573360594
51 3.0733253612262885
52 3.116451107224463
53 3.403880036250969
54 3.741897954715855
55 2.004226255639618
56 4.679480659399711
57 4.106364067195597
58 1.7413645378376121
59 0.9531788200042489
60 0.8568701712185733
61 1.8150069711173953
62 3.5203506639292512
63 2.580218453213821
64 2.3171152032978295
65 1.898748574643721
66 2.4456126947550008
67 2.547958746686789
68 2.9897926618372486
69 3.1934833197303525
70 1.7520410254948577
71 3.6971899713305
72 2.8582995003366904
73 3.0949014811662696
74 0.8095690306446894
75 3.2562857830804477
76 2.2862259166679655
77 1.7544447798822682
78 2.6023698289790542
79 2.561645054934912
80 2.4376675460427606
81 1.7613975581892962
82 2.1928801904188067
83 4.192176714653324
84 2.31932631795969
85 2.7530431495031027
86 3.539169844133135
87 4.13010327874312
88 2.782831036797238
89 1.0506789647543622
90 2.1266109005168916
91 3.163959859208927
92 3.2770636218854943
93 3.0867652846106526
94 4.428479000653132
95 3.69143631902668
96 4.297063788513611
97 2.948003326917321
98 3.4365131653237246
99 2.877698880022852
100 2.6853342563957066
101 3.4671636792652225
102 3.411197862930938
103 3.1213505124456318
104 3.395764658338567
105 3.3194046298715776
106 3.9070518534068306
107 5.545468609102662
108 3.4316569598550233
109 3.3805204811375766
110 2.553164694771798
111 0.9874209115670316
112 1.9314637798311904
113 3.6009608472981105
114 2.504604626494181
115 2.7576718004069973
116 2.4973638630068278
117 2.254611199609347
118 2.1028660482094055
119 3.448671353917911
120 1.9835695397848798
121 3.296974116787746
122 3.355842688622104
123 2.2619956347878136
124 1.3847830227321893
125 1.4336396290518936
126 1.2418346271690615
127 1.8567235973589313
128 1.8769553765086218
129 2.0253250718889158
130 1.746239572068364
131 2.580105912062292
132 3.62033782421652
133 3.8287385111564087
134 1.1301009787491716
135 3.4674881092752887
136 3.392856528232276
137 4.365541538610915
138 2.780708549250918
139 2.1825093814759677
140 2.530542544251306
141 2.3268976176961127
142 3.2683265357905147
143 2.5851923559247014
144 3.8123948689910225
145 2.8975708736124286
146 4.272915768166133
147 3.635095769430767
148 2.6519264325050735
149 5.202186365642387
150 2.880928892421988
151 3.4097154781780286
152 2.5969875709412062
153 2.9726217890675253
154 1.4669875918224584
155 2.287554052294993
156 2.588267036283276
157 1.1201112979978685
158 3.6466210973000224
159 3.512438620726078
160 4.959065536508497
161 3.901070613019798
162 3.538110047144175
163 3.7079949622339616
164 3.221738079094079
165 2.70327427553685
166 2.4588510734725757
167 4.014517083153753
168 2.4913201044509874
169 2.2050667273340414
170 2.9900083710831575
171 3.041040432431262
172 1.8799602595087308
173 1.2160393608601814
174 2.143787338279377
175 2.5105581471024196
176 3.3094406052767518
177 1.7472037269034677
178 3.085761065508782
179 3.532715836258446
180 4.215456191050974
181 2.626680756059046
182 2.1081805625586427
183 4.067913841051736
184 4.170457499774916
185 3.4672788102668033
186 3.7103710736141204
187 3.3327619717802732
188 2.8624892034032023
189 2.132696888816756
190 4.968098792169691
191 5.320383106749143
192 4.274419475135421
193 3.426502064283592
194 3.4625875490958173
195 1.7136645583740882
196 4.638375404414919
197 6.359913132042848
198 1.3679755269982412
199 2.9776598710189406
200 3.841897244015415
201 4.709360600017177
202 2.1327591868405644
203 2.352893744264516
204 2.5958159141129933
205 2.090584126770534
206 2.7600428147507112
207 3.9395382322527572
208 1.33167255363933
209 1.732305683263008
210 1.9185266341023737
211 5.0204328009841115
212 4.545571830156683
213 2.3369034711371004
214 3.6513735710397786
215 3.131966187023017
216 3.468650176004851
217 4.897780022176073
218 4.454669389051641
219 4.430853701796983
220 3.043193336751669
221 4.115453570520246
222 3.1094783314128245
223 3.170844830827268
224 3.820276823802871
225 4.298327384246823
226 2.014354659982871
227 4.446682880578276
228 3.5512184586582816
229 5.416665074409753
230 5.487330507108626
231 3.51222187512422
232 2.272673189595911
233 3.0293142834688593
234 4.195774521630449
235 3.6612367373813752
236 3.747054899965262
237 3.2838614499233008
238 2.3363272384518177
239 3.2888240888324414
240 1.8302050541738277
241 4.117553989593679
242 2.7632499935322272
243 4.365687004508175
244 2.039045092536008
245 3.4255133748225273
246 4.3320944054676165
247 0.9169231730615912
248 3.1821721386242645
249 4.198084275304484
250 4.196226260747644
251 3.2674026313506817
252 5.061220699733603
253 3.8126547393563763
254 3.9068157122571168
255 2.6463640417110703
256 3.298929821194046
257 4.046168988911612
258 2.6365788331179374
259 1.8973119814059214
260 2.6190235158571795
261 2.087274786729061
262 3.9098884719141234
263 1.467899861430548
264 3.7039391089626332
265 2.6723409527635282
266 3.733861823035964
267 3.0058355997923942
268 3.3780686378887737
269 3.760590683599232
270 2.7794588757168843
271 3.7334779009956316
272 4.93309685777448
273 2.901398087951841
274 4.141163976296127
275 5.184278806333476
276 4.254191034268103
277 2.3610051141351125
278 3.677833467973031
279 2.8389689417490067
280 5.215739659615884
281 3.100828608231272
282 3.642068976559308
283 4.057778087015407
284 4.062294583418133
285 4.4848759123209305
286 4.12094641274189
287 3.0343166063959552
288 1.990483172172855
289 3.8423755505273802
290 3.7124754484603644
291 2.9349048584107824
292 3.447626624837087
293 2.907563992144906
294 4.131725588755751
295 2.745620579273635
296 3.312689682799166
297 2.180836340789808
298 3.6362387744541333
299 2.0889305042423274
300 2.453637419009378
301 3.9814784796473583
302 1.576299381547764
303 3.330416524699941
304 2.6224209900085094
305 3.510351159641344
306 4.542015752057135
307 3.463600295005179
308 3.6808283110185154
309 3.5288648667698377
310 3.3845885204237187
311 6.14342197113304
312 3.616365058246841
313 4.267823375509131
314 3.587651109017746
315 3.8452615656446776
316 5.97825799210103
317 3.8800059510369507
318 3.342582080173957
319 4.22952438904284
320 4.541843426592501
321 4.560442495784085
322 4.9993958144657515
323 3.1854713583093286
324 3.9901704782051888
325 3.3075790311976925
326 3.5017502167193943
327 1.6992334853198146
328 3.0101534972927038
329 3.0598759956101658
330 2.7699261451666026
331 3.637776572510249
332 3.8937188542549452
333 3.2720184047849945
334 3.4346276149779316
335 4.705367250310793
336 2.3191425262634957
337 1.224918427387936
338 1.6966588082736083
339 2.828322339692005
340 2.4181439618975955
341 3.735016029997073
342 1.5636334755595391
343 2.5479063833151976
344 1.8727121932047779
345 3.381587918664048
346 4.168692482197109
347 3.0921092901514964
348 2.164520982901164
349 2.8592171746112025
350 2.735734558878615
351 2.8048071503149297
352 1.49875876148671
353 1.4359749411736724
354 0.815765546391694
355 2.3343792211362535
356 4.0700896756263045
357 2.336494731071134
358 2.9051768825356135
359 4.5263943359457866
360 3.6032423427318947
361 3.6941941897000623
362 3.506267415126391
363 2.1969687968883473
364 1.863285265151658
365 3.3056843154947444
366 2.469259869627258
367 1.8084958773553343
368 2.4581797388945037
369 2.6339496667329065
370 3.4889758042125543
371 3.514845612525706
372 2.920968220678676
373 2.3713401717419824
374 4.571263083836342
375 2.6509132593354803
376 1.668335355470163
377 3.942096235506497
378 3.5263916762839385
379 2.453675212008707
380 5.376650703264449
381 3.1400965782152577
382 1.7683966545803662
383 2.925827160932963
384 3.628048992707554
385 5.127007179567582
386 4.901074523574912
387 4.567992942023562
388 2.653609080643928
389 3.105577945378134
390 2.0139887574624633
391 4.195560119897377
392 3.1959423454721447
393 2.260931913987771
394 3.531415886882589
395 2.2906488722577856
396 3.538810295522263
397 2.8322704032861563
398 2.2135941960528727
399 2.1271425426580852
400 3.4355884079846972
401 3.8966096423542824
402 3.582766398788064
403 1.8945937163877693
404 1.4283129037994335
405 1.5147407477140826
406 1.0712711876657304
407 2.6880256814699495
408 2.7470178348044314
409 2.323874503090136
410 2.7748041220254493
411 3.0361685074727824
412 4.401195845501445
413 3.6454345142093976
414 3.881084965270149
415 4.607280977711302
416 2.8513089495712496
417 4.669963514271584
418 3.4442016552255934
419 2.115405639882521
420 2.204486338057416
421 1.2447263188775435
