0 85.65218152474911
1 79.71438063956411
2 88.34130740653217
3 87.84378521241712
4 88.16052922073644
5 88.2587164799013
6 79.46791177087434
7 81.8320977743731
8 76.98180619062462
9 71.41211447091379
10 82.22147401713525
11 85.51647286177595
12 83.10719832554709
13 88.06669196704416
14 87.67602360635836
15 89.09017507731116
16 89.34019043040527
17 88.57767994554533
18 84.62040530923164
19 89.68528193087813
20 89.15199215946431
21 86.73951087918526
22 86.57151903178855
23 82.12920991138797
24 78.25101577181243
25 85.94901891106778
26 76.2892579957064
27 89.07958690816521
28 86.65833323385965
29 85.5787076238989
30 81.94012188353592
31 85.4783647202144
32 77.73137725202162
33 79.07836558944913
34 83.4139338829475
35 84.75535394420177
36 88.81647906147353
37 82.69202358653537
38 85.67343329216486
39 83.03977002187162
40 73.495436091527
41 88.35105374456398
42 88.26670818909368
43 86.00623760677044
44 86.3228858532144
45 77.9018151358282
46 78.483775350492
47 82.75436221007965
48 73.03739027976049
49 80.01971075148978
50 81.73773006473645
51 81.53897013376555
52 80.0075039035382
53 84.51105172158523
54 85.00239548963714
55 87.75112348174484
56 87.86012683190239
57 89.51648408294994
58 87.07655142590768
59 86.57170864994158
60 87.56654162128513
61 89.00747145422554
62 88.71996912731713
63 89.11385796577916
64 87.40345120058748
65 81.32580635796302
66 88.69270793773995
67 79.37991602035991
68 81.88230714028852
69 88.91587522582215
70 76.72505512422447
71 79.21331871404396
72 81.57820791868748
73 87.10527585900891
74 88.40845645345111
75 89.33064029769899
76 85.38934704917212
77 86.69514328814213
78 86.47377217282163
79 83.29038773208002
80 81.1215528159471
81 87.13093629015819
82 88.32222201891659
83 83.28561795706361
84 89.48051679333061
85 89.1565521087728
86 85.13809631327878
87 87.50606807258818
88 88.48928896648428
89 88.92781468361349
90 84.43439074543245
91 87.26897490375383
92 87.59779315089305
93 85.29477138068918
94 81.52802327692798
95 89.61661044787633
96 89.66908420380723
97 87.11699801129221
98 85.21595625284967
99 89.05788709543556
100 88.24329888570594
101 87.8171284645128
102 85.42871261582478
103 89.36543276493487
104 86.44784992717597
105 87.26321395067757
106 88.90911558988903
107 88.15631349019318
108 87.14677285368857
109 83.2960202044018
110 83.53696869067802
111 83.2403564456016
112 79.7495615013201
113 85.8668296232909
114 82.83341678806417
115 78.84961683190497
116 83.61470145630312
117 79.96362329192529
118 80.01526677849807
119 86.47360436786063
120 86.0990893981856
121 84.22603407662717
122 84.66393939159224
123 86.97690676276093
124 88.7644648240033
125 87.16609734479336
126 76.27846385522977
127 81.42085485566909
128 76.03321364477456
129 82.68975449921507
130 83.00050154199138
131 78.1825613183015
132 75.94555385303171
133 76.8992389175318
134 84.41330219427495
135 71.3868231777384
136 82.74578148136715
137 82.0023735376685
138 84.16127613111443
139 85.27142073801662
140 84.4031166597737
141 85.04085660896884
142 83.56549820170493
143 85.3055236630467
144 80.40493034701773
145 82.9301327247794
146 80.90255299083806
147 82.20104220138307
148 79.33222466402034
149 82.95987263887423
150 84.33099225058218
151 83.7140206585355
152 87.71134536528572
153 88.017329375592
154 87.43364573142149
155 86.75636447481436
156 87.92216151432264
157 86.37266609277637
158 84.67979275808717
159 88.95376963771557
160 85.07733675158428
161 89.31052952308487
162 81.0115369433394
163 85.66537844599056
164 81.65331113323201
165 85.13368429415883
166 85.88990737202454
167 84.45137162192364
168 86.6795829000263
169 82.90123688588461
170 82.83236152702806
171 83.25643277195977
172 88.33944565468872
173 88.6689032551348
174 83.2296450240375
175 89.51830537133337
176 85.94435299401847
177 80.62843861810026
178 83.09888602143145
179 80.17994551732002
180 86.62772687538707
181 84.73074341838222
182 85.6489607550178
183 83.20068965635606
184 75.42691302365327
185 89.10980597467197
186 86.66275712805226
187 79.51064420964364
188 82.31704504537012
189 81.05980780035762
190 77.14737844090767
191 77.02558269023619
192 80.90438038566292
193 84.49518475833163
194 76.6912870084595
195 80.50615645750676
196 85.02939994937027
197 82.72471971777728
198 79.37144268421393
199 77.8622931878
200 84.00835102715538
201 80.17735480678783
202 87.62123377162204
203 81.92963842121642
204 85.58728762163271
205 88.83951668557043
206 88.37737764822283
207 84.37143459385261
208 89.13930387762107
209 87.45347811518162
210 88.21512875570545
211 85.55456825159752
212 80.05036552997767
213 86.31418102890078
214 84.24363795749413
215 83.44595411086625
216 89.25107772406673
217 79.98179100456386
218 89.37092340004287
219 89.75828110086277
220 85.08549483260329
221 88.56834399378295
222 89.37511713683121
223 82.41676943830116
224 84.97772392672385
225 84.95797530824244
226 86.69051406430249
227 88.94326664831294
228 87.21970282342058
229 82.40758111045298
230 81.96894523858916
231 86.60341801138223
232 88.33999525354088
233 86.39661872337247
234 86.15963863427741
235 87.60861712204746
236 84.5062579177552
237 84.88791559732071
238 88.42480429988368
239 81.53245054540271
240 86.24077815281743
241 86.614826464564
242 87.3602689590075
243 87.6747814970092
244 80.45678206897472
245 84.94562349324201
246 89.15233316891371
247 86.89072109276509
248 83.1127363529769
249 87.01308105432831
250 87.5877308729135
251 87.59363753611434
252 88.06693990729077
253 84.61406241005842
254 89.96664718533117
255 88.51908955707891
256 84.95912252202304
257 88.70024921283388
258 86.01955911655702
259 87.92927328933717
260 89.85275572147407
261 87.10005471288092
262 88.39362095820985
263 79.95745804896393
264 88.8019375232448
265 84.20252837403679
266 88.05101913316949
267 88.06213990741153
268 86.83661662238006
269 88.84839278589465
270 82.68520981070104
271 88.91205184319266
272 85.87389283359514
273 87.22678320498301
274 86.32972235958324
275 89.13523170326702
276 86.26664244010291
277 89.73948968396152
278 88.03425497975213
279 89.72149234542402
280 87.63650933612563
281 88.59143409988368
282 89.00809060544671
283 88.95353493508635
284 89.89922731582155
285 88.30529920098691
286 88.04270974531913
287 88.4590613523343
288 86.79456849087036
289 83.7263758788487
290 86.34184491861551
291 89.88606083761864
292 84.94129935275154
293 81.65159090815146
294 86.18695717753124
295 85.66824097061344
296 83.52343853348896
297 89.07712167047144
298 83.88889739835041
299 86.3591204641304
300 88.84578585507114
301 87.01216563142134
302 88.8204333777534
303 84.89919770054424
304 85.64404967774848
305 85.09306300584075
306 86.02798056592779
307 81.33720994280303
308 82.72503062427242
309 84.71449710957658
310 86.96649304497187
311 80.995223284821
312 78.60557537565522
313 84.62291873483966
314 89.20498381281696
315 88.29266495043052
316 88.96297332442855
317 85.94895478657337
318 85.74758886258722
319 87.15416229749827
320 89.05224073755744
321 87.50233137850705
322 86.05406561369422
323 84.97586544574743
324 88.57323918658024
325 89.90310611367248
326 87.14857140466941
327 88.84148576160264
328 86.43789420051598
329 88.11066042755239
330 86.25113441320347
331 86.82297252732315
332 85.69818439271968
333 88.40062874243252
334 86.5089164558463
335 86.49991541808849
336 88.36558890514405
337 88.86230285882888
338 87.27061413137457
339 89.75541730241422
340 85.11689132874501
341 87.599990095168
342 87.90653488173575
343 89.79374589393454
344 88.72352978932045
345 88.76234132383551
346 84.2845803076644
347 83.51533673114977
348 81.04395467412303
349 88.11087923653027
350 85.16783781762906
351 85.80921396176133
352 88.84785968828751
353 85.75459579072233
354 85.52568327870077
355 87.75737359955079
356 82.53266420650317
357 89.8904141369722
358 89.74761750898125
359 87.71200746684619
360 87.61821183579198
361 82.77773510751148
362 84.5751478846081
363 89.86632478541347
364 86.6174723845309
365 88.10598252893004
366 84.59370978439976
367 84.26148405100231
368 87.52263425243437
369 88.49866530931564
370 84.28994289879309
371 85.62207779136278
372 88.81737025755416
373 83.54956071578957
374 83.8588644119839
375 89.21666173259146
376 85.46960475166179
377 89.25932054205788
378 85.21607398020788
379 83.5622639155378
380 85.48808513784509
381 85.27267828382219
382 88.66674608131007
383 85.12645191307999
384 83.52565141378501
385 86.07169780916263
386 83.44725727035744
387 89.89269621666078
388 88.30873809135507
389 85.08483886883504
390 82.26271303453477
391 88.73616529000437
392 83.44844851338681
393 83.663229053794
394 83.24982348304086
395 82.62881731188922
396 80.67455135207248
397 78.47603768295683
398 78.7647012357735
399 84.0961370591471
400 83.71730115078726
401 86.53886203013664
402 86.10000885116368
403 86.0966676996769
404 86.13010844738271
405 88.05423939972661
406 84.98972221549268
407 85.91795712745865
408 82.7759778417679
409 83.82011789908944
410 86.27316788098899
411 86.18251872969465
412 89.01192527905148
413 89.75464876196344
414 85.48746970504018
415 82.08556478120924
416 88.9645770235529
417 84.57323738901323
418 87.91072122312163
419 87.57941368444465
420 89.20182690308671
421 89.58301631375383
