1 3.583303928375244 3.1432571411132813 2.8359291553497314 2.3152272701263428 2.1973087787628174 1.793363094329834
2 4.605047225952148 4.210560321807861 3.114809989929199 2.647355556488037 2.8040988445281982 2.1365134716033936
3 4.533071517944336 3.8679990768432617 3.564342975616455 2.598679780960083 2.984119415283203 2.039785861968994
4 5.0667724609375 4.517018795013428 3.9826035499572754 3.0931224822998047 3.2746639251708984 2.0771310329437256
5 4.814866542816162 4.105287075042725 3.983217716217041 2.9096195697784424 3.2240233421325684 2.028461217880249
6 6.027954578399658 5.633754730224609 3.6955883502960205 3.126598358154297 2.6984405517578125 2.2826459407806396
7 5.166658401489258 4.523921966552734 3.8834826946258545 3.2142343521118164 3.2871716022491455 2.4579930305480957
8 5.661622524261475 5.251903533935547 3.3175089359283447 3.358541965484619 2.5504467487335205 2.307434320449829
9 5.3896942138671875 4.84163236618042 3.7856297492980957 3.16800594329834 3.2142765522003174 1.9776992797851563
10 4.643385887145996 4.044500827789307 3.8151776790618896 2.883143901824951 3.148969888687134 1.7291845083236694
11 4.915987491607666 4.425998210906982 4.489685535430908 2.96787691116333 3.147994041442871 1.8457196950912476
12 5.572280406951904 5.085646629333496 4.559821605682373 3.167520046234131 3.3836495876312256 2.0687105655670166
13 4.755029201507568 4.106897830963135 4.115476131439209 3.1445276737213135 3.250872850418091 2.07281494140625
14 4.549503326416016 3.859463930130005 4.159273624420166 3.109067916870117 3.403749704360962 1.942633867263794
15 4.722836971282959 4.172847270965576 4.30021858215332 2.996915578842163 3.243847131729126 1.9178121089935303
16 4.341345310211182 3.6512303352355957 4.166593551635742 3.062195301055908 3.1765849590301514 1.8427579402923584
17 4.604465961456299 4.002617835998535 4.65194034576416 2.9619052410125732 3.3237762451171875 1.7908750772476196
18 4.42648458480835 3.7843847274780273 4.369142055511475 3.1531760692596436 3.2633216381073 1.6789413690567017
19 4.867793083190918 4.171869277954102 4.704608917236328 3.176645517349243 3.5440573692321777 1.6273136138916016
20 4.4018049240112305 3.717679500579834 4.459033012390137 2.891305446624756 3.14043927192688 1.829781174659729
21 4.56171178817749 3.931311845779419 4.4977593421936035 2.986053943634033 3.1693520545959473 1.8365527391433716
22 4.710794925689697 4.1812028884887695 5.074662208557129 2.884817123413086 3.194331169128418 1.7822961807250977
23 4.945995807647705 4.3210554122924805 5.339057922363281 3.2141199111938477 3.6459383964538574 1.9803361892700195
24 4.599817276000977 3.839890718460083 4.951088905334473 2.824608325958252 3.4669511318206787 2.2477428913116455
25 4.830112457275391 3.8603780269622803 4.936200141906738 2.9932596683502197 3.869248867034912 2.4000723361968994
26 4.721786022186279 4.018207550048828 4.705549716949463 3.270536422729492 3.393065929412842 2.1862080097198486
27 4.933876037597656 4.373777389526367 4.533959865570068 3.71822452545166 3.001051664352417 2.2481791973114014
28 4.717225551605225 3.968064785003662 4.519315242767334 3.262401819229126 3.4802675247192383 2.0286991596221924
29 4.690977096557617 4.013493537902832 4.627065658569336 3.217761993408203 3.1865060329437256 1.9624147415161133
30 4.340784549713135 3.634153127670288 4.3958539962768555 2.9637091159820557 3.0138659477233887 1.3789117336273193
31 4.310978889465332 3.6457877159118652 4.10434103012085 3.103722333908081 2.8574700355529785 1.4910438060760498
32 4.249362468719482 3.405308246612549 4.240696907043457 2.9362568855285645 3.133021354675293 1.5997965335845947
33 4.53437614440918 3.769564628601074 4.658831596374512 3.226353645324707 3.14351224899292 1.6597007513046265
34 4.628699779510498 3.8965237140655518 4.289487838745117 3.2889316082000732 2.9559552669525146 1.8851748704910278
35 5.246274471282959 4.698336601257324 4.479544639587402 3.5318992137908936 3.170724630355835 1.765058994293213
36 4.599497318267822 4.1344709396362305 4.050922870635986 3.365584373474121 2.8140015602111816 1.6634465456008911
37 4.887783527374268 4.517078399658203 5.156402587890625 3.3235228061676025 2.785161256790161 1.6519275903701782
38 4.555379867553711 3.955512523651123 4.556446552276611 3.3796591758728027 2.7758755683898926 1.6605591773986816
39 4.714321613311768 4.083813190460205 4.258234024047852 3.562232732772827 2.8802192211151123 1.8723593950271606
40 4.717533111572266 4.0378923416137695 4.660294532775879 3.459221124649048 3.267669677734375 2.10768461227417
41 4.884892463684082 4.27272367477417 4.462627410888672 3.4831130504608154 3.0060622692108154 1.83559250831604
42 4.78835916519165 4.2779107093811035 4.448101043701172 3.3219029903411865 2.599825620651245 1.7837451696395874
43 4.449411869049072 4.000406742095947 3.8840420246124268 3.053522825241089 2.327244520187378 1.5256779193878174
44 4.199507236480713 3.660040855407715 3.9259719848632813 3.357856035232544 2.336646318435669 1.61495041847229
45 4.73379373550415 4.261168003082275 4.2976861000061035 3.7631995677948 2.354884386062622 2.017469882965088
46 4.279453754425049 3.8091065883636475 3.9710028171539307 3.3326752185821533 2.3297231197357178 1.8387370109558105
47 4.761778831481934 4.342648506164551 4.172051906585693 3.6565332412719727 2.85377836227417 2.240816116333008
48 4.718198776245117 4.198957920074463 4.138627052307129 3.845188617706299 2.6621603965759277 2.21433424949646
49 4.5744757652282715 4.135404109954834 4.3431172370910645 3.558468818664551 2.4272871017456055 1.8593311309814453
50 4.366022109985352 3.769275426864624 4.225905895233154 3.2153565883636475 2.8233642578125 1.7009148597717285
51 4.700858116149902 4.275783061981201 4.559656143188477 3.6207492351531982 2.7509846687316895 2.000593662261963
52 4.428131580352783 4.030341148376465 4.142327785491943 3.644005298614502 2.5420031547546387 2.2368757724761963
53 5.0686421394348145 4.774872779846191 5.014294624328613 3.900130033493042 2.617323875427246 2.3203229904174805
54 5.077254295349121 4.801623821258545 4.957200527191162 4.036264896392822 2.58475399017334 2.6840298175811768
55 4.91969108581543 4.556173801422119 4.826643466949463 3.8002448081970215 2.8853917121887207 2.206012010574341
56 4.932520866394043 4.609177112579346 4.663344860076904 3.6239209175109863 2.8463196754455566 2.0969111919403076
57 5.215452671051025 4.892337799072266 5.08665657043457 3.543835401535034 2.6934101581573486 2.0846848487854004
58 5.237110614776611 4.986487865447998 4.982024669647217 3.6703977584838867 2.423795461654663 2.2751264572143555
59 4.78747034072876 4.361523151397705 4.493803977966309 3.3310935497283936 2.604837417602539 2.074265241622925
60 5.072636604309082 4.752691268920898 4.854714393615723 3.474215269088745 2.515193223953247 2.2371132373809814
61 5.100340366363525 4.798872470855713 5.221107006072998 3.2201592922210693 2.3469443321228027 1.984555959701538
62 5.140650749206543 4.80088996887207 4.996583938598633 3.4290127754211426 2.304753303527832 1.957088589668274
63 5.110314846038818 4.731867790222168 4.919355869293213 3.4573495388031006 2.3930301666259766 1.8607509136199951
64 4.890467643737793 4.526639938354492 4.669110298156738 3.4866902828216553 2.340230703353882 1.8017436265945435
65 5.303415298461914 5.013896465301514 4.898919582366943 3.4332621097564697 2.4540164470672607 1.9145433902740479
66 5.550901412963867 5.285309791564941 5.269870758056641 3.7539215087890625 2.5919036865234375 2.2354071140289307
67 6.22548770904541 6.039053440093994 5.240196228027344 3.6268532276153564 2.68703031539917 1.9820606708526611
68 5.497529029846191 5.2981486320495605 5.095656871795654 3.4796125888824463 2.515758514404297 1.9804970026016235
69 5.210623741149902 4.976265907287598 4.717902183532715 3.719696521759033 2.4721269607543945 2.254479169845581
70 6.042374610900879 5.889614582061768 4.8117876052856445 3.9313297271728516 2.6942367553710938 2.6744465827941895
71 5.893953323364258 5.693975448608398 4.941653251647949 3.623795986175537 2.9304778575897217 2.4026966094970703
72 5.319941997528076 5.038729667663574 4.735008716583252 3.4859778881073 2.6973838806152344 2.242234945297241
73 5.401669502258301 5.16819429397583 5.35743522644043 3.4935073852539063 2.7455132007598877 2.076866388320923
74 5.431017875671387 5.14445686340332 5.10668420791626 3.6729037761688232 2.6562676429748535 2.314490795135498
75 5.713435649871826 5.433104515075684 5.231841087341309 3.554989814758301 2.922150135040283 2.5241339206695557
76 5.689056873321533 5.420009613037109 5.067689895629883 3.6126883029937744 2.8723413944244385 2.4368820190429688
77 5.3729424476623535 5.104556083679199 4.868285655975342 3.4179799556732178 2.4846980571746826 2.0839316844940186
78 5.267587184906006 4.93723726272583 4.8675761222839355 3.629404306411743 2.795055627822876 2.249795913696289
79 5.848988056182861 5.694094181060791 5.283238887786865 3.9760324954986572 2.7074122428894043 2.3697421550750732
80 5.84357213973999 5.6699652671813965 4.773870468139648 4.022767543792725 2.98034930229187 2.566439151763916
81 5.521356105804443 5.25532865524292 4.766592979431152 3.540375232696533 2.8712735176086426 1.9399211406707764
82 5.375482559204102 5.072086334228516 4.6814374923706055 3.8369710445404053 2.551734685897827 2.440152883529663
83 4.92399263381958 4.580456256866455 4.791184902191162 3.584432601928711 2.6083009243011475 2.1741251945495605
84 5.326387405395508 5.001832008361816 4.749253273010254 3.6142454147338867 2.8679261207580566 2.111907720565796
85 5.063875198364258 4.621724605560303 4.682298183441162 3.473269462585449 2.7236695289611816 2.240067958831787
86 5.324099063873291 5.015864372253418 4.980535507202148 3.359314203262329 3.083251714706421 1.857981562614441
87 5.460285663604736 5.209954261779785 4.960841178894043 3.8797714710235596 2.7188587188720703 2.1734166145324707
88 5.094480991363525 4.7316508293151855 5.021650314331055 3.212695837020874 2.635347843170166 1.8557078838348389
89 5.078794002532959 4.711361408233643 4.813965320587158 3.635409116744995 2.6927669048309326 2.1647400856018066
90 5.655013084411621 5.442907333374023 4.752851963043213 4.194392204284668 2.4986236095428467 2.465522050857544
91 5.328009128570557 5.045725345611572 4.959660053253174 4.086562633514404 2.911503314971924 2.495868682861328
92 5.011402606964111 4.6666388511657715 4.83852481842041 3.6245338916778564 2.644665479660034 2.004838466644287
93 5.092856407165527 4.768528461456299 4.946620464324951 3.695582866668701 2.5698211193084717 1.9061322212219238
94 6.513620853424072 6.344479084014893 4.914773464202881 4.084047317504883 2.6809241771698 2.526040554046631
95 5.296928405761719 5.057313919067383 5.003655433654785 3.748547077178955 2.6037094593048096 2.4869987964630127
96 5.0799174308776855 4.793277740478516 4.900195598602295 3.515627861022949 2.5683250427246094 2.2352890968322754
97 4.652328014373779 4.203639030456543 4.8459649085998535 3.2614543437957764 2.7282323837280273 1.8400667905807495
98 4.884260177612305 4.493697643280029 4.851348400115967 3.158259391784668 2.5383105278015137 1.7591787576675415
99 5.100342273712158 4.8424458503723145 5.375429153442383 3.2890877723693848 2.7639172077178955 1.6940211057662964
100 5.28064489364624 4.978828430175781 5.0264105796813965 3.5070972442626953 2.5371787548065186 2.340360403060913
101 5.298818111419678 5.005563259124756 4.996284008026123 3.5728049278259277 2.645510196685791 2.2544689178466797
102 5.6213226318359375 5.331743240356445 5.169094085693359 3.6949119567871094 2.6883561611175537 2.0972554683685303
103 5.420093536376953 5.113210678100586 5.0396270751953125 3.8515493869781494 2.746579170227051 2.0306553840637207
104 5.0754714012146 4.69796085357666 4.662564754486084 3.618997812271118 2.612741231918335 1.908140778541565
105 5.350551128387451 5.018078804016113 4.754260540008545 3.699901819229126 2.343306541442871 1.9970306158065796
106 5.30197811126709 5.01384162902832 5.013568878173828 3.861365556716919 2.4932193756103516 2.072660446166992
107 5.607843399047852 5.3402018547058105 5.432157039642334 3.722666025161743 2.46480131149292 1.8154364824295044
108 5.4724602699279785 5.184144020080566 5.053178787231445 3.6799304485321045 2.685415744781494 2.189685583114624
109 5.436463832855225 5.193649768829346 5.393528461456299 3.1998379230499268 2.695976734161377 2.0099985599517822
110 5.386972427368164 5.105741500854492 5.340483665466309 3.1127617359161377 2.5792460441589355 1.8309459686279297
111 5.269322395324707 4.889114856719971 5.226250171661377 2.765474557876587 2.61405086517334 1.6471971273422241
112 5.819781303405762 5.566330909729004 5.205118179321289 3.225611925125122 2.6565916538238525 2.2207729816436768
113 5.381256580352783 5.0579304695129395 5.200736045837402 2.8868141174316406 2.53643536567688 1.9668700695037842
114 5.800994396209717 5.541613578796387 5.454726696014404 3.001080274581909 2.8844919204711914 1.8438910245895386
115 6.037295818328857 5.852099895477295 5.465956687927246 3.158578395843506 2.9160585403442383 1.772952675819397
116 5.386936664581299 5.064345359802246 4.926600933074951 3.169630765914917 2.5563039779663086 1.93339204788208
117 5.687218189239502 5.398990631103516 5.099996566772461 3.6222240924835205 2.6720361709594727 1.8930524587631226
118 5.405151844024658 5.084909439086914 4.642555236816406 3.697920799255371 2.854705333709717 2.1254684925079346
119 5.129899024963379 4.811933994293213 4.9547319412231445 3.4269423484802246 2.629366159439087 2.2037410736083984
120 5.147706508636475 4.778163433074951 4.9550580978393555 3.1503798961639404 2.655146360397339 1.9192179441452026
121 4.986092567443848 4.547424793243408 4.189536094665527 3.384042501449585 2.494626760482788 2.2014191150665283
122 5.583518028259277 5.33676290512085 5.075084209442139 3.883871078491211 2.7504067420959473 2.0304176807403564
123 5.224010467529297 4.880962371826172 4.449935436248779 3.707078695297241 2.907421827316284 1.9499835968017578
124 5.014043807983398 4.595765113830566 4.404236316680908 3.4351110458374023 2.9369983673095703 1.7472028732299805
125 5.186791896820068 4.765794277191162 4.024454116821289 3.7977781295776367 2.6533260345458984 1.8633625507354736
126 5.656738758087158 5.34093713760376 4.01078462600708 3.8614890575408936 2.5840020179748535 2.4227654933929443
127 5.437441349029541 5.172144412994385 5.106860637664795 3.6802818775177 2.6284842491149902 1.689674735069275
128 5.597365856170654 5.252264976501465 4.8289475440979 3.761613130569458 2.6236326694488525 1.707614779472351
129 5.063790798187256 4.725402355194092 4.46836519241333 3.774110794067383 2.328397035598755 1.6527752876281738
130 4.983060359954834 4.58226203918457 4.57525110244751 3.5128278732299805 2.548443078994751 1.8993902206420898
131 5.983219623565674 5.714494705200195 4.754579067230225 4.0213704109191895 2.5375139713287354 2.3781888484954834
132 5.655088424682617 5.396133899688721 5.127477645874023 3.6242258548736572 2.659698486328125 1.855712652206421
133 5.688809871673584 5.363186359405518 4.629074573516846 3.6132655143737793 2.576658010482788 1.5782898664474487
134 5.188144207000732 4.828856468200684 4.644943714141846 3.4498281478881836 2.844083786010742 1.5803395509719849
135 6.01762580871582 5.768844127655029 5.11614990234375 3.5160815715789795 2.7547099590301514 1.9479141235351563
136 5.687424659729004 5.38016414642334 5.177953243255615 3.6659486293792725 2.4471046924591064 1.8016654253005981
137 5.626351833343506 5.343356132507324 5.036397933959961 3.463867425918579 2.7402024269104004 1.7139009237289429
138 5.3514790534973145 5.007146835327148 5.128735542297363 3.539325714111328 2.731851577758789 1.56118905544281
139 5.2499895095825195 4.87248420715332 5.010189056396484 3.2035419940948486 2.8614661693573 1.584559440612793
140 5.301297187805176 4.945393085479736 5.113980770111084 3.3653805255889893 2.666459083557129 1.7272112369537354
141 5.3602728843688965 5.049873352050781 4.9110212326049805 3.7670130729675293 2.56052303314209 1.8162835836410522
142 5.2204976081848145 4.857966899871826 4.739163875579834 3.5104057788848877 2.6046736240386963 1.8167805671691895
143 5.4139485359191895 5.141661643981934 5.097668647766113 3.9038782119750977 2.6078498363494873 1.7214655876159668
144 5.669566631317139 5.390970706939697 5.008813381195068 3.789670944213867 2.537429094314575 2.1417810916900635
145 5.44492769241333 5.149294853210449 4.960616588592529 3.6191177368164063 2.620425224304199 2.023369073867798
146 5.584019184112549 5.314908027648926 5.350134372711182 3.680975914001465 2.5751771926879883 2.1785311698913574
147 5.731400012969971 5.510918617248535 5.520998477935791 3.363168239593506 2.6840219497680664 1.6726239919662476
148 5.597773551940918 5.3477783203125 5.217894554138184 3.495903253555298 2.5550003051757813 1.7656912803649902
149 5.3972954750061035 5.131872177124023 5.001690864562988 3.65732479095459 2.4110891819000244 2.108962297439575
150 5.47144889831543 5.165367126464844 5.142082691192627 3.5711233615875244 2.694032669067383 2.1898605823516846
151 5.370489120483398 5.066586017608643 5.311712741851807 3.474351406097412 2.602386236190796 1.8442929983139038
152 5.551025390625 5.238251686096191 5.258356094360352 3.6996734142303467 2.4666037559509277 2.155748128890991
153 5.362583637237549 5.016275405883789 5.22353458404541 3.617183208465576 2.8511135578155518 2.2003681659698486
154 5.291176795959473 4.927043437957764 5.412008762359619 3.435880422592163 2.8400075435638428 1.819623351097107
155 5.360895156860352 4.987872123718262 5.243460655212402 3.503695487976074 2.789311170578003 1.981913685798645
156 5.476130962371826 5.1180877685546875 5.439449787139893 3.5758988857269287 2.960524082183838 1.8132035732269287
157 5.328003883361816 4.975249767303467 5.327068328857422 3.3967623710632324 2.72391414642334 1.7277796268463135
158 5.254992961883545 4.913750171661377 5.376143455505371 3.2523045539855957 2.7757956981658936 1.8976058959960938
159 4.939324855804443 4.491949558258057 5.021622180938721 3.099534034729004 2.5879604816436768 1.7422598600387573
160 5.472392559051514 5.130768299102783 5.027195930480957 3.481264352798462 2.8353700637817383 2.074232578277588
161 5.2938666343688965 4.918817043304443 5.240715980529785 3.4334986209869385 2.6414644718170166 1.9860570430755615
162 5.641166687011719 5.430462837219238 5.564305782318115 3.4146604537963867 2.9012644290924072 1.8643501996994019
163 5.408575534820557 5.098089694976807 5.44367790222168 3.3407793045043945 2.816234588623047 1.6841106414794922
164 5.713178634643555 5.397238254547119 5.269718170166016 3.5298750400543213 2.664137125015259 1.8411725759506226
165 5.607276916503906 5.377081394195557 5.527015686035156 3.27392315864563 2.216813325881958 1.9622466564178467
166 5.2553391456604 4.917778968811035 5.374364376068115 3.0415990352630615 2.583688735961914 1.5696663856506348
167 5.354912281036377 5.072161674499512 5.483332633972168 3.3078818321228027 2.45247483253479 1.610511064529419
168 5.417228698730469 5.105457782745361 5.460153579711914 3.267822027206421 2.796914577484131 1.7946643829345703
169 5.586655139923096 5.262119293212891 5.220407962799072 3.261989116668701 2.8964526653289795 2.076336145401001
170 5.483179092407227 5.154269695281982 5.13730525970459 3.6254470348358154 2.7998650074005127 2.0732791423797607
171 5.758549690246582 5.458115577697754 5.576843738555908 3.701045274734497 2.9852592945098877 1.992366909980774
172 5.433512210845947 5.133902549743652 5.478745460510254 3.5538883209228516 2.7425265312194824 1.9162700176239014
173 5.352087020874023 4.99325704574585 5.291248321533203 3.6733238697052 2.871013641357422 1.9811477661132813
174 5.271752834320068 4.955211162567139 4.933290958404541 3.636019706726074 2.639073610305786 1.8166741132736206
175 5.1710991859436035 4.807221412658691 5.091529369354248 3.6414318084716797 2.79616379737854 1.8835535049438477
176 5.245986461639404 4.907033920288086 5.007408618927002 3.4634757041931152 2.5445706844329834 2.0530073642730713
177 5.543715953826904 5.217700481414795 5.255338668823242 3.630539894104004 2.7922542095184326 2.1521694660186768
178 5.614388465881348 5.301651954650879 5.143588542938232 3.6869077682495117 2.71362566947937 1.8549199104309082
179 5.315888404846191 4.9353227615356445 4.901654243469238 3.4536495208740234 2.755431890487671 1.880822777748108
180 4.925072193145752 4.540943145751953 5.005387783050537 3.2224650382995605 2.6138648986816406 1.8425192832946777
181 4.984299182891846 4.564270973205566 4.915027618408203 3.4133458137512207 2.7211520671844482 1.880723237991333
182 5.2038655281066895 4.812082290649414 5.10888147354126 3.2758190631866455 2.653475761413574 1.8441705703735352
183 5.254772186279297 4.8499016761779785 5.052995681762695 3.445404291152954 2.8874032497406006 2.064969062805176
184 5.740698337554932 5.454273223876953 5.087161540985107 3.549800157546997 2.959810256958008 2.1395161151885986
185 5.2301177978515625 4.857180118560791 5.021920680999756 3.392845392227173 2.89823842048645 2.138880968093872
186 5.171199321746826 4.736003875732422 4.98376989364624 3.1581313610076904 2.6789844036102295 2.0983529090881348
187 5.620442867279053 5.274229526519775 5.128685474395752 3.470158100128174 3.047184467315674 1.7695642709732056
188 5.244745254516602 4.765991687774658 5.113793849945068 3.1830220222473145 3.033221483230591 1.9879714250564575
189 5.182890892028809 4.734318733215332 4.856965065002441 2.8515963554382324 2.6983401775360107 1.8789786100387573
190 5.5606560707092285 5.194214344024658 4.947996139526367 3.302487850189209 2.905012369155884 1.7627815008163452
191 5.389864444732666 5.008858680725098 4.92877721786499 2.831047296524048 3.002448558807373 1.8101495504379272
192 5.4426960945129395 5.03464937210083 5.221407890319824 2.94425892829895 3.1135590076446533 1.9564722776412964
193 5.073912620544434 4.640517711639404 5.121952533721924 2.6997737884521484 2.7386083602905273 1.9789841175079346
194 5.73154354095459 5.397427082061768 5.037775993347168 3.1466894149780273 2.7864372730255127 2.395859956741333
195 5.492358684539795 5.094673156738281 5.036847114562988 3.111687183380127 2.833665370941162 2.1252408027648926
196 5.160035610198975 4.781095504760742 5.131384372711182 3.599383592605591 2.6946818828582764 2.1402435302734375
197 5.434457778930664 5.089920997619629 4.981358528137207 3.3516478538513184 2.7222397327423096 2.1050190925598145
198 5.647194862365723 5.326444625854492 5.052517414093018 3.5385875701904297 2.988290786743164 2.1233341693878174
199 5.602330684661865 5.247696876525879 5.082672119140625 3.4656786918640137 2.928679943084717 2.136796236038208
200 5.143473148345947 4.7880635261535645 4.97245454788208 3.5706682205200195 2.8014912605285645 2.1654763221740723
201 5.569188117980957 5.287754058837891 5.087825775146484 3.4684040546417236 2.9242262840270996 1.8927624225616455
202 5.398629665374756 5.069921493530273 5.112146377563477 3.9166150093078613 3.027412176132202 2.3005752563476563
203 5.450708389282227 5.090278625488281 5.104668617248535 3.5229029655456543 2.9661436080932617 2.1277544498443604
204 5.439321517944336 5.084791660308838 5.015852928161621 3.978680372238159 3.1530168056488037 2.561282157897949
205 5.172918319702148 4.824584007263184 4.915243625640869 3.7626700401306152 2.942570447921753 2.4126179218292236
206 5.000136852264404 4.679938793182373 4.897010326385498 3.6672725677490234 2.487668991088867 2.204655408859253
207 5.345016002655029 5.034197807312012 4.836255073547363 3.6234281063079834 2.6089766025543213 2.1597273349761963
208 4.935145378112793 4.547464370727539 5.076759338378906 3.457775115966797 2.8373446464538574 2.0851616859436035
209 5.271071910858154 4.918479919433594 5.026424884796143 3.5594396591186523 2.6093122959136963 2.2440993785858154
210 5.2706618309021 4.950927734375 5.020124435424805 3.6200015544891357 2.782961130142212 2.1707098484039307
211 5.405422210693359 5.109541893005371 5.126399517059326 3.7913081645965576 2.9083781242370605 2.474954605102539
212 5.463405132293701 5.218925476074219 4.978439807891846 3.7671005725860596 2.846918821334839 2.299607038497925
213 5.300102233886719 4.960651397705078 5.065368175506592 3.6479392051696777 3.0725228786468506 2.419487237930298
214 5.306436061859131 4.9728684425354 4.9888763427734375 3.7433578968048096 2.9682750701904297 2.4432497024536133
215 5.248894214630127 4.877462387084961 4.857248306274414 3.6959686279296875 2.9349586963653564 2.389575242996216
216 5.076196193695068 4.716252326965332 5.1014933586120605 3.375340223312378 2.865170955657959 2.2075037956237793
217 4.972118854522705 4.607518672943115 5.216439247131348 3.585693120956421 2.8130760192871094 2.436701536178589
218 5.1680097579956055 4.850834846496582 5.153409481048584 3.5124239921569824 2.9265384674072266 2.3613200187683105
219 5.220315933227539 4.880861282348633 5.186737537384033 3.8034722805023193 3.049379587173462 2.3915202617645264
220 5.376474380493164 5.031686305999756 4.965991497039795 3.464123010635376 3.079159736633301 2.552870750427246
221 5.225915431976318 4.90211296081543 4.963780403137207 3.8594539165496826 2.6216623783111572 2.8392810821533203
222 5.354133129119873 5.024965286254883 4.9492926597595215 3.9110209941864014 2.8049209117889404 2.594989776611328
223 5.436367034912109 5.147545337677002 5.024046897888184 3.5906238555908203 2.954824209213257 2.383526563644409
224 5.154232978820801 4.786548137664795 4.769260883331299 3.3378162384033203 2.7614598274230957 2.239682912826538
225 5.1002678871154785 4.710079669952393 5.036955833435059 3.3606760501861572 3.00545334815979 2.398683786392212
226 5.152485370635986 4.811188220977783 5.008762836456299 3.4962339401245117 2.8759610652923584 2.4333717823028564
227 5.3276190757751465 4.984057903289795 5.054734706878662 3.8457798957824707 2.846134662628174 2.7200374603271484
228 5.2838311195373535 5.014331817626953 5.080408096313477 3.881788492202759 2.901226758956909 2.4528818130493164
229 5.290913105010986 5.024336814880371 4.99554967880249 3.6001243591308594 2.63839054107666 2.3401262760162354
230 5.560230731964111 5.271782875061035 4.940882682800293 3.8670475482940674 2.7929606437683105 2.5235211849212646
231 5.137148380279541 4.826463222503662 5.033651828765869 3.4542453289031982 2.804778814315796 2.2667453289031982
232 5.290860176086426 4.963415622711182 5.148706436157227 3.7770254611968994 3.053527355194092 2.3200058937072754
233 5.294626712799072 4.9783501625061035 5.1922607421875 3.7423949241638184 2.898498296737671 2.2794864177703857
234 5.537119388580322 5.304343223571777 5.06317663192749 4.115606784820557 2.9858334064483643 2.722299814224243
235 5.098997116088867 4.8009748458862305 5.0114264488220215 3.709083318710327 2.8726234436035156 2.287139415740967
236 5.562600612640381 5.282696723937988 5.036758899688721 4.162653923034668 2.715378522872925 2.7288477420806885
237 5.303654193878174 4.909801483154297 5.1410932540893555 3.8197860717773438 2.9326345920562744 2.4903268814086914
238 5.358424186706543 4.959426403045654 5.215584754943848 3.889374256134033 3.2305541038513184 2.368560314178467
239 5.672879219055176 5.31815767288208 5.024588108062744 4.122856140136719 2.9977328777313232 2.444547653198242
240 5.607469081878662 5.2916951179504395 5.061135292053223 4.033998966217041 3.0504584312438965 2.533039093017578
241 5.107541561126709 4.75725793838501 4.9189043045043945 3.4652040004730225 2.873415946960449 2.1916236877441406
242 5.218971252441406 4.85844612121582 5.123197078704834 3.7095768451690674 2.8744096755981445 2.3592631816864014
243 5.270439624786377 4.9308953285217285 5.061379432678223 3.5872623920440674 2.9196245670318604 2.3650004863739014
244 5.602484703063965 5.263377666473389 5.007382869720459 3.957233190536499 3.0335564613342285 2.6387181282043457
245 5.4375810623168945 5.035756587982178 5.22002649307251 3.721806526184082 3.1034610271453857 2.480116844177246
246 5.271391868591309 4.853010654449463 5.11179780960083 3.8296473026275635 3.007828712463379 2.5676541328430176
247 5.063868045806885 4.648198127746582 5.053290367126465 3.5895180702209473 3.0347518920898438 2.343723773956299
248 5.589154243469238 5.283639430999756 4.987619400024414 3.9959628582000732 2.9067020416259766 2.778459072113037
249 5.479754447937012 5.121176242828369 5.228772163391113 4.064895153045654 3.2139272689819336 2.6318254470825195
250 5.395354747772217 4.9713521003723145 5.165785789489746 3.987360715866089 3.0678720474243164 2.444230318069458
251 5.540951728820801 5.106454849243164 5.145900726318359 4.020174503326416 3.102546215057373 2.668262243270874
252 5.563742637634277 5.190205097198486 5.053254127502441 4.266818046569824 3.0298898220062256 2.6400482654571533
253 5.320063591003418 4.855438232421875 4.959342002868652 3.797883987426758 3.01529598236084 2.5483317375183105
254 5.155002117156982 4.670352935791016 5.150305271148682 3.701063632965088 3.098325729370117 2.3539998531341553
255 5.078080654144287 4.633398056030273 5.005873680114746 3.68574857711792 2.884982109069824 2.44557523727417
256 4.9929094314575195 4.482034206390381 5.071722984313965 3.3187904357910156 2.951383113861084 2.522207736968994
257 5.121192455291748 4.629626750946045 5.088301181793213 3.6219489574432373 2.948984384536743 2.6010608673095703
258 4.940249443054199 4.473629474639893 5.082582950592041 3.096998929977417 3.0000033378601074 2.507563591003418
259 4.955140113830566 4.475711822509766 5.152273178100586 3.1505086421966553 2.930462121963501 2.4631426334381104
260 5.024688720703125 4.470367431640625 5.175390243530273 3.3069844245910645 2.9990010261535645 2.6143970489501953
261 5.093946933746338 4.582684516906738 5.084566593170166 3.3014092445373535 3.0037763118743896 2.4863100051879883
262 4.988161563873291 4.514246463775635 4.943941593170166 3.2003610134124756 2.7904789447784424 2.5200963020324707
263 5.447268009185791 5.007533550262451 5.078291893005371 3.4331300258636475 3.0859529972076416 2.858609199523926
264 5.165250778198242 4.718993663787842 5.188897132873535 3.251049041748047 3.076235055923462 2.624100923538208
265 5.030769348144531 4.582824230194092 5.063072681427002 3.1074748039245605 3.1118295192718506 2.376676321029663
266 4.99044132232666 4.5220417976379395 5.234755516052246 3.1055538654327393 2.9805662631988525 2.4435081481933594
267 4.9513983726501465 4.469416618347168 5.255624771118164 2.999075174331665 2.947031259536743 2.2955265045166016
268 5.135197162628174 4.703043460845947 5.161574840545654 3.173081398010254 2.727881908416748 2.519066333770752
269 5.148599147796631 4.7282938957214355 5.24030065536499 3.2697978019714355 2.844918966293335 2.5283026695251465
270 5.123913764953613 4.6302666664123535 5.174093723297119 3.0888450145721436 3.3561854362487793 2.3792495727539063
271 5.290228366851807 4.826230049133301 5.311949253082275 3.380810499191284 3.0333898067474365 2.669104814529419
272 5.178097724914551 4.6586151123046875 5.160322189331055 3.308877468109131 3.1755754947662354 2.4895832538604736
273 5.129335880279541 4.6663665771484375 5.165507793426514 3.2697677612304688 2.986443519592285 2.378471851348877
274 5.273864269256592 4.856247901916504 5.282140731811523 3.284343957901001 3.368739128112793 2.441649913787842
275 5.1916656494140625 4.727133750915527 5.228898048400879 3.1573517322540283 3.2110865116119385 2.4556424617767334
276 5.3156208992004395 4.894533634185791 5.227100372314453 3.546319007873535 2.9048774242401123 2.5315358638763428
277 5.309061050415039 4.8137526512146 5.271463394165039 3.500433921813965 3.070168972015381 2.6038405895233154
278 5.2046051025390625 4.662881374359131 5.270573616027832 3.3582513332366943 3.3745367527008057 2.485556125640869
279 4.937710762023926 4.4088592529296875 5.190514087677002 3.188821315765381 3.385711431503296 2.415656566619873
280 5.048938274383545 4.4821014404296875 5.056511402130127 3.1389145851135254 3.082421064376831 2.6371588706970215
281 5.128668308258057 4.572807312011719 5.296321868896484 3.2230396270751953 3.223348379135132 2.53058123588562
282 5.119482517242432 4.641323089599609 5.229193687438965 3.3712925910949707 3.0981650352478027 2.527503728866577
283 5.063149929046631 4.645102500915527 5.153973579406738 3.5312931537628174 3.068802833557129 2.5049872398376465
284 5.066161155700684 4.6174235343933105 5.062492847442627 3.547649621963501 2.831829071044922 2.507246494293213
285 5.182658672332764 4.743946075439453 5.162741661071777 3.668064832687378 3.083577871322632 2.3809401988983154
286 5.181276321411133 4.738614559173584 5.101600646972656 3.604262351989746 3.067836046218872 2.5126309394836426
287 5.062353610992432 4.580957889556885 5.107415676116943 3.2266287803649902 3.1030147075653076 2.4592771530151367
288 5.369126319885254 4.958928108215332 4.9804229736328125 4.047248363494873 3.112245798110962 2.744659423828125
289 5.245030403137207 4.800231456756592 5.013704299926758 3.5685930252075195 3.0401194095611572 2.344399929046631
290 5.3925909996032715 4.973494052886963 5.373688220977783 3.4973456859588623 3.133086681365967 2.5001978874206543
291 5.423244476318359 5.068256378173828 5.338288307189941 4.245441913604736 3.25467586517334 2.558917760848999
292 5.617888927459717 5.2148308753967285 5.321135520935059 3.759881019592285 3.2324459552764893 2.7966227531433105
293 5.461781978607178 5.120154857635498 5.196805477142334 3.677368640899658 3.149859666824341 2.6752660274505615
294 5.011898517608643 4.628553867340088 5.152231216430664 3.595773458480835 2.886662006378174 2.746739625930786
295 5.276902675628662 4.891842365264893 5.102155685424805 3.717212438583374 2.8430089950561523 2.7011773586273193
296 5.194267749786377 4.745928764343262 4.991884708404541 3.733218193054199 2.989342451095581 2.3647382259368896
297 4.950625896453857 4.4289045333862305 5.123006343841553 3.1213817596435547 3.026798963546753 2.4213807582855225
298 5.090695858001709 4.664054870605469 5.025915145874023 3.354478597640991 2.8876960277557373 2.4667892456054688
299 5.142160892486572 4.70550537109375 5.03309440612793 3.484043598175049 2.900487184524536 2.709155797958374
300 4.984585762023926 4.551090240478516 5.121344566345215 3.155376434326172 2.877800226211548 2.4740755558013916
301 5.2067060470581055 4.7735090255737305 5.277266025543213 3.5727574825286865 3.158418655395508 2.4909653663635254
302 5.078495502471924 4.587456703186035 5.1493144035339355 3.3982162475585938 3.249138832092285 2.5388927459716797
303 5.206137180328369 4.699649333953857 5.065751552581787 3.4304022789001465 3.171137571334839 2.6946442127227783
304 5.329875946044922 4.926157474517822 5.086917877197266 3.3800177574157715 3.2144808769226074 2.622649669647217
305 5.178463935852051 4.704561233520508 5.124426364898682 3.657017707824707 3.411064624786377 2.4481256008148193
306 5.195168495178223 4.828521728515625 5.050990104675293 3.6942570209503174 3.1838700771331787 2.571904182434082
307 5.313763618469238 4.95515251159668 5.073458671569824 3.5536444187164307 3.0095906257629395 2.3649771213531494
308 5.296187877655029 4.862194538116455 5.1576619148254395 3.6703479290008545 3.2846386432647705 2.422760486602783
309 5.211146354675293 4.802885055541992 5.060068607330322 3.6088671684265137 3.168696165084839 2.4137165546417236
310 5.165704250335693 4.851391792297363 5.0518798828125 3.6054248809814453 2.9936764240264893 2.481764078140259
311 5.462646007537842 5.047519207000732 5.2169389724731445 3.4465978145599365 3.5446481704711914 2.162626266479492
312 5.373057842254639 5.019278526306152 4.871948719024658 3.7043676376342773 2.8960366249084473 2.5223147869110107
313 5.087206840515137 4.686100959777832 5.0581512451171875 3.465034246444702 3.0429365634918213 2.2643799781799316
314 4.985097885131836 4.614447116851807 5.1648945808410645 3.398552656173706 2.8689370155334473 2.2447376251220703
315 5.121493339538574 4.766826152801514 5.077834606170654 3.5027270317077637 3.0921249389648438 2.3242905139923096
316 4.844988822937012 4.493251323699951 5.019367218017578 3.6059560775756836 2.9569790363311768 2.3149499893188477
317 4.995917797088623 4.590144157409668 5.020540714263916 3.4743101596832275 3.269275188446045 2.155310869216919
318 5.101033687591553 4.6606764793396 5.051414489746094 3.57365083694458 3.4122297763824463 2.5136516094207764
319 4.896815299987793 4.4543585777282715 4.955995559692383 3.4976110458374023 3.060716390609741 2.510016441345215
320 5.178799152374268 4.777741432189941 5.080760955810547 3.9559085369110107 3.142240285873413 2.487013101577759
321 5.243734359741211 4.867656707763672 5.052872180938721 3.7308812141418457 3.1835098266601563 2.465637445449829
322 5.20754861831665 4.787888526916504 4.9653449058532715 3.56522536277771 2.825793981552124 2.436770439147949
323 5.142358779907227 4.685356140136719 5.322094440460205 3.7983994483947754 3.235807418823242 2.483555793762207
324 5.090977668762207 4.683959007263184 5.066452980041504 3.821723699569702 3.1993250846862793 2.516984224319458
325 5.423422813415527 5.0545549392700195 5.101807594299316 4.119640350341797 3.100677967071533 2.6276142597198486
326 5.205427646636963 4.825223445892334 5.150579929351807 3.9149506092071533 3.075334310531616 2.544137954711914
327 5.3199028968811035 4.981508731842041 5.13171911239624 4.004354000091553 3.0260467529296875 2.552455425262451
328 5.170046806335449 4.7692484855651855 5.015970230102539 3.8162078857421875 3.1366147994995117 2.598275661468506
329 4.994790077209473 4.652775764465332 5.073757171630859 3.7412846088409424 2.8686394691467285 2.3778042793273926
330 5.304157257080078 4.976255893707275 5.075199127197266 3.871488571166992 2.9187960624694824 2.5058505535125732
331 5.352109909057617 5.032717704772949 5.102469444274902 3.949359178543091 3.0006003379821777 2.402283191680908
332 5.289053916931152 4.917627811431885 5.0279340744018555 4.026872634887695 3.0586631298065186 2.8432528972625732
333 5.465893268585205 5.187456130981445 5.334120750427246 3.9508213996887207 2.796574115753174 2.7268764972686768
334 5.342776298522949 5.073073387145996 5.3715362548828125 3.7748520374298096 2.822861909866333 2.2128233909606934
335 5.506734371185303 5.2268476486206055 5.228662967681885 3.9768548011779785 2.858705997467041 2.7777693271636963
336 5.1862473487854 4.8717756271362305 5.281052112579346 3.7707035541534424 2.659717559814453 2.4147322177886963
337 5.2174577713012695 4.904965877532959 5.289370059967041 3.929556369781494 2.5676167011260986 2.708578586578369
338 5.298006057739258 4.872867584228516 5.361163139343262 3.8361551761627197 3.1072933673858643 2.441680431365967
339 5.209425449371338 4.831336498260498 5.110151290893555 3.9213836193084717 2.97739315032959 2.4871959686279297
340 5.342165470123291 4.995244026184082 5.133997917175293 3.9610373973846436 2.8427162170410156 2.3867099285125732
341 5.197061538696289 4.782127380371094 5.146096229553223 3.8490731716156006 2.976142644882202 2.3793752193450928
342 5.273430824279785 4.910594463348389 5.200589179992676 3.9050209522247314 2.8197991847991943 2.4127962589263916
343 5.154115200042725 4.768670082092285 5.055895805358887 3.864307165145874 2.602072238922119 2.463308095932007
344 5.281215667724609 4.953658580780029 5.116236686706543 4.041204929351807 2.726797103881836 2.5045042037963867
345 5.243047714233398 4.825232028961182 4.869821071624756 3.9126620292663574 2.8858983516693115 2.5931334495544434
346 5.299623012542725 4.856837272644043 4.990904808044434 3.5026304721832275 2.666761636734009 2.4335403442382813
347 5.655109405517578 5.335086822509766 5.422154426574707 4.104046821594238 2.7763116359710693 2.44301176071167
348 5.7041192054748535 5.43550443649292 5.440567970275879 4.308537006378174 2.913247585296631 2.4754090309143066
349 5.890794277191162 5.589101791381836 5.71666955947876 4.345950126647949 3.1046245098114014 2.67683744430542
350 5.788331508636475 5.560625076293945 5.723794937133789 4.280550479888916 2.9635980129241943 2.483386754989624
351 5.830264568328857 5.580817699432373 5.794618606567383 4.234383583068848 2.999307632446289 2.505699634552002
352 5.4530253410339355 5.054531097412109 5.568836212158203 3.64272403717041 2.8503687381744385 2.4730613231658936
353 5.918854713439941 5.604933738708496 5.656282424926758 4.25303316116333 2.79917573928833 2.6361196041107178
354 5.9732279777526855 5.623993873596191 5.844017505645752 4.147170066833496 3.1818015575408936 2.6300675868988037
355 5.75993537902832 5.424733638763428 5.61989164352417 4.06813907623291 2.935847043991089 2.743037223815918
356 5.959619522094727 5.633171081542969 5.898841857910156 3.914628267288208 3.075514793395996 2.9759771823883057
357 5.903817653656006 5.664824962615967 5.839842796325684 4.754751205444336 2.9492251873016357 2.6791768074035645
358 5.612244129180908 5.273159980773926 5.871782302856445 3.754265546798706 2.878833055496216 2.4602081775665283
359 5.795149803161621 5.454012870788574 5.7945661544799805 4.2862138748168945 2.984595537185669 2.3274457454681396
360 5.67610502243042 5.378438472747803 5.8218913078308105 4.246199131011963 2.9066593647003174 2.379849433898926
361 5.864755153656006 5.619265079498291 5.755692481994629 4.478569984436035 2.8159704208374023 2.360128879547119
362 5.90400505065918 5.558089256286621 5.9051384925842285 4.339273452758789 3.0093612670898438 2.5810587406158447
363 5.773311614990234 5.431088924407959 6.071301460266113 4.021218299865723 3.1295104026794434 2.5087015628814697
364 5.846368789672852 5.493720054626465 6.035275459289551 4.029598712921143 3.193821430206299 2.5960469245910645
365 5.904248237609863 5.583769798278809 5.977508544921875 4.107095718383789 3.3269543647766113 2.40236496925354
366 5.942615032196045 5.585052013397217 6.1820878982543945 3.8686585426330566 3.7161178588867188 2.5097107887268066
367 5.632408142089844 5.1796064376831055 5.839090347290039 3.3121390342712402 3.1610023975372314 2.488477945327759
368 5.614748001098633 5.2139997482299805 5.979061603546143 3.506260633468628 3.058363199234009 2.77886962890625
369 5.698139667510986 5.297421932220459 6.002812385559082 3.4601311683654785 3.2027604579925537 2.6318492889404297
370 5.912765979766846 5.477892875671387 5.764748573303223 3.663806915283203 3.408540964126587 2.7522003650665283
371 5.900790691375732 5.542735576629639 5.847082138061523 3.691070556640625 3.1464455127716064 2.5292813777923584
372 5.5525689125061035 5.081061840057373 5.719583034515381 3.4144937992095947 3.4006123542785645 2.706602096557617
373 5.516070365905762 5.010712146759033 5.57628059387207 3.3292272090911865 3.0738425254821777 2.736274480819702
374 5.551692962646484 5.153530120849609 5.615804672241211 3.556227684020996 3.0713062286376953 2.6801917552948
375 5.1919050216674805 4.5990705490112305 5.226027488708496 3.2682130336761475 3.2613062858581543 2.2636218070983887
376 5.289859771728516 4.787714958190918 5.236711025238037 3.4309375286102295 3.1998109817504883 2.5765552520751953
377 5.319604396820068 4.850768566131592 5.487616062164307 3.2868430614471436 2.9406626224517822 2.548978090286255
378 5.501987934112549 5.103216171264648 5.0595293045043945 3.6279854774475098 2.969038248062134 2.681698799133301
379 5.224965572357178 4.685690402984619 5.201106071472168 3.31476092338562 3.2367420196533203 2.43019437789917
380 5.487386703491211 5.111825942993164 5.446149826049805 3.535493850708008 3.109066963195801 2.6115176677703857
381 5.049377918243408 4.55612325668335 5.0271525382995605 3.5818705558776855 3.2859890460968018 2.5025460720062256
382 5.01676607131958 4.573274612426758 4.911352634429932 3.6231307983398438 2.92438006401062 2.5214340686798096
383 5.064369201660156 4.559929847717285 4.626737117767334 3.579568386077881 3.1122748851776123 2.494868278503418
384 4.988772869110107 4.490508556365967 4.865468502044678 3.362922430038452 3.1695539951324463 2.5568389892578125
385 4.849618911743164 4.35984992980957 4.873898506164551 3.273123025894165 3.136524200439453 2.185096502304077
386 5.186190605163574 4.693601131439209 4.568108558654785 3.510293483734131 2.76474928855896 2.6663055419921875
387 4.727071762084961 4.136880397796631 4.518529891967773 3.2297914028167725 2.9845776557922363 2.313335418701172
388 4.818363189697266 4.2158355712890625 4.56884241104126 3.465193271636963 3.2051031589508057 2.531827688217163
389 5.05633020401001 4.494040012359619 4.468025207519531 3.6040236949920654 3.07930064201355 2.6434826850891113
390 5.219978332519531 4.776247978210449 4.7700958251953125 3.82766056060791 2.931328058242798 2.977034330368042
391 4.898031711578369 4.380844593048096 4.772215366363525 3.465176820755005 2.917196035385132 2.639700174331665
392 5.195883750915527 4.8019208908081055 5.0738067626953125 3.432877540588379 3.118434429168701 2.626194477081299
393 5.099193096160889 4.549150466918945 4.416628837585449 3.8711740970611572 3.295761823654175 3.0710697174072266
394 4.980223655700684 4.344892978668213 4.270625114440918 3.577854871749878 3.3156204223632813 2.819000005722046
395 5.1134138107299805 4.515927314758301 4.263556003570557 3.541139841079712 3.412444829940796 2.663372755050659
396 5.157927989959717 4.596056938171387 4.15401029586792 3.6934874057769775 3.1247565746307373 2.8363239765167236
397 5.301907062530518 4.810418605804443 4.178200721740723 3.6592326164245605 3.1975510120391846 2.7225780487060547
398 5.0600128173828125 4.510295391082764 4.082106113433838 3.5976953506469727 3.193162202835083 2.6874356269836426
399 4.973052978515625 4.4495978355407715 3.900085926055908 3.725067138671875 2.8033463954925537 2.7948148250579834
400 4.789218425750732 4.161777973175049 4.101315021514893 3.6046910285949707 2.8925912380218506 2.9319746494293213
401 4.796411514282227 4.178036212921143 4.068193435668945 3.4644176959991455 3.034879446029663 2.4860427379608154
402 4.6910552978515625 4.152194976806641 3.908156156539917 3.4871881008148193 2.81736421585083 2.7001845836639404
403 4.80259895324707 4.186416149139404 4.098565101623535 3.4181442260742188 3.1831116676330566 2.4764373302459717
404 4.751430034637451 4.139229774475098 3.975670337677002 3.5589184761047363 2.7614290714263916 2.7942473888397217
405 4.681676864624023 4.1352996826171875 4.153768062591553 3.455590009689331 2.874303102493286 2.553917169570923
406 4.864398002624512 4.319232940673828 3.927436113357544 3.550450563430786 3.041303873062134 2.7371158599853516
407 5.16759729385376 4.6403303146362305 4.134960174560547 3.72580623626709 3.151137113571167 3.0002541542053223
408 5.118994235992432 4.568788528442383 4.0300469398498535 3.633625030517578 2.970181941986084 2.8744289875030518
409 4.783268928527832 4.131196975708008 3.891195774078369 3.4190800189971924 3.0706191062927246 2.659613609313965
410 4.8708109855651855 4.283612251281738 4.01235818862915 3.787073850631714 2.9492344856262207 2.97091007232666
411 4.847968101501465 4.293759346008301 3.948164463043213 3.75350022315979 2.872563600540161 2.8931243419647217
412 4.779552459716797 4.147452354431152 3.985929489135742 3.733508348464966 3.0467686653137207 2.820875883102417
413 4.928204536437988 4.340854644775391 3.9698145389556885 3.833951950073242 2.804051637649536 3.0061872005462646
414 4.972199440002441 4.334911346435547 4.167527675628662 3.732287645339966 3.0079245567321777 2.8777761459350586
415 5.119897842407227 4.576654434204102 4.164497375488281 4.043514728546143 2.876385450363159 3.0342371463775635
416 4.827931880950928 4.192798614501953 4.21574592590332 3.529451847076416 2.794294834136963 2.682546854019165
417 4.756408214569092 4.153914451599121 3.975348711013794 3.526630401611328 2.6348085403442383 2.901934862136841
418 4.600198745727539 3.8854730129241943 4.337014675140381 3.2147414684295654 3.3115522861480713 2.3524692058563232
419 4.601719856262207 3.9683780670166016 4.186956882476807 3.1979851722717285 2.5800063610076904 2.741683006286621
420 4.674928188323975 4.031046390533447 4.075880527496338 3.4466469287872314 2.947161912918091 2.5735418796539307
421 4.524529457092285 3.933924436569214 3.8499057292938232 3.394951343536377 2.631603717803955 2.6424713134765625
