1 	 14.570266723632813
2 	 12.574896812438965
3 	 10.433877944946289
4 	 8.163155555725098
5 	 7.11444616317749
6 	 5.588586807250977
7 	 4.339610576629639
8 	 3.605842113494873
9 	 2.7276418209075928
10 	 2.266995906829834
11 	 2.5944275856018066
12 	 2.224174976348877
13 	 1.716127872467041
14 	 1.8370699882507324
15 	 1.5587661266326904
16 	 1.565622329711914
17 	 1.3765259981155396
18 	 1.353540062904358
19 	 1.2064205408096313
20 	 1.4113061428070068
21 	 1.464983582496643
22 	 1.2301603555679321
23 	 1.188473105430603
24 	 1.4404951333999634
25 	 1.6752538681030273
26 	 1.530492901802063
27 	 1.750369668006897
28 	 1.7595046758651733
29 	 1.5339105129241943
30 	 1.6427544355392456
31 	 1.400152325630188
32 	 1.2664785385131836
33 	 1.1187291145324707
34 	 1.191498041152954
35 	 1.2388248443603516
36 	 1.0439103841781616
37 	 1.043137550354004
38 	 1.1047018766403198
39 	 1.0958642959594727
40 	 1.0990550518035889
41 	 0.9360377192497253
42 	 0.8868404626846313
43 	 0.972083568572998
44 	 0.9938980340957642
45 	 0.9133187532424927
46 	 0.9437465071678162
47 	 1.074236273765564
48 	 0.9143475890159607
49 	 0.8983030915260315
50 	 0.869718611240387
51 	 1.1816110610961914
52 	 1.196869969367981
53 	 1.0854127407073975
54 	 0.887749969959259
55 	 0.8550413250923157
56 	 0.8790695071220398
57 	 0.9857256412506104
58 	 1.1729156970977783
59 	 1.0899380445480347
60 	 1.065638542175293
61 	 1.2210121154785156
62 	 1.5199322700500488
63 	 1.2162699699401855
64 	 1.4158600568771362
65 	 1.750173807144165
66 	 1.7452939748764038
67 	 1.68724524974823
68 	 1.6615252494812012
69 	 1.8883202075958252
70 	 2.2757554054260254
71 	 3.1254947185516357
72 	 2.558698892593384
73 	 2.1525535583496094
74 	 1.9088892936706543
75 	 1.8285986185073853
76 	 2.506938934326172
77 	 1.8183811902999878
78 	 0.9064934849739075
79 	 0.7908066511154175
80 	 0.8420140147209167
81 	 0.775723397731781
82 	 0.8051609396934509
83 	 0.7978143692016602
84 	 0.7584637999534607
85 	 0.8107214570045471
86 	 0.8723076581954956
87 	 0.8709443807601929
88 	 0.8647390007972717
89 	 0.9323601126670837
90 	 1.076401710510254
91 	 1.0673410892486572
92 	 1.0453757047653198
93 	 1.0086990594863892
94 	 1.2579861879348755
95 	 1.3750038146972656
96 	 0.9908764362335205
97 	 1.1635551452636719
98 	 1.739393711090088
99 	 1.8303000926971436
100 	 1.6633796691894531
101 	 1.9636814594268799
102 	 1.7416868209838867
103 	 1.495066523551941
104 	 1.2401361465454102
105 	 1.6732710599899292
106 	 1.9127686023712158
107 	 1.319630742073059
108 	 1.1446257829666138
109 	 0.9808432459831238
110 	 0.9937817454338074
111 	 1.4169130325317383
112 	 1.246557593345642
113 	 1.5150867700576782
114 	 1.474555492401123
115 	 1.638516902923584
116 	 1.6884922981262207
117 	 1.5414766073226929
118 	 1.3483940362930298
119 	 2.474916696548462
120 	 2.946129083633423
121 	 3.899587631225586
122 	 3.5498390197753906
123 	 1.8864028453826904
124 	 1.3925576210021973
125 	 1.5668985843658447
126 	 1.5480338335037231
127 	 1.5431402921676636
128 	 1.1209263801574707
129 	 0.9712264537811279
130 	 1.1176018714904785
131 	 0.9192672371864319
132 	 0.7033027410507202
133 	 0.617694079875946
134 	 0.6073026061058044
135 	 0.5519867539405823
136 	 0.529354453086853
137 	 0.5992709994316101
138 	 0.5493254065513611
139 	 0.5831277370452881
140 	 0.5961104035377502
141 	 0.6377249360084534
142 	 0.7744574546813965
143 	 0.6391964554786682
144 	 0.6251596808433533
145 	 0.6158557534217834
146 	 0.651495635509491
147 	 0.7587519288063049
148 	 0.71489417552948
149 	 0.6612749695777893
150 	 0.7092875242233276
151 	 0.711366593837738
152 	 0.7865648865699768
153 	 0.6774690747261047
154 	 0.6256157755851746
155 	 0.664013683795929
156 	 0.6580711007118225
157 	 0.6129200458526611
158 	 0.651961088180542
159 	 0.7020261883735657
160 	 0.6838851571083069
161 	 0.7049926519393921
162 	 0.7748942971229553
163 	 0.8066261410713196
164 	 0.7658848166465759
165 	 0.7375884652137756
166 	 0.8961910605430603
167 	 0.9592534303665161
168 	 0.9755695462226868
169 	 1.2949763536453247
170 	 1.5842969417572021
171 	 1.5721251964569092
172 	 1.0236207246780396
173 	 0.935603141784668
174 	 0.7797368168830872
175 	 0.9190197587013245
176 	 0.7745639085769653
177 	 0.7768688797950745
178 	 0.7487853169441223
179 	 0.8534866571426392
180 	 1.125022053718567
181 	 1.9021004438400269
182 	 1.4685914516448975
183 	 1.747017502784729
184 	 2.1275634765625
185 	 2.3561110496520996
186 	 1.7733359336853027
187 	 1.4707260131835938
188 	 2.0771920680999756
189 	 1.9923590421676636
190 	 1.2556620836257935
191 	 1.6220837831497192
192 	 2.160869598388672
193 	 1.7437713146209717
194 	 1.303057074546814
195 	 0.9818248152732849
196 	 1.0847290754318237
197 	 0.8990886211395264
198 	 1.137961983680725
199 	 1.2272858619689941
200 	 1.2650623321533203
201 	 1.5600192546844482
202 	 1.4053288698196411
203 	 1.3215309381484985
204 	 1.2304511070251465
205 	 1.0394103527069092
206 	 0.970860481262207
207 	 1.0283604860305786
208 	 0.9480209946632385
209 	 0.8984655141830444
210 	 0.8770290613174438
211 	 0.9157067537307739
212 	 0.8655551671981812
213 	 0.8639500141143799
214 	 0.8648261427879333
215 	 0.8330985307693481
216 	 0.7467058300971985
217 	 0.6426917910575867
218 	 0.62606281042099
219 	 0.7287070751190186
220 	 0.626824676990509
221 	 0.6007128357887268
222 	 0.6996323466300964
223 	 0.8858838677406311
224 	 0.9717049598693848
225 	 1.14626944065094
226 	 1.1081379652023315
227 	 1.2782738208770752
228 	 0.6886376142501831
229 	 0.5998626947402954
230 	 0.5137007236480713
231 	 0.5121710300445557
232 	 0.5167375206947327
233 	 0.5386333465576172
234 	 0.6442059874534607
235 	 0.6495860815048218
236 	 0.5610330104827881
237 	 0.5037886500358582
238 	 0.4840690493583679
239 	 0.5576403737068176
240 	 0.5616969466209412
241 	 0.5436254143714905
242 	 0.5951604247093201
243 	 0.7346474528312683
244 	 0.898047685623169
245 	 1.095603108406067
246 	 1.1674779653549194
247 	 1.0717488527297974
248 	 1.1925582885742188
249 	 0.8367140293121338
250 	 0.9442604780197144
251 	 0.9966408610343933
252 	 0.8111761212348938
253 	 0.6552059650421143
254 	 0.8066877126693726
255 	 0.8429474234580994
256 	 0.7008653879165649
257 	 0.6761230230331421
258 	 0.7927999496459961
259 	 0.7487598061561584
260 	 0.6647231578826904
261 	 0.7364137172698975
262 	 0.7076696157455444
263 	 0.6963744163513184
264 	 0.7227762937545776
265 	 0.7834916114807129
266 	 0.7641031742095947
267 	 0.7709595561027527
268 	 0.8842886686325073
269 	 1.0371116399765015
270 	 1.0937718152999878
271 	 1.0129284858703613
272 	 0.7440077066421509
273 	 0.7075681090354919
274 	 0.5982077121734619
275 	 0.6042760610580444
276 	 0.664984405040741
277 	 0.778077244758606
278 	 0.8676249980926514
279 	 0.8492817282676697
280 	 0.7466725707054138
281 	 0.661563515663147
282 	 0.604859471321106
283 	 0.6571214199066162
284 	 0.7225115299224854
285 	 0.9131171703338623
286 	 0.9866483211517334
287 	 1.7057273387908936
288 	 1.135308027267456
289 	 1.0105973482131958
290 	 0.7671099305152893
291 	 0.6754116415977478
292 	 0.6391497254371643
293 	 0.6983377933502197
294 	 0.6059229969978333
295 	 0.6346333622932434
296 	 0.5922128558158875
297 	 0.7403532862663269
298 	 0.7668931484222412
299 	 0.929969847202301
300 	 0.9586796164512634
301 	 1.1417979001998901
302 	 1.1096807718276978
303 	 1.4147837162017822
304 	 1.2666009664535522
305 	 1.1190067529678345
306 	 1.309000015258789
307 	 1.6150014400482178
308 	 1.4657492637634277
309 	 1.9238269329071045
310 	 1.7835464477539063
311 	 1.316323161125183
312 	 1.4304612874984741
313 	 1.5294091701507568
314 	 1.2552313804626465
315 	 0.9858739376068115
316 	 1.1841380596160889
317 	 1.3002911806106567
318 	 1.0844941139221191
319 	 0.9833434820175171
320 	 0.7634327411651611
321 	 0.8575314879417419
322 	 1.0746707916259766
323 	 1.322230339050293
324 	 2.7530388832092285
325 	 5.399507522583008
326 	 7.678927421569824
327 	 9.452091217041016
328 	 10.309308052062988
329 	 10.661225318908691
330 	 10.18502426147461
331 	 9.387916564941406
332 	 7.917486667633057
333 	 6.395726203918457
334 	 4.755067348480225
335 	 2.900071620941162
336 	 1.6498428583145142
337 	 1.3005303144454956
338 	 1.084105134010315
339 	 0.7608202695846558
340 	 0.6482160687446594
341 	 0.6516702771186829
342 	 0.7960364818572998
343 	 0.79908686876297
344 	 0.8337145447731018
345 	 0.7229313254356384
346 	 0.8527251482009888
347 	 0.7525978684425354
348 	 0.7104697823524475
349 	 0.6584310531616211
350 	 0.7417666912078857
351 	 0.7298325896263123
352 	 0.6682744026184082
353 	 0.6715864539146423
354 	 0.7069491744041443
355 	 0.7011170387268066
356 	 0.6497769951820374
357 	 0.7047938704490662
358 	 0.779630184173584
359 	 0.7204112410545349
360 	 0.671227216720581
361 	 0.8071563243865967
362 	 0.8591631054878235
363 	 0.7840426564216614
364 	 0.8893410563468933
365 	 1.0853521823883057
366 	 1.0942039489746094
367 	 1.1704987287521362
368 	 1.387099027633667
369 	 1.4843693971633911
370 	 1.547116994857788
371 	 1.8047754764556885
372 	 2.0776522159576416
373 	 2.08453369140625
374 	 1.9020246267318726
375 	 1.8567392826080322
376 	 1.6981631517410278
377 	 2.1024205684661865
378 	 2.21268892288208
379 	 1.7647267580032349
380 	 1.823427438735962
381 	 2.4476077556610107
382 	 3.562944173812866
383 	 4.7429118156433105
384 	 6.2324981689453125
