1 	 17.002452850341797
2 	 14.802026748657227
3 	 12.838391304016113
4 	 10.899925231933594
5 	 9.628508567810059
6 	 8.52541732788086
7 	 9.664874076843262
8 	 9.000457763671875
9 	 7.814913749694824
10 	 7.8552775382995605
11 	 6.7840681076049805
12 	 6.576595306396484
13 	 5.327263355255127
14 	 4.155622959136963
15 	 2.5639195442199707
16 	 2.138542652130127
17 	 1.829744815826416
18 	 1.7527319192886353
19 	 1.5726109743118286
20 	 1.6172876358032227
21 	 1.7541097402572632
22 	 1.6203340291976929
23 	 1.5591248273849487
24 	 1.6538405418395996
25 	 1.7895029783248901
26 	 1.8754842281341553
27 	 2.386070489883423
28 	 2.5663297176361084
29 	 2.468677520751953
30 	 3.139230251312256
31 	 2.3967177867889404
32 	 2.0275537967681885
33 	 1.7112274169921875
34 	 1.808677077293396
35 	 2.0848159790039063
36 	 1.8043553829193115
37 	 1.5230298042297363
38 	 1.6479158401489258
39 	 1.6777464151382446
40 	 1.806201696395874
41 	 1.5637989044189453
42 	 1.444146990776062
43 	 1.6816754341125488
44 	 1.631500005722046
45 	 1.556646466255188
46 	 1.948854923248291
47 	 2.414945125579834
48 	 2.4471940994262695
49 	 2.084217071533203
50 	 2.346100330352783
51 	 2.865880250930786
52 	 2.633667230606079
53 	 2.079226493835449
54 	 1.434210181236267
55 	 1.4413228034973145
56 	 1.429551124572754
57 	 1.582836627960205
58 	 1.595896601676941
59 	 1.3232977390289307
60 	 1.723677396774292
61 	 2.0721609592437744
62 	 1.6616662740707397
63 	 1.8696038722991943
64 	 2.7613117694854736
65 	 3.4718785285949707
66 	 3.4166433811187744
67 	 3.9642672538757324
68 	 3.7263095378875732
69 	 3.7056996822357178
70 	 3.728727102279663
71 	 2.5644969940185547
72 	 3.1620194911956787
73 	 2.0635077953338623
74 	 2.7516696453094482
75 	 2.3444182872772217
76 	 3.5808322429656982
77 	 2.223468065261841
78 	 1.6742136478424072
79 	 1.4663320779800415
80 	 1.7328628301620483
81 	 1.3590880632400513
82 	 1.6674402952194214
83 	 2.1466612815856934
84 	 1.9307805299758911
85 	 2.1996171474456787
86 	 2.1932597160339355
87 	 1.8657151460647583
88 	 1.8242498636245728
89 	 2.6010076999664307
90 	 2.6948578357696533
91 	 1.9875462055206299
92 	 2.1202967166900635
93 	 2.8417887687683105
94 	 3.5372941493988037
95 	 3.1828598976135254
96 	 3.181990385055542
97 	 4.044915676116943
98 	 4.5348920822143555
99 	 4.371941566467285
100 	 5.569616317749023
101 	 5.92380428314209
102 	 6.143216609954834
103 	 5.9325737953186035
104 	 5.090194225311279
105 	 4.7785868644714355
106 	 4.285318374633789
107 	 2.963512420654297
108 	 2.6833248138427734
109 	 2.1892545223236084
110 	 2.041506052017212
111 	 1.9032520055770874
112 	 1.8470829725265503
113 	 1.2379658222198486
114 	 1.1625325679779053
115 	 1.0737725496292114
116 	 1.2122563123703003
117 	 1.209429144859314
118 	 0.9963192343711853
119 	 1.1261886358261108
120 	 1.1740608215332031
121 	 1.1540950536727905
122 	 1.275804877281189
123 	 1.3096506595611572
124 	 1.2085453271865845
125 	 1.7660102844238281
126 	 1.3648242950439453
127 	 1.414186954498291
128 	 1.1489161252975464
129 	 0.9574114084243774
130 	 1.0683118104934692
131 	 0.8487111926078796
132 	 0.6821825504302979
133 	 0.6054895520210266
134 	 0.6199447512626648
135 	 0.6306852698326111
136 	 0.6666391491889954
137 	 0.702712893486023
138 	 0.7504047751426697
139 	 0.8278997540473938
140 	 0.8520178198814392
141 	 1.0565797090530396
142 	 1.2681738138198853
143 	 1.1199969053268433
144 	 1.1470144987106323
145 	 1.0773756504058838
146 	 1.1370635032653809
147 	 1.3324288129806519
148 	 1.3286268711090088
149 	 1.2048848867416382
150 	 1.3106520175933838
151 	 1.2842639684677124
152 	 1.325059413909912
153 	 1.1742178201675415
154 	 1.1156303882598877
155 	 1.2054115533828735
156 	 1.1625791788101196
157 	 1.0242663621902466
158 	 1.0822689533233643
159 	 1.1581937074661255
160 	 1.1083118915557861
161 	 1.0213431119918823
162 	 1.0635342597961426
163 	 1.1971913576126099
164 	 1.1254838705062866
165 	 0.9951359033584595
166 	 1.1115795373916626
167 	 1.293561339378357
168 	 1.319212555885315
169 	 1.6558626890182495
170 	 1.9163026809692383
171 	 1.8415616750717163
172 	 1.1733499765396118
173 	 1.1722522974014282
174 	 0.9523808360099792
175 	 1.0467617511749268
176 	 0.9906136989593506
177 	 1.0079529285430908
178 	 1.0159111022949219
179 	 1.0700068473815918
180 	 1.4000444412231445
181 	 1.602450966835022
182 	 1.5265403985977173
183 	 1.8425675630569458
184 	 2.098888874053955
185 	 2.213817596435547
186 	 1.6900053024291992
187 	 1.4504075050354004
188 	 1.8376864194869995
189 	 1.6788747310638428
190 	 1.1621628999710083
191 	 1.4697514772415161
192 	 1.7775245904922485
193 	 1.462093472480774
194 	 1.2495485544204712
195 	 1.1018437147140503
196 	 1.220295786857605
197 	 1.109412431716919
198 	 1.685166358947754
199 	 1.6320565938949585
200 	 1.4063420295715332
201 	 1.6328181028366089
202 	 1.5473735332489014
203 	 1.5557185411453247
204 	 1.759667158126831
205 	 1.5420817136764526
206 	 1.3069487810134888
207 	 1.4529023170471191
208 	 1.7193710803985596
209 	 1.7588603496551514
210 	 1.4700783491134644
211 	 1.3884357213974
212 	 1.554713249206543
213 	 1.6412886381149292
214 	 1.502000093460083
215 	 1.4632961750030518
216 	 1.357208013534546
217 	 1.0525051355361938
218 	 0.8423850536346436
219 	 0.9087839126586914
220 	 0.8161661624908447
221 	 0.8273165225982666
222 	 0.7419955134391785
223 	 0.7734931707382202
224 	 0.9218153357505798
225 	 1.0154458284378052
226 	 0.8410199880599976
227 	 0.7506394386291504
228 	 0.6670383214950562
229 	 0.6676734089851379
230 	 0.6543077230453491
231 	 0.6580058932304382
232 	 0.7047097086906433
233 	 0.807125985622406
234 	 0.8033406138420105
235 	 0.841083824634552
236 	 0.7574235200881958
237 	 0.7468466758728027
238 	 0.6661168336868286
239 	 0.6346218585968018
240 	 0.6424662470817566
241 	 0.5706135034561157
242 	 0.6015453934669495
243 	 0.6542500853538513
244 	 0.9098469018936157
245 	 1.0889719724655151
246 	 1.2528581619262695
247 	 1.1504631042480469
248 	 1.0411804914474487
249 	 0.8125277161598206
250 	 0.8798043727874756
251 	 0.8638525605201721
252 	 0.7037799954414368
253 	 0.7069400548934937
254 	 0.8284770846366882
255 	 0.8195331692695618
256 	 0.7446245551109314
257 	 0.8180481791496277
258 	 0.8769204616546631
259 	 0.8368512392044067
260 	 0.8024746775627136
261 	 0.8482323288917542
262 	 0.8327697515487671
263 	 0.8124045729637146
264 	 0.8750860691070557
265 	 0.9635230898857117
266 	 0.9644055962562561
267 	 0.9754427671432495
268 	 1.1040419340133667
269 	 1.2466952800750732
270 	 1.2791870832443237
271 	 1.2363684177398682
272 	 1.0533363819122314
273 	 1.038629412651062
274 	 0.8954913020133972
275 	 0.9071901440620422
276 	 0.9978973865509033
277 	 1.2647470235824585
278 	 1.4506003856658936
279 	 1.720071792602539
280 	 1.3517141342163086
281 	 1.1688084602355957
282 	 1.2315982580184937
283 	 1.1384798288345337
284 	 1.422777533531189
285 	 1.6909027099609375
286 	 2.2236931324005127
287 	 2.205986976623535
288 	 1.7997199296951294
289 	 2.064084529876709
290 	 1.8499987125396729
291 	 2.0081541538238525
292 	 1.6311861276626587
293 	 1.415170431137085
294 	 0.8718701601028442
295 	 0.6860083341598511
296 	 0.6002895832061768
297 	 0.6881527900695801
298 	 0.6594544053077698
299 	 0.8573135137557983
300 	 0.9991666078567505
301 	 1.2509416341781616
302 	 1.4898864030838013
303 	 2.0371320247650146
304 	 1.7995892763137817
305 	 1.5207912921905518
306 	 1.7755224704742432
307 	 2.100400447845459
308 	 1.8878861665725708
309 	 2.1314053535461426
310 	 1.989134669303894
311 	 1.6696186065673828
312 	 1.8232195377349854
313 	 1.8313448429107666
314 	 1.457139253616333
315 	 1.3288050889968872
316 	 1.6818044185638428
317 	 1.6615455150604248
318 	 1.3512803316116333
319 	 1.4699246883392334
320 	 1.1260676383972168
321 	 1.216034173965454
322 	 1.2325048446655273
323 	 1.3324793577194214
324 	 1.742486834526062
325 	 3.4183311462402344
326 	 5.643432140350342
327 	 7.4246745109558105
328 	 8.61015510559082
329 	 8.98533821105957
330 	 7.842831611633301
331 	 7.460445880889893
332 	 6.489247798919678
333 	 4.3875732421875
334 	 2.5178613662719727
335 	 2.147186279296875
336 	 1.5493141412734985
337 	 1.1980327367782593
338 	 1.0178565979003906
339 	 0.8628386855125427
340 	 0.8251149654388428
341 	 0.9935917854309082
342 	 1.3390979766845703
343 	 1.7662016153335571
344 	 1.2591661214828491
345 	 2.230020523071289
346 	 1.7548431158065796
347 	 1.302802562713623
348 	 1.1793261766433716
349 	 0.9910813570022583
350 	 0.9538465738296509
351 	 0.9484012126922607
352 	 0.8430705070495605
353 	 0.7159203886985779
354 	 0.8020598888397217
355 	 0.8223927617073059
356 	 0.716128945350647
357 	 0.7221143245697021
358 	 0.8385871052742004
359 	 0.8546826243400574
360 	 0.7852067947387695
361 	 0.8968098163604736
362 	 0.9414575099945068
363 	 0.9765241742134094
364 	 1.074505090713501
365 	 1.1725705862045288
366 	 1.2294727563858032
367 	 1.4684456586837769
368 	 1.6641061305999756
369 	 1.6702033281326294
370 	 1.8614453077316284
371 	 2.16452693939209
372 	 2.3402767181396484
373 	 2.3583271503448486
374 	 2.0056774616241455
375 	 1.8883501291275024
376 	 1.5837866067886353
377 	 1.9016519784927368
378 	 1.8418248891830444
379 	 1.452023983001709
380 	 1.655612587928772
381 	 1.9261730909347534
382 	 2.7490134239196777
383 	 3.9568183422088623
384 	 5.47438907623291
