# Gaussian distribution
# mean (nm) = 2.56
# sigma (nm) = 0.12
# columns: x_nm	pdf
2.080000	1.115251881374e-03
2.080960	1.151480242386e-03
2.081920	1.188809376098e-03
2.082880	1.227270112364e-03
2.083840	1.266894058698e-03
2.084800	1.307713617213e-03
2.085760	1.349762001843e-03
2.086720	1.393073255868e-03
2.087680	1.437682269719e-03
2.088640	1.483624799092e-03
2.089600	1.530937483354e-03
2.090560	1.579657864252e-03
2.091520	1.629824404928e-03
2.092480	1.681476509238e-03
2.093440	1.734654541381e-03
2.094400	1.789399845836e-03
2.095360	1.845754767616e-03
2.096320	1.903762672831e-03
2.097280	1.963467969571e-03
2.098240	2.024916129111e-03
2.099200	2.088153707424e-03
2.100160	2.153228367031e-03
2.101120	2.220188899163e-03
2.102080	2.289085246253e-03
2.103040	2.359968524748e-03
2.104000	2.432891048262e-03
2.104960	2.507906351039e-03
2.105920	2.585069211761e-03
2.106880	2.664435677676e-03
2.107840	2.746063089064e-03
2.108800	2.830010104030e-03
2.109760	2.916336723636e-03
2.110720	3.005104317352e-03
2.111680	3.096375648858e-03
2.112640	3.190214902165e-03
2.113600	3.286687708076e-03
2.114560	3.385861170977e-03
2.115520	3.487803895960e-03
2.116480	3.592586016281e-03
2.117440	3.700279221147e-03
2.118400	3.810956783832e-03
2.119360	3.924693590128e-03
2.120320	4.041566167114e-03
2.121280	4.161652712264e-03
2.122240	4.285033122869e-03
2.123200	4.411789025791e-03
2.124160	4.542003807534e-03
2.125120	4.675762644632e-03
2.126080	4.813152534360e-03
2.127040	4.954262325755e-03
2.128000	5.099182750948e-03
2.128960	5.248006456806e-03
2.129920	5.400828036879e-03
2.130880	5.557744063646e-03
2.131840	5.718853121063e-03
2.132800	5.884255837400e-03
2.133760	6.054054918372e-03
2.134720	6.228355180548e-03
2.135680	6.407263585049e-03
2.136640	6.590889271517e-03
2.137600	6.779343592348e-03
2.138560	6.972740147202e-03
2.139520	7.171194817756e-03
2.140480	7.374825802726e-03
2.141440	7.583753653117e-03
2.142400	7.798101307729e-03
2.143360	8.017994128880e-03
2.144320	8.243559938364e-03
2.145280	8.474929053623e-03
2.146240	8.712234324125e-03
2.147200	8.955611167948e-03
2.148160	9.205197608549e-03
2.149120	9.461134311724e-03
2.150080	9.723564622739e-03
2.151040	9.992634603621e-03
2.152000	1.026849307061e-02
2.152960	1.055129163175e-02
2.153920	1.084118472461e-02
2.154880	1.113832965415e-02
2.155840	1.144288663066e-02
2.156800	1.175501880784e-02
2.157760	1.207489232093e-02
2.158720	1.240267632492e-02
2.159680	1.273854303288e-02
2.160640	1.308266775422e-02
2.161600	1.343522893314e-02
2.162560	1.379640818695e-02
2.163520	1.416639034449e-02
2.164480	1.454536348453e-02
2.165440	1.493351897411e-02
2.166400	1.533105150687e-02
2.167360	1.573815914133e-02
2.168320	1.615504333909e-02
2.169280	1.658190900294e-02
2.170240	1.701896451483e-02
2.171200	1.746642177382e-02
2.172160	1.792449623377e-02
2.173120	1.839340694096e-02
2.174080	1.887337657147e-02
2.175040	1.936463146840e-02
2.176000	1.986740167887e-02
2.176960	2.038192099078e-02
2.177920	2.090842696928e-02
2.178880	2.144716099304e-02
2.179840	2.199836829014e-02
2.180800	2.256229797367e-02
2.181760	2.313920307703e-02
2.182720	2.372934058877e-02
2.183680	2.433297148712e-02
2.184640	2.495036077412e-02
2.185600	2.558177750921e-02
2.186560	2.622749484247e-02
2.187520	2.688779004734e-02
2.188480	2.756294455282e-02
2.189440	2.825324397512e-02
2.190400	2.895897814879e-02
2.191360	2.968044115725e-02
2.192320	3.041793136269e-02
2.193280	3.117175143535e-02
2.194240	3.194220838209e-02
2.195200	3.272961357437e-02
2.196160	3.353428277537e-02
2.197120	3.435653616645e-02
2.198080	3.519669837280e-02
2.199040	3.605509848829e-02
2.200000	3.693207009948e-02
2.200960	3.782795130875e-02
2.201920	3.874308475652e-02
2.202880	3.967781764259e-02
2.203840	4.063250174648e-02
2.204800	4.160749344677e-02
2.205760	4.260315373945e-02
2.206720	4.361984825519e-02
2.207680	4.465794727553e-02
2.208640	4.571782574799e-02
2.209600	4.679986329992e-02
2.210560	4.790444425132e-02
2.211520	4.903195762628e-02
2.212480	5.018279716331e-02
2.213440	5.135736132431e-02
2.214400	5.255605330222e-02
2.215360	5.377928102734e-02
2.216320	5.502745717230e-02
2.217280	5.630099915550e-02
2.218240	5.760032914322e-02
2.219200	5.892587405016e-02
2.220160	6.027806553850e-02
2.221120	6.165734001535e-02
2.222080	6.306413862870e-02
2.223040	6.449890726160e-02
2.224000	6.596209652483e-02
2.224960	6.745416174778e-02
2.225920	6.897556296757e-02
2.226880	7.052676491652e-02
2.227840	7.210823700769e-02
2.228800	7.372045331864e-02
2.229760	7.536389257335e-02
2.230720	7.703903812214e-02
2.231680	7.874637791971e-02
2.232640	8.048640450121e-02
2.233600	8.225961495626e-02
2.234560	8.406651090093e-02
2.235520	8.590759844766e-02
2.236480	8.778338817303e-02
2.237440	8.969439508340e-02
2.238400	9.164113857838e-02
2.239360	9.362414241205e-02
2.240320	9.564393465195e-02
2.241280	9.770104763576e-02
2.242240	9.979601792573e-02
2.243200	1.019293862606e-01
2.244160	1.041016975056e-01
2.245120	1.063135005990e-01
2.246080	1.085653484977e-01
2.247040	1.108577981190e-01
2.248000	1.131914102807e-01
2.248960	1.155667496383e-01
2.249920	1.179843846197e-01
2.250880	1.204448873573e-01
2.251840	1.229488336177e-01
2.252800	1.254968027281e-01
2.253760	1.280893775013e-01
2.254720	1.307271441564e-01
2.255680	1.334106922378e-01
2.256640	1.361406145316e-01
2.257600	1.389175069782e-01
2.258560	1.417419685832e-01
2.259520	1.446146013249e-01
2.260480	1.475360100591e-01
2.261440	1.505068024209e-01
2.262400	1.535275887239e-01
2.263360	1.565989818560e-01
2.264320	1.597215971733e-01
2.265280	1.628960523894e-01
2.266240	1.661229674638e-01
2.267200	1.694029644852e-01
2.268160	1.727366675537e-01
2.269120	1.761247026588e-01
2.270080	1.795676975545e-01
2.271040	1.830662816324e-01
2.272000	1.866210857904e-01
2.272960	1.902327422989e-01
2.273920	1.939018846646e-01
2.274880	1.976291474903e-01
2.275840	2.014151663320e-01
2.276800	2.052605775532e-01
2.277760	2.091660181756e-01
2.278720	2.131321257275e-01
2.279680	2.171595380882e-01
2.280640	2.212488933301e-01
2.281600	2.254008295573e-01
2.282560	2.296159847418e-01
2.283520	2.338949965553e-01
2.284480	2.382385021998e-01
2.285440	2.426471382334e-01
2.286400	2.471215403945e-01
2.287360	2.516623434220e-01
2.288320	2.562701808729e-01
2.289280	2.609456849373e-01
2.290240	2.656894862496e-01
2.291200	2.705022136975e-01
2.292160	2.753844942276e-01
2.293120	2.803369526486e-01
2.294080	2.853602114310e-01
2.295040	2.904548905044e-01
2.296000	2.956216070519e-01
2.296960	3.008609753018e-01
2.297920	3.061736063161e-01
2.298880	3.115601077767e-01
2.299840	3.170210837689e-01
2.300800	3.225571345621e-01
2.301760	3.281688563879e-01
2.302720	3.338568412154e-01
2.303680	3.396216765245e-01
2.304640	3.454639450764e-01
2.305600	3.513842246814e-01
2.306560	3.573830879649e-01
2.307520	3.634611021303e-01
2.308480	3.696188287204e-01
2.309440	3.758568233759e-01
2.310400	3.821756355921e-01
2.311360	3.885758084733e-01
2.312320	3.950578784852e-01
2.313280	4.016223752051e-01
2.314240	4.082698210705e-01
2.315200	4.150007311256e-01
2.316160	4.218156127658e-01
2.317120	4.287149654810e-01
2.318080	4.356992805964e-01
2.319040	4.427690410125e-01
2.320000	4.499247209432e-01
2.320960	4.571667856525e-01
2.321920	4.644956911896e-01
2.322880	4.719118841231e-01
2.323840	4.794158012735e-01
2.324800	4.870078694454e-01
2.325760	4.946885051577e-01
2.326720	5.024581143730e-01
2.327680	5.103170922273e-01
2.328640	5.182658227569e-01
2.329600	5.263046786267e-01
2.330560	5.344340208560e-01
2.331520	5.426541985457e-01
2.332480	5.509655486035e-01
2.333440	5.593683954695e-01
2.334400	5.678630508420e-01
2.335360	5.764498134024e-01
2.336320	5.851289685403e-01
2.337280	5.939007880795e-01
2.338240	6.027655300033e-01
2.339200	6.117234381805e-01
2.340160	6.207747420916e-01
2.341120	6.299196565565e-01
2.342080	6.391583814613e-01
2.343040	6.484911014874e-01
2.344000	6.579179858408e-01
2.344960	6.674391879821e-01
2.345920	6.770548453587e-01
2.346880	6.867650791368e-01
2.347840	6.965699939365e-01
2.348800	7.064696775669e-01
2.349760	7.164642007636e-01
2.350720	7.265536169281e-01
2.351680	7.367379618684e-01
2.352640	7.470172535423e-01
2.353600	7.573914918024e-01
2.354560	7.678606581436e-01
2.355520	7.784247154531e-01
2.356480	7.890836077624e-01
2.357440	7.998372600026e-01
2.358400	8.106855777622e-01
2.359360	8.216284470477e-01
2.360320	8.326657340473e-01
2.361280	8.437972848984e-01
2.362240	8.550229254572e-01
2.363200	8.663424610730e-01
2.364160	8.777556763653e-01
2.365120	8.892623350048e-01
2.366080	9.008621794985e-01
2.367040	9.125549309786e-01
2.368000	9.243402889955e-01
2.368960	9.362179313148e-01
2.369920	9.481875137196e-01
2.370880	9.602486698161e-01
2.371840	9.724010108449e-01
2.372800	9.846441254965e-01
2.373760	9.969775797318e-01
2.374720	1.009400916608e+00
2.375680	1.021913656108e+00
2.376640	1.034515294980e+00
2.377600	1.047205306576e+00
2.378560	1.059983140698e+00
2.379520	1.072848223455e+00
2.380480	1.085799957118e+00
2.381440	1.098837719986e+00
2.382400	1.111960866258e+00
2.383360	1.125168725908e+00
2.384320	1.138460604567e+00
2.385280	1.151835783417e+00
2.386240	1.165293519084e+00
2.387200	1.178833043540e+00
2.388160	1.192453564018e+00
2.389120	1.206154262922e+00
2.390080	1.219934297755e+00
2.391040	1.233792801047e+00
2.392000	1.247728880298e+00
2.392960	1.261741617916e+00
2.393920	1.275830071177e+00
2.394880	1.289993272180e+00
2.395840	1.304230227818e+00
2.396800	1.318539919753e+00
2.397760	1.332921304401e+00
2.398720	1.347373312920e+00
2.399680	1.361894851214e+00
2.400640	1.376484799938e+00
2.401600	1.391142014514e+00
2.402560	1.405865325158e+00
2.403520	1.420653536908e+00
2.404480	1.435505429669e+00
2.405440	1.450419758262e+00
2.406400	1.465395252481e+00
2.407360	1.480430617158e+00
2.408320	1.495524532245e+00
2.409280	1.510675652891e+00
2.410240	1.525882609539e+00
2.411200	1.541144008028e+00
2.412160	1.556458429702e+00
2.413120	1.571824431535e+00
2.414080	1.587240546251e+00
2.415040	1.602705282473e+00
2.416000	1.618217124860e+00
2.416960	1.633774534272e+00
2.417920	1.649375947929e+00
2.418880	1.665019779590e+00
2.419840	1.680704419734e+00
2.420800	1.696428235756e+00
2.421760	1.712189572167e+00
2.422720	1.727986750807e+00
2.423680	1.743818071065e+00
2.424640	1.759681810110e+00
2.425600	1.775576223131e+00
2.426560	1.791499543584e+00
2.427520	1.807449983452e+00
2.428480	1.823425733510e+00
2.429440	1.839424963603e+00
2.430400	1.855445822931e+00
2.431360	1.871486440345e+00
2.432320	1.887544924647e+00
2.433280	1.903619364908e+00
2.434240	1.919707830787e+00
2.435200	1.935808372861e+00
2.436160	1.951919022968e+00
2.437120	1.968037794554e+00
2.438080	1.984162683029e+00
2.439040	2.000291666136e+00
2.440000	2.016422704326e+00
2.440960	2.032553741140e+00
2.441920	2.048682703600e+00
2.442880	2.064807502615e+00
2.443840	2.080926033385e+00
2.444800	2.097036175818e+00
2.445760	2.113135794959e+00
2.446720	2.129222741423e+00
2.447680	2.145294851833e+00
2.448640	2.161349949274e+00
2.449600	2.177385843746e+00
2.450560	2.193400332632e+00
2.451520	2.209391201169e+00
2.452480	2.225356222927e+00
2.453440	2.241293160297e+00
2.454400	2.257199764986e+00
2.455360	2.273073778516e+00
2.456320	2.288912932731e+00
2.457280	2.304714950317e+00
2.458240	2.320477545318e+00
2.459200	2.336198423664e+00
2.460160	2.351875283706e+00
2.461120	2.367505816759e+00
2.462080	2.383087707640e+00
2.463040	2.398618635227e+00
2.464000	2.414096273012e+00
2.464960	2.429518289665e+00
2.465920	2.444882349598e+00
2.466880	2.460186113546e+00
2.467840	2.475427239134e+00
2.468800	2.490603381466e+00
2.469760	2.505712193711e+00
2.470720	2.520751327690e+00
2.471680	2.535718434474e+00
2.472640	2.550611164982e+00
2.473600	2.565427170582e+00
2.474560	2.580164103698e+00
2.475520	2.594819618419e+00
2.476480	2.609391371109e+00
2.477440	2.623877021023e+00
2.478400	2.638274230924e+00
2.479360	2.652580667702e+00
2.480320	2.666794002997e+00
2.481280	2.680911913818e+00
2.482240	2.694932083176e+00
2.483200	2.708852200701e+00
2.484160	2.722669963277e+00
2.485120	2.736383075667e+00
2.486080	2.749989251143e+00
2.487040	2.763486212116e+00
2.488000	2.776871690765e+00
2.488960	2.790143429669e+00
2.489920	2.803299182434e+00
2.490880	2.816336714323e+00
2.491840	2.829253802887e+00
2.492800	2.842048238586e+00
2.493760	2.854717825424e+00
2.494720	2.867260381565e+00
2.495680	2.879673739963e+00
2.496640	2.891955748976e+00
2.497600	2.904104272991e+00
2.498560	2.916117193039e+00
2.499520	2.927992407402e+00
2.500480	2.939727832234e+00
2.501440	2.951321402160e+00
2.502400	2.962771070883e+00
2.503360	2.974074811784e+00
2.504320	2.985230618519e+00
2.505280	2.996236505606e+00
2.506240	3.007090509022e+00
2.507200	3.017790686776e+00
2.508160	3.028335119491e+00
2.509120	3.038721910980e+00
2.510080	3.048949188806e+00
2.511040	3.059015104849e+00
2.512000	3.068917835861e+00
2.512960	3.078655584014e+00
2.513920	3.088226577444e+00
2.514880	3.097629070788e+00
2.515840	3.106861345714e+00
2.516800	3.115921711443e+00
2.517760	3.124808505265e+00
2.518720	3.133520093047e+00
2.519680	3.142054869734e+00
2.520640	3.150411259842e+00
2.521600	3.158587717939e+00
2.522560	3.166582729126e+00
2.523520	3.174394809502e+00
2.524480	3.182022506620e+00
2.525440	3.189464399942e+00
2.526400	3.196719101279e+00
2.527360	3.203785255218e+00
2.528320	3.210661539548e+00
2.529280	3.217346665671e+00
2.530240	3.223839379005e+00
2.531200	3.230138459375e+00
2.532160	3.236242721397e+00
2.533120	3.242151014846e+00
2.534080	3.247862225023e+00
2.535040	3.253375273100e+00
2.536000	3.258689116462e+00
2.536960	3.263802749037e+00
2.537920	3.268715201610e+00
2.538880	3.273425542131e+00
2.539840	3.277932876012e+00
2.540800	3.282236346405e+00
2.541760	3.286335134477e+00
2.542720	3.290228459669e+00
2.543680	3.293915579946e+00
2.544640	3.297395792027e+00
2.545600	3.300668431614e+00
2.546560	3.303732873599e+00
2.547520	3.306588532269e+00
2.548480	3.309234861486e+00
2.549440	3.311671354863e+00
2.550400	3.313897545930e+00
2.551360	3.315913008276e+00
2.552320	3.317717355691e+00
2.553280	3.319310242284e+00
2.554240	3.320691362598e+00
2.555200	3.321860451705e+00
2.556160	3.322817285293e+00
2.557120	3.323561679734e+00
2.558080	3.324093492146e+00
2.559040	3.324412620439e+00
2.560000	3.324519003345e+00
2.560960	3.324412620439e+00
2.561920	3.324093492146e+00
2.562880	3.323561679734e+00
2.563840	3.322817285293e+00
2.564800	3.321860451705e+00
2.565760	3.320691362598e+00
2.566720	3.319310242284e+00
2.567680	3.317717355691e+00
2.568640	3.315913008276e+00
2.569600	3.313897545930e+00
2.570560	3.311671354863e+00
2.571520	3.309234861486e+00
2.572480	3.306588532269e+00
2.573440	3.303732873599e+00
2.574400	3.300668431614e+00
2.575360	3.297395792027e+00
2.576320	3.293915579946e+00
2.577280	3.290228459669e+00
2.578240	3.286335134477e+00
2.579200	3.282236346405e+00
2.580160	3.277932876012e+00
2.581120	3.273425542131e+00
2.582080	3.268715201610e+00
2.583040	3.263802749037e+00
2.584000	3.258689116462e+00
2.584960	3.253375273100e+00
2.585920	3.247862225023e+00
2.586880	3.242151014846e+00
2.587840	3.236242721397e+00
2.588800	3.230138459375e+00
2.589760	3.223839379005e+00
2.590720	3.217346665671e+00
2.591680	3.210661539548e+00
2.592640	3.203785255218e+00
2.593600	3.196719101279e+00
2.594560	3.189464399942e+00
2.595520	3.182022506620e+00
2.596480	3.174394809502e+00
2.597440	3.166582729126e+00
2.598400	3.158587717939e+00
2.599360	3.150411259842e+00
2.600320	3.142054869734e+00
2.601280	3.133520093047e+00
2.602240	3.124808505265e+00
2.603200	3.115921711443e+00
2.604160	3.106861345714e+00
2.605120	3.097629070788e+00
2.606080	3.088226577444e+00
2.607040	3.078655584014e+00
2.608000	3.068917835861e+00
2.608960	3.059015104849e+00
2.609920	3.048949188806e+00
2.610880	3.038721910980e+00
2.611840	3.028335119491e+00
2.612800	3.017790686776e+00
2.613760	3.007090509022e+00
2.614720	2.996236505606e+00
2.615680	2.985230618519e+00
2.616640	2.974074811784e+00
2.617600	2.962771070883e+00
2.618560	2.951321402160e+00
2.619520	2.939727832234e+00
2.620480	2.927992407402e+00
2.621440	2.916117193039e+00
2.622400	2.904104272991e+00
2.623360	2.891955748976e+00
2.624320	2.879673739963e+00
2.625280	2.867260381565e+00
2.626240	2.854717825424e+00
2.627200	2.842048238586e+00
2.628160	2.829253802887e+00
2.629120	2.816336714323e+00
2.630080	2.803299182434e+00
2.631040	2.790143429669e+00
2.632000	2.776871690765e+00
2.632960	2.763486212116e+00
2.633920	2.749989251143e+00
2.634880	2.736383075667e+00
2.635840	2.722669963277e+00
2.636800	2.708852200701e+00
2.637760	2.694932083176e+00
2.638720	2.680911913818e+00
2.639680	2.666794002997e+00
2.640640	2.652580667702e+00
2.641600	2.638274230924e+00
2.642560	2.623877021023e+00
2.643520	2.609391371109e+00
2.644480	2.594819618419e+00
2.645440	2.580164103698e+00
2.646400	2.565427170582e+00
2.647360	2.550611164982e+00
2.648320	2.535718434474e+00
2.649280	2.520751327690e+00
2.650240	2.505712193711e+00
2.651200	2.490603381466e+00
2.652160	2.475427239134e+00
2.653120	2.460186113546e+00
2.654080	2.444882349598e+00
2.655040	2.429518289665e+00
2.656000	2.414096273012e+00
2.656960	2.398618635227e+00
2.657920	2.383087707640e+00
2.658880	2.367505816759e+00
2.659840	2.351875283706e+00
2.660800	2.336198423664e+00
2.661760	2.320477545318e+00
2.662720	2.304714950317e+00
2.663680	2.288912932731e+00
2.664640	2.273073778516e+00
2.665600	2.257199764986e+00
2.666560	2.241293160297e+00
2.667520	2.225356222927e+00
2.668480	2.209391201169e+00
2.669440	2.193400332632e+00
2.670400	2.177385843746e+00
2.671360	2.161349949274e+00
2.672320	2.145294851833e+00
2.673280	2.129222741423e+00
2.674240	2.113135794959e+00
2.675200	2.097036175818e+00
2.676160	2.080926033385e+00
2.677120	2.064807502615e+00
2.678080	2.048682703600e+00
2.679040	2.032553741140e+00
2.680000	2.016422704326e+00
2.680960	2.000291666136e+00
2.681920	1.984162683029e+00
2.682880	1.968037794554e+00
2.683840	1.951919022968e+00
2.684800	1.935808372861e+00
2.685760	1.919707830787e+00
2.686720	1.903619364908e+00
2.687680	1.887544924647e+00
2.688640	1.871486440345e+00
2.689600	1.855445822931e+00
2.690560	1.839424963603e+00
2.691520	1.823425733510e+00
2.692480	1.807449983452e+00
2.693440	1.791499543584e+00
2.694400	1.775576223131e+00
2.695360	1.759681810110e+00
2.696320	1.743818071065e+00
2.697280	1.727986750807e+00
2.698240	1.712189572167e+00
2.699200	1.696428235756e+00
2.700160	1.680704419734e+00
2.701120	1.665019779590e+00
2.702080	1.649375947929e+00
2.703040	1.633774534272e+00
2.704000	1.618217124860e+00
2.704960	1.602705282473e+00
2.705920	1.587240546251e+00
2.706880	1.571824431535e+00
2.707840	1.556458429702e+00
2.708800	1.541144008028e+00
2.709760	1.525882609539e+00
2.710720	1.510675652891e+00
2.711680	1.495524532245e+00
2.712640	1.480430617158e+00
2.713600	1.465395252481e+00
2.714560	1.450419758262e+00
2.715520	1.435505429669e+00
2.716480	1.420653536908e+00
2.717440	1.405865325158e+00
2.718400	1.391142014514e+00
2.719360	1.376484799938e+00
2.720320	1.361894851214e+00
2.721280	1.347373312920e+00
2.722240	1.332921304401e+00
2.723200	1.318539919753e+00
2.724160	1.304230227818e+00
2.725120	1.289993272180e+00
2.726080	1.275830071177e+00
2.727040	1.261741617916e+00
2.728000	1.247728880298e+00
2.728960	1.233792801047e+00
2.729920	1.219934297755e+00
2.730880	1.206154262922e+00
2.731840	1.192453564018e+00
2.732800	1.178833043540e+00
2.733760	1.165293519084e+00
2.734720	1.151835783417e+00
2.735680	1.138460604567e+00
2.736640	1.125168725908e+00
2.737600	1.111960866258e+00
2.738560	1.098837719986e+00
2.739520	1.085799957118e+00
2.740480	1.072848223455e+00
2.741440	1.059983140698e+00
2.742400	1.047205306576e+00
2.743360	1.034515294980e+00
2.744320	1.021913656108e+00
2.745280	1.009400916608e+00
2.746240	9.969775797318e-01
2.747200	9.846441254965e-01
2.748160	9.724010108449e-01
2.749120	9.602486698161e-01
2.750080	9.481875137196e-01
2.751040	9.362179313148e-01
2.752000	9.243402889955e-01
2.752960	9.125549309786e-01
2.753920	9.008621794985e-01
2.754880	8.892623350048e-01
2.755840	8.777556763653e-01
2.756800	8.663424610730e-01
2.757760	8.550229254572e-01
2.758720	8.437972848984e-01
2.759680	8.326657340473e-01
2.760640	8.216284470477e-01
2.761600	8.106855777622e-01
2.762560	7.998372600026e-01
2.763520	7.890836077624e-01
2.764480	7.784247154531e-01
2.765440	7.678606581436e-01
2.766400	7.573914918024e-01
2.767360	7.470172535423e-01
2.768320	7.367379618684e-01
2.769280	7.265536169281e-01
2.770240	7.164642007636e-01
2.771200	7.064696775669e-01
2.772160	6.965699939365e-01
2.773120	6.867650791368e-01
2.774080	6.770548453587e-01
2.775040	6.674391879821e-01
2.776000	6.579179858408e-01
2.776960	6.484911014874e-01
2.777920	6.391583814613e-01
2.778880	6.299196565565e-01
2.779840	6.207747420916e-01
2.780800	6.117234381805e-01
2.781760	6.027655300033e-01
2.782720	5.939007880795e-01
2.783680	5.851289685403e-01
2.784640	5.764498134024e-01
2.785600	5.678630508420e-01
2.786560	5.593683954695e-01
2.787520	5.509655486035e-01
2.788480	5.426541985457e-01
2.789440	5.344340208560e-01
2.790400	5.263046786267e-01
2.791360	5.182658227569e-01
2.792320	5.103170922273e-01
2.793280	5.024581143730e-01
2.794240	4.946885051577e-01
2.795200	4.870078694454e-01
2.796160	4.794158012735e-01
2.797120	4.719118841231e-01
2.798080	4.644956911896e-01
2.799040	4.571667856525e-01
2.800000	4.499247209432e-01
2.800960	4.427690410125e-01
2.801920	4.356992805964e-01
2.802880	4.287149654810e-01
2.803840	4.218156127658e-01
2.804800	4.150007311256e-01
2.805760	4.082698210705e-01
2.806720	4.016223752051e-01
2.807680	3.950578784852e-01
2.808640	3.885758084733e-01
2.809600	3.821756355921e-01
2.810560	3.758568233759e-01
2.811520	3.696188287204e-01
2.812480	3.634611021303e-01
2.813440	3.573830879649e-01
2.814400	3.513842246814e-01
2.815360	3.454639450764e-01
2.816320	3.396216765245e-01
2.817280	3.338568412154e-01
2.818240	3.281688563879e-01
2.819200	3.225571345621e-01
2.820160	3.170210837689e-01
2.821120	3.115601077767e-01
2.822080	3.061736063161e-01
2.823040	3.008609753018e-01
2.824000	2.956216070519e-01
2.824960	2.904548905044e-01
2.825920	2.853602114310e-01
2.826880	2.803369526486e-01
2.827840	2.753844942276e-01
2.828800	2.705022136975e-01
2.829760	2.656894862496e-01
2.830720	2.609456849373e-01
2.831680	2.562701808729e-01
2.832640	2.516623434220e-01
2.833600	2.471215403945e-01
2.834560	2.426471382334e-01
2.835520	2.382385021998e-01
2.836480	2.338949965553e-01
2.837440	2.296159847418e-01
2.838400	2.254008295573e-01
2.839360	2.212488933301e-01
2.840320	2.171595380882e-01
2.841280	2.131321257275e-01
2.842240	2.091660181756e-01
2.843200	2.052605775532e-01
2.844160	2.014151663320e-01
2.845120	1.976291474903e-01
2.846080	1.939018846646e-01
2.847040	1.902327422989e-01
2.848000	1.866210857904e-01
2.848960	1.830662816324e-01
2.849920	1.795676975545e-01
2.850880	1.761247026588e-01
2.851840	1.727366675537e-01
2.852800	1.694029644852e-01
2.853760	1.661229674638e-01
2.854720	1.628960523894e-01
2.855680	1.597215971733e-01
2.856640	1.565989818560e-01
2.857600	1.535275887239e-01
2.858560	1.505068024209e-01
2.859520	1.475360100591e-01
2.860480	1.446146013249e-01
2.861440	1.417419685832e-01
2.862400	1.389175069782e-01
2.863360	1.361406145316e-01
2.864320	1.334106922378e-01
2.865280	1.307271441564e-01
2.866240	1.280893775013e-01
2.867200	1.254968027281e-01
2.868160	1.229488336177e-01
2.869120	1.204448873573e-01
2.870080	1.179843846197e-01
2.871040	1.155667496383e-01
2.872000	1.131914102807e-01
2.872960	1.108577981190e-01
2.873920	1.085653484977e-01
2.874880	1.063135005990e-01
2.875840	1.041016975056e-01
2.876800	1.019293862606e-01
2.877760	9.979601792573e-02
2.878720	9.770104763576e-02
2.879680	9.564393465195e-02
2.880640	9.362414241205e-02
2.881600	9.164113857838e-02
2.882560	8.969439508340e-02
2.883520	8.778338817303e-02
2.884480	8.590759844766e-02
2.885440	8.406651090093e-02
2.886400	8.225961495626e-02
2.887360	8.048640450121e-02
2.888320	7.874637791971e-02
2.889280	7.703903812214e-02
2.890240	7.536389257335e-02
2.891200	7.372045331864e-02
2.892160	7.210823700769e-02
2.893120	7.052676491652e-02
2.894080	6.897556296757e-02
2.895040	6.745416174778e-02
2.896000	6.596209652483e-02
2.896960	6.449890726160e-02
2.897920	6.306413862870e-02
2.898880	6.165734001535e-02
2.899840	6.027806553850e-02
2.900800	5.892587405016e-02
2.901760	5.760032914322e-02
2.902720	5.630099915550e-02
2.903680	5.502745717230e-02
2.904640	5.377928102734e-02
2.905600	5.255605330222e-02
2.906560	5.135736132431e-02
2.907520	5.018279716331e-02
2.908480	4.903195762628e-02
2.909440	4.790444425132e-02
2.910400	4.679986329992e-02
2.911360	4.571782574799e-02
2.912320	4.465794727553e-02
2.913280	4.361984825519e-02
2.914240	4.260315373945e-02
2.915200	4.160749344677e-02
2.916160	4.063250174648e-02
2.917120	3.967781764259e-02
2.918080	3.874308475652e-02
2.919040	3.782795130875e-02
2.920000	3.693207009948e-02
2.920960	3.605509848829e-02
2.921920	3.519669837280e-02
2.922880	3.435653616645e-02
2.923840	3.353428277537e-02
2.924800	3.272961357437e-02
2.925760	3.194220838209e-02
2.926720	3.117175143535e-02
2.927680	3.041793136269e-02
2.928640	2.968044115725e-02
2.929600	2.895897814879e-02
2.930560	2.825324397512e-02
2.931520	2.756294455282e-02
2.932480	2.688779004734e-02
2.933440	2.622749484247e-02
2.934400	2.558177750921e-02
2.935360	2.495036077412e-02
2.936320	2.433297148712e-02
2.937280	2.372934058877e-02
2.938240	2.313920307703e-02
2.939200	2.256229797367e-02
2.940160	2.199836829014e-02
2.941120	2.144716099304e-02
2.942080	2.090842696928e-02
2.943040	2.038192099078e-02
2.944000	1.986740167887e-02
2.944960	1.936463146840e-02
2.945920	1.887337657147e-02
2.946880	1.839340694096e-02
2.947840	1.792449623377e-02
2.948800	1.746642177382e-02
2.949760	1.701896451483e-02
2.950720	1.658190900294e-02
2.951680	1.615504333909e-02
2.952640	1.573815914133e-02
2.953600	1.533105150687e-02
2.954560	1.493351897411e-02
2.955520	1.454536348453e-02
2.956480	1.416639034449e-02
2.957440	1.379640818695e-02
2.958400	1.343522893314e-02
2.959360	1.308266775422e-02
2.960320	1.273854303288e-02
2.961280	1.240267632492e-02
2.962240	1.207489232093e-02
2.963200	1.175501880784e-02
2.964160	1.144288663066e-02
2.965120	1.113832965415e-02
2.966080	1.084118472461e-02
2.967040	1.055129163175e-02
2.968000	1.026849307061e-02
2.968960	9.992634603621e-03
2.969920	9.723564622739e-03
2.970880	9.461134311724e-03
2.971840	9.205197608549e-03
2.972800	8.955611167948e-03
2.973760	8.712234324125e-03
2.974720	8.474929053623e-03
2.975680	8.243559938364e-03
2.976640	8.017994128880e-03
2.977600	7.798101307729e-03
2.978560	7.583753653117e-03
2.979520	7.374825802726e-03
2.980480	7.171194817756e-03
2.981440	6.972740147202e-03
2.982400	6.779343592348e-03
2.983360	6.590889271517e-03
2.984320	6.407263585049e-03
2.985280	6.228355180548e-03
2.986240	6.054054918372e-03
2.987200	5.884255837400e-03
2.988160	5.718853121063e-03
2.989120	5.557744063646e-03
2.990080	5.400828036879e-03
2.991040	5.248006456806e-03
2.992000	5.099182750948e-03
2.992960	4.954262325755e-03
2.993920	4.813152534360e-03
2.994880	4.675762644632e-03
2.995840	4.542003807534e-03
2.996800	4.411789025791e-03
2.997760	4.285033122869e-03
2.998720	4.161652712264e-03
2.999680	4.041566167114e-03
3.000640	3.924693590128e-03
3.001600	3.810956783832e-03
3.002560	3.700279221147e-03
3.003520	3.592586016281e-03
3.004480	3.487803895960e-03
3.005440	3.385861170977e-03
3.006400	3.286687708076e-03
3.007360	3.190214902165e-03
3.008320	3.096375648858e-03
3.009280	3.005104317352e-03
3.010240	2.916336723636e-03
3.011200	2.830010104030e-03
3.012160	2.746063089064e-03
3.013120	2.664435677676e-03
3.014080	2.585069211761e-03
3.015040	2.507906351039e-03
3.016000	2.432891048262e-03
3.016960	2.359968524748e-03
3.017920	2.289085246253e-03
3.018880	2.220188899163e-03
3.019840	2.153228367031e-03
3.020800	2.088153707424e-03
3.021760	2.024916129111e-03
3.022720	1.963467969571e-03
3.023680	1.903762672831e-03
3.024640	1.845754767616e-03
3.025600	1.789399845836e-03
3.026560	1.734654541381e-03
3.027520	1.681476509238e-03
3.028480	1.629824404928e-03
3.029440	1.579657864252e-03
3.030400	1.530937483354e-03
3.031360	1.483624799092e-03
3.032320	1.437682269719e-03
3.033280	1.393073255868e-03
3.034240	1.349762001843e-03
3.035200	1.307713617213e-03
3.036160	1.266894058698e-03
3.037120	1.227270112364e-03
3.038080	1.188809376098e-03
3.039040	1.151480242386e-03
3.040000	1.115251881374e-03
