0 85.65366540025072
1 89.17236459587363
2 82.04432791971352
3 81.43924724221142
4 80.22477820038493
5 82.89471425774914
6 80.9359392195029
7 84.65728837095172
8 84.03587783232403
9 84.08085617733194
10 81.9580073126527
11 82.1087139299421
12 81.70192467319022
13 86.87932437800912
14 83.98828550658844
15 77.43443286730448
16 78.06781213608795
17 77.66382284542617
18 83.61403719893484
19 87.05822209213356
20 89.20630211253255
21 83.02183946128896
22 86.3943310818973
23 88.98528839961749
24 89.91483841323753
25 88.1651665809816
26 89.02784643588143
27 87.1935206839526
28 88.8355893384854
29 86.39419135329946
30 87.64032128147153
31 87.58122848943218
32 85.92973606373569
33 88.92307605342273
34 83.60090701604645
35 88.63738100956184
36 83.31194459030519
37 81.94102186844981
38 88.35557845802616
39 86.00304197064244
40 89.75387408582046
41 85.98397340919767
42 85.54385634109146
43 82.04160144719091
44 82.96450085395544
45 85.29404808243422
46 88.59602145831619
47 88.23485505638955
48 89.53645954468173
49 86.16827697544107
50 89.79521899599027
51 88.58320156519179
52 88.53851612698894
53 87.4877861986144
54 86.53089841873611
55 82.80855778141064
56 87.45063579697133
57 89.59901164914531
58 87.59571822600458
59 81.96749647428625
60 89.89783663349583
61 87.44521309895492
62 88.43513355563186
63 89.36905960249675
64 86.8417328777396
65 87.07910031793355
66 86.26787711643517
67 87.00502760949605
68 85.7919517315446
69 89.79935207689483
70 88.91977918995669
71 89.84545933201147
72 88.46708579072211
73 88.06367056227792
74 89.74381872723247
75 86.08259585290389
76 85.91184465156807
77 83.05614120572788
78 89.04166570941895
79 85.3623829951044
80 85.90709162111015
81 83.2049984972371
82 84.86979810746372
83 89.49632788034279
84 85.71718103854964
85 88.87509265565768
86 87.65542349855036
87 86.0762691492842
88 89.34074425580643
89 87.47418606979734
90 85.2890116789216
91 85.77361345823645
92 89.57211169813867
93 85.31080683995059
94 87.42959278304194
95 87.47343822320185
96 80.23816550910252
97 85.45821047435429
98 82.79958279449662
99 85.63177557911605
100 83.59886913499722
101 85.25087690418572
102 88.15583224465276
103 89.26815077554548
104 88.44313994461572
105 89.70039526013076
106 84.48016681377501
107 84.86889405698031
108 88.59221154501584
109 86.29233939005582
110 89.37735427702908
111 88.22991692245888
112 84.85254942149268
113 87.24602093134781
114 82.03427073435161
115 88.92542775143794
116 88.01099090864864
117 87.26140667598915
118 85.52360677770609
119 86.5095208376531
120 86.9546235654542
121 86.00403222508066
122 85.70493347206981
123 86.49836986731225
124 82.730981042664
125 80.17729400752108
126 82.22875341291036
127 83.87263507974339
128 84.52595122588407
129 85.28193464600588
130 79.24611980982236
131 81.38402190572019
132 89.08125207904101
133 82.29720520980891
134 85.33953733482328
135 89.46901679052107
136 89.18700149357493
137 86.31908887672539
138 87.69687035525247
139 87.64389596501293
140 87.2311144403908
141 88.62832277000743
142 84.66902162843799
143 89.2900863028714
144 89.08721990015893
145 82.90872283578
146 82.6728872867867
147 81.61485168969938
148 88.40713307802814
149 88.976081876411
150 75.4783297845969
151 72.32769418469609
152 77.13996120970849
153 73.82362809652432
154 77.29219465825338
155 63.886647912449696
156 74.36269213655338
157 77.18029837115067
158 80.86504869116646
159 79.03576165721614
160 84.81103792516986
161 88.0712407076328
162 86.75869860949538
163 80.7665898092447
164 81.03984241913292
165 88.82246532428228
166 86.13436851602354
167 89.28559172846107
168 81.90513596617448
169 84.97072504115135
170 87.83007162859217
171 86.22482935174453
172 87.57979005213289
173 86.82103286019625
174 81.25181798408416
175 87.33885561874371
176 89.9140483370875
177 85.74212147303687
178 84.03905010204559
179 82.7963512217887
180 85.87210441268401
181 82.08788710158218
182 82.4593863699156
183 82.48384426009979
184 80.5927295937188
185 82.57527677611081
186 80.2804834407428
187 81.77515326513601
188 80.55014285587069
189 85.9720924280734
190 86.59448864766216
191 78.56927764529176
192 80.26065404974432
193 83.34782850313108
194 86.33189136569779
195 85.12511841242966
196 87.34516697137688
197 86.3544301219401
198 86.74087132579174
199 88.59726468152982
200 83.71061585089821
201 78.24639574312835
202 86.67908883654181
203 79.73159783193984
204 81.00102335229666
205 83.1763913320972
206 88.68703052613142
207 87.59718943342122
208 86.41143343400046
209 88.74184003126297
210 86.21222068817492
211 89.22934665077213
212 85.5782626559971
213 88.56433670051935
214 86.02772319622194
215 87.45895039330637
216 89.07343068793766
217 87.32672984751918
218 86.18945233970642
219 87.95524209133218
220 89.8989773281747
221 86.90510613563043
222 80.11516863993472
223 86.99667979193737
224 89.34745887355864
225 89.65066018980525
226 81.83146254192391
227 87.17475343079396
228 88.60227864803849
229 89.03922869838763
230 86.83521531961891
231 85.55802499688234
232 88.90910579220949
233 84.78227804094469
234 88.48404913996212
235 89.80254794013808
236 89.54955412275699
237 87.82014343012806
238 88.24984458763048
239 83.39328599434707
240 89.26551570708907
241 89.89424688301838
242 85.55126291989068
243 86.66089700646589
244 89.29042940954592
245 87.5744823387839
246 81.51414108010805
247 89.37261714296271
248 82.54433084624277
249 82.81305665157221
250 89.05400920888675
251 85.44743099819911
252 79.13443351875065
253 83.22161403801447
254 89.08169266517936
255 81.03307770792549
256 81.11340145272493
257 82.9634591957812
258 89.2647153735735
259 87.87150423800033
260 85.74927726470914
261 81.72854884597604
262 83.64726561649812
263 87.93972865685521
264 89.70155470616947
265 87.67025563364636
266 88.36277257345496
267 88.53851842878184
268 86.77133098936407
269 82.79336064950304
270 89.05804004088188
271 89.21838654509075
272 86.52886140196355
273 88.73644248800302
274 89.89670195169613
275 85.23454830384827
276 83.26188438765729
277 88.21435431171629
278 86.22720164158144
279 83.37264872169037
280 85.08079608651548
281 81.03747624255024
282 82.62950890894778
283 89.75645186548556
284 85.9426086473141
285 80.61777862129286
286 89.5417383242797
287 85.35229851848338
288 87.75428182865974
289 86.14184175328661
290 89.96915699368546
291 88.15179785190352
292 85.33466371999576
293 78.06149846671711
294 88.97209671763862
295 84.25893204469178
296 83.4701730628521
297 85.81893096940206
298 88.41249654944052
299 82.70619606673962
300 84.542371946011
301 81.6470169083047
302 87.2061260730234
303 85.63851443467561
304 88.32329145333338
305 88.64528511594953
306 89.26357507550233
307 80.42550158144851
308 83.56460143659852
309 88.78586660827074
310 83.74806319205226
311 78.14992369738509
312 82.80728809110063
313 76.92841713970171
314 82.11934490528324
315 78.25203879393258
316 82.34680988352528
317 89.88604412748737
318 89.16496905639188
319 83.26923219786148
320 83.0968140992655
321 83.2640252905249
322 89.82760880402658
323 88.71883935993225
324 85.61810240807338
325 85.75211841078446
326 88.59289922258277
327 89.11857561400043
328 85.90697571424325
329 88.60179716073435
330 87.77235045836659
331 88.84412520165363
332 86.73472322387
333 88.08521775756431
334 85.22791098619331
335 89.23919739635781
336 85.91988912009398
337 83.11910197536862
338 87.47596532256061
339 85.88417976928488
340 70.52361454128359
341 85.42114621098247
342 79.03907886207284
343 80.93954550911519
344 85.75529161794952
345 84.28401507648668
346 81.01180623277551
347 84.21971149660513
348 82.76931633935982
349 84.631854734498
350 84.24123173480677
351 84.62110278036542
352 88.09078784937958
353 83.97995973166789
354 82.55662124057345
355 78.78572286671267
356 74.93751681243903
357 72.70883186346639
358 73.24060139967092
359 75.17417952553248
360 74.3356880355015
361 74.20044847903394
362 78.85580022254082
363 77.14849148277324
364 78.9919539308337
365 88.33570674349639
366 86.62423850650283
367 82.58100135916088
368 88.23983797572656
369 79.3450185967699
370 76.34178976836415
371 78.9464619214967
372 76.37559614584482
373 78.36813289652254
374 80.23145276566383
375 78.18867041980013
376 83.9085007365748
377 78.89479921300774
378 86.34497595928765
379 89.58021494841789
380 87.3769123338868
381 88.56298827136979
382 86.93374094661114
383 89.7895601092125
384 84.23868482755478
385 88.27589529548985
386 85.34402721066267
387 83.94133575977119
388 84.11625610361699
389 83.52801749192383
390 80.20726093141401
391 86.69301084444487
392 84.52753587018579
393 88.21295923529426
394 86.73171501813792
395 86.86523194552822
396 89.98742770584869
397 88.2800787401387
398 84.97197178136808
399 82.92480688368371
400 88.48436999150044
401 79.78989767162822
402 89.27994366048314
403 86.40485289246345
404 81.14844747575133
405 83.49942820562646
406 82.97299173947984
407 82.08736178152554
408 87.39361017761887
409 81.96045121923223
410 87.9637328883882
411 82.58368017095745
412 83.64088481941636
413 77.0654362753569
414 84.34557983239378
415 89.65409538456655
416 86.25531257790993
417 87.03136673800032
418 85.26201023492246
419 85.39904015012446
420 88.92440502647607
421 82.63960884924961
