1 2.142115592956543 1.5356450080871582 1.5234792232513428 1.3672993183135986 1.050421953201294 1.2590608596801758
2 2.2347517013549805 1.6850980520248413 1.358957052230835 1.7003477811813354 0.9313304424285889 1.1848794221878052
3 2.255239963531494 1.623722791671753 1.368678092956543 1.6955960988998413 0.8742890954017639 1.366977572441101
4 2.387855291366577 1.8608938455581665 1.4959204196929932 1.9666317701339722 0.9565558433532715 1.4270689487457275
5 2.531888246536255 2.050795078277588 1.4586966037750244 2.1116509437561035 1.1154894828796387 1.598152995109558
6 2.608272075653076 2.127141237258911 1.3546900749206543 2.317662000656128 0.9034432172775269 1.5056414604187012
7 2.4352564811706543 1.8984432220458984 1.521085262298584 2.041180372238159 0.9014183282852173 1.5390198230743408
8 2.7372987270355225 2.325105905532837 1.800018072128296 2.1952903270721436 1.0464003086090088 1.3899502754211426
9 2.3753881454467773 1.7400143146514893 1.3591417074203491 1.7376214265823364 0.8369581699371338 1.3729360103607178
10 2.6314008235931396 2.1037802696228027 1.7390143871307373 2.3126039505004883 1.0731416940689087 1.5378365516662598
11 2.625587224960327 2.219806432723999 1.645543098449707 2.45188570022583 0.9629676938056946 1.6015722751617432
12 2.6523704528808594 2.052239418029785 1.6269468069076538 2.3270885944366455 1.2576053142547607 1.3298064470291138
13 2.6764731407165527 2.110828161239624 1.5852890014648438 2.3818893432617188 1.18822181224823 1.4306913614273071
14 2.884929656982422 2.4422826766967773 1.467105507850647 2.864081859588623 1.1598503589630127 1.5485583543777466
15 2.7912890911102295 2.2725563049316406 1.4937188625335693 2.6941304206848145 1.1384563446044922 1.812486171722412
16 2.831876277923584 2.4303269386291504 1.856144905090332 2.7199294567108154 1.3267974853515625 1.8281455039978027
17 2.7785518169403076 2.372361421585083 1.656888484954834 2.5076510906219482 1.250222086906433 1.6765412092208862
18 2.727530002593994 2.415571928024292 2.327486991882324 2.357363700866699 0.9540355205535889 1.4455136060714722
19 3.0524027347564697 2.6288743019104004 2.1420300006866455 2.374688148498535 1.1690895557403564 1.3595645427703857
20 2.9901986122131348 2.6403801441192627 2.579705238342285 2.4372966289520264 1.174710988998413 1.3504059314727783
21 3.080827474594116 2.6888017654418945 2.4191205501556396 2.385934829711914 1.287285327911377 1.2720282077789307
22 2.9854769706726074 2.621387481689453 2.4010560512542725 2.42606782913208 1.109540581703186 1.2917437553405762
23 2.877286911010742 2.4789226055145264 2.342961311340332 2.3188376426696777 1.3420392274856567 1.2273622751235962
24 2.8916096687316895 2.480280637741089 2.189548969268799 2.381511688232422 1.0377748012542725 1.101294994354248
25 2.9046409130096436 2.5337822437286377 2.420738935470581 2.3245790004730225 1.349979281425476 1.0816435813903809
26 2.911438465118408 2.5638132095336914 2.256202220916748 2.316960334777832 1.4760650396347046 1.150128960609436
27 2.8391008377075195 2.4693610668182373 2.258793592453003 2.3114712238311768 1.2068144083023071 1.173776388168335
28 3.07560658454895 2.678786277770996 2.055476188659668 2.3913207054138184 1.343647837638855 1.3485519886016846
29 3.040595769882202 2.640568733215332 2.180112600326538 2.448613166809082 1.412063717842102 1.3687292337417603
30 2.8736767768859863 2.4623465538024902 2.255488872528076 2.3105669021606445 1.3459230661392212 1.272518277168274
31 3.1729376316070557 2.8183412551879883 2.339075803756714 2.327803611755371 1.1052467823028564 1.1958885192871094
32 3.039351224899292 2.582502603530884 2.242917060852051 2.561345338821411 1.5124667882919312 1.2086082696914673
33 3.1203160285949707 2.837770938873291 2.3198866844177246 2.639774799346924 1.3697415590286255 1.2655373811721802
34 2.8888745307922363 2.542567729949951 2.194718360900879 2.3741817474365234 1.3196301460266113 1.1079145669937134
35 3.0917279720306396 2.748809814453125 2.3632094860076904 2.477526903152466 1.1807537078857422 1.3575445413589478
36 3.507551670074463 3.2142817974090576 2.4371721744537354 2.2297780513763428 1.0994492769241333 1.5885975360870361
37 3.7223122119903564 3.5088138580322266 2.2193222045898438 3.04379940032959 1.2317733764648438 1.4449288845062256
38 3.6791269779205322 3.434629440307617 2.305661201477051 2.4901163578033447 1.0830949544906616 1.2333630323410034
39 3.296745538711548 2.952960729598999 2.353259325027466 2.6858692169189453 1.2760106325149536 1.7475966215133667
40 3.410569190979004 3.1068525314331055 2.2975997924804688 2.6812257766723633 1.2346254587173462 1.6762319803237915
41 3.2343814373016357 2.8559184074401855 2.216621160507202 2.288818359375 1.2450697422027588 1.2986493110656738
42 3.6894514560699463 3.4158084392547607 2.189567804336548 2.527385711669922 1.1866248846054077 1.2273765802383423
43 4.327069282531738 4.206315040588379 2.3992090225219727 3.204484224319458 1.240966796875 1.549424648284912
44 4.188175201416016 4.0537333488464355 2.4026806354522705 3.154883623123169 1.0986628532409668 1.2725247144699097
45 3.931851863861084 3.7266383171081543 2.5565085411071777 2.9756240844726563 1.5394572019577026 1.1401063203811646
46 3.824571132659912 3.5546772480010986 2.7591240406036377 2.841992139816284 1.318882703781128 1.4549564123153687
47 3.482114791870117 3.2387053966522217 2.5685019493103027 2.639625072479248 1.059131145477295 1.1885524988174438
48 3.637216806411743 3.4035754203796387 2.6226391792297363 2.6131045818328857 1.2934609651565552 1.1488587856292725
49 3.8190934658050537 3.624382257461548 2.7064104080200195 2.5365490913391113 1.0527275800704956 1.1227283477783203
50 3.2037060260772705 2.853360652923584 2.6336333751678467 2.230717420578003 1.232255220413208 1.0863574743270874
51 3.596599578857422 3.334289789199829 2.354055404663086 3.0595827102661133 1.1921173334121704 1.2291194200515747
52 3.449089527130127 3.1650145053863525 2.577460289001465 2.7092971801757813 1.5157994031906128 1.1829551458358765
53 3.735410690307617 3.560616970062256 2.7878644466400146 2.7315666675567627 1.1783965826034546 1.1344633102416992
54 3.2543458938598633 2.861471652984619 2.415670394897461 2.4593963623046875 1.4790891408920288 1.3567986488342285
55 3.0274181365966797 2.553619384765625 2.0636723041534424 2.4637279510498047 1.151287317276001 1.2766863107681274
56 3.367070436477661 3.0636751651763916 2.511890411376953 2.715258836746216 1.2551108598709106 1.2747461795806885
57 3.4628658294677734 3.274599552154541 2.9178125858306885 3.0544841289520264 1.7403967380523682 1.4873270988464355
58 3.4286811351776123 3.229564905166626 2.8322205543518066 3.019207239151001 1.4171606302261353 1.2196155786514282
59 3.2196710109710693 2.908963918685913 2.5882039070129395 3.015204906463623 1.6697982549667358 1.1690372228622437
60 3.44773268699646 3.1955535411834717 2.2843213081359863 2.9251325130462646 1.4933937788009644 1.2441716194152832
61 3.431608200073242 3.1120567321777344 1.9959771633148193 3.131216049194336 1.4829603433609009 1.0135844945907593
62 3.0897350311279297 2.591055154800415 1.9098516702651978 2.99021315574646 1.231611728668213 1.340680718421936
63 3.3269765377044678 2.8830785751342773 2.0968379974365234 2.8409430980682373 1.5492722988128662 1.1745671033859253
64 3.281475305557251 2.7983269691467285 2.0858170986175537 2.857160806655884 1.4988657236099243 1.3696949481964111
65 3.0559449195861816 2.5688588619232178 1.9181749820709229 2.500171661376953 1.23393976688385 1.3302162885665894
66 3.1250531673431396 2.70233154296875 2.267503023147583 2.685955286026001 1.707306146621704 1.4655600786209106
67 3.123283863067627 2.708794593811035 1.9009228944778442 2.7809677124023438 1.368380069732666 1.156726598739624
68 2.886969566345215 2.3736119270324707 1.6845284700393677 2.7513046264648438 1.215932011604309 1.229291319847107
69 3.1639702320098877 2.716887950897217 2.0996787548065186 2.6888883113861084 1.4415650367736816 1.2928433418273926
70 3.131310224533081 2.6550731658935547 1.9280213117599487 2.5584030151367188 1.3584336042404175 1.4227930307388306
71 3.2039546966552734 2.7837717533111572 2.004789113998413 2.6275200843811035 1.4690263271331787 1.1459969282150269
72 3.4053657054901123 2.985917568206787 1.846713662147522 2.9995806217193604 1.5303149223327637 1.4343528747558594
73 3.3162176609039307 2.8947689533233643 1.851934552192688 2.968400239944458 1.4076319932937622 1.2780787944793701
74 3.193976402282715 2.6667110919952393 1.8025809526443481 2.6835830211639404 1.4264968633651733 1.3467210531234741
75 3.2606008052825928 2.8029210567474365 2.202704668045044 2.7634239196777344 1.8332760334014893 1.212899923324585
76 3.5047478675842285 3.0688347816467285 2.1139988899230957 2.8671090602874756 1.539762258529663 1.0820527076721191
77 3.7941248416900635 3.451038122177124 2.0953922271728516 2.9477429389953613 1.317076563835144 1.2081611156463623
78 3.1154098510742188 2.7221198081970215 2.1021478176116943 2.824518918991089 1.2867119312286377 1.1650714874267578
79 3.3008127212524414 2.988062858581543 2.8453071117401123 2.7497949600219727 1.513769507408142 1.2048035860061646
80 3.6007635593414307 3.326855182647705 2.933831214904785 2.7562856674194336 1.4715849161148071 0.9388716816902161
81 3.696653366088867 3.356412410736084 2.0994105339050293 2.906390905380249 1.3864610195159912 1.1651157140731812
82 3.5825655460357666 3.2763726711273193 2.3061516284942627 2.7396457195281982 1.4053845405578613 1.0738102197647095
83 3.4559166431427 3.11047101020813 2.4994397163391113 2.7716290950775146 1.5970988273620605 1.4104228019714355
84 3.3954520225524902 3.0528604984283447 1.986594319343567 2.800881862640381 1.474144697189331 0.9267969131469727
85 3.022791862487793 2.524491786956787 2.106410503387451 2.231259822845459 1.8305871486663818 1.037602424621582
86 3.1358397006988525 2.690666437149048 2.0984013080596924 2.618173360824585 1.7176474332809448 1.1278157234191895
87 3.8322794437408447 3.5394794940948486 2.8212015628814697 2.708415985107422 1.7589092254638672 1.3906378746032715
88 3.2481346130371094 2.8030643463134766 2.197728157043457 2.4426801204681396 1.7334648370742798 0.9448922276496887
89 3.2174110412597656 2.7761189937591553 2.422407388687134 2.3384289741516113 1.2686104774475098 1.045472502708435
90 3.6726527214050293 3.395810127258301 2.7358384132385254 2.494338274002075 1.5743738412857056 1.0304412841796875
91 3.3955256938934326 3.0665152072906494 2.9004149436950684 2.214871883392334 1.3415273427963257 0.9551615118980408
92 3.320669412612915 2.9320337772369385 2.481912851333618 2.3152315616607666 1.280316948890686 1.2560476064682007
93 3.7305469512939453 3.392646074295044 2.659298896789551 2.349316120147705 1.5287507772445679 1.3169597387313843
94 3.5632824897766113 3.2060697078704834 3.213263988494873 2.378016710281372 1.4718077182769775 1.6234664916992188
95 3.399089813232422 2.853940725326538 2.9405064582824707 1.9077365398406982 1.324315071105957 1.3972241878509521
96 4.2890849113464355 3.9942071437835693 3.350480318069458 2.398613929748535 1.4475058317184448 1.3670666217803955
97 3.651655435562134 3.265456199645996 2.6081008911132813 2.4078071117401123 1.217219591140747 1.3248825073242188
98 3.9733128547668457 3.6352415084838867 2.67811918258667 2.305309534072876 1.314705491065979 1.4227174520492554
99 3.7345001697540283 3.3742146492004395 2.803868055343628 2.357391834259033 1.4770983457565308 1.0134378671646118
100 3.6677064895629883 3.265467405319214 3.0018458366394043 2.3650779724121094 1.3616074323654175 1.380517840385437
101 3.502120018005371 3.0449984073638916 2.647324562072754 2.2826967239379883 0.9935756921768188 1.3258839845657349
102 3.4131505489349365 2.914950132369995 2.8689305782318115 2.350921392440796 1.1820416450500488 1.4824373722076416
103 3.3175692558288574 2.818054676055908 3.171847105026245 2.0579745769500732 1.0791884660720825 1.2236804962158203
104 3.4292080402374268 2.9242656230926514 2.834743022918701 2.2244324684143066 1.0123989582061768 1.426979660987854
105 3.3625869750976563 2.8559036254882813 2.6030452251434326 2.0868499279022217 0.991181492805481 1.1159679889678955
106 3.7569427490234375 3.347827196121216 3.185667037963867 2.0790579319000244 1.234195590019226 1.0596013069152832
107 3.6415252685546875 3.2835259437561035 3.0624992847442627 2.087195873260498 0.9253913164138794 0.9830576777458191
108 3.720536470413208 3.3648688793182373 3.286775827407837 2.254794120788574 1.3988333940505981 0.9561110734939575
109 3.6840405464172363 3.34903883934021 3.056858539581299 2.238152027130127 1.2378069162368774 1.162932276725769
110 3.4737913608551025 3.11615252494812 3.0020954608917236 2.182060956954956 1.0266618728637695 1.1041063070297241
111 3.7681775093078613 3.4316234588623047 2.8932645320892334 2.2320172786712646 1.2219020128250122 1.3034627437591553
112 3.325335741043091 2.925119638442993 2.9795644283294678 2.2148983478546143 1.4481048583984375 1.2657405138015747
113 3.745468854904175 3.441462278366089 3.0831568241119385 2.201596975326538 1.324220061302185 1.2099894285202026
114 3.9737279415130615 3.686622142791748 2.9665417671203613 2.0200743675231934 1.1538664102554321 1.0468074083328247
115 3.4498775005340576 3.0490970611572266 2.708200454711914 2.08624529838562 1.0318164825439453 1.0032182931900024
116 3.735095977783203 3.4071152210235596 3.133300542831421 2.230966806411743 1.2580575942993164 0.9221566915512085
117 3.178504467010498 2.7116451263427734 2.832392454147339 2.1858322620391846 1.2278343439102173 1.050156831741333
118 3.2205581665039063 2.7871997356414795 2.839521884918213 2.240556240081787 1.4047549962997437 1.2489360570907593
119 3.1733109951019287 2.7374258041381836 2.8325884342193604 2.2036869525909424 1.282252550125122 1.2287664413452148
120 3.3080496788024902 2.9366397857666016 3.2704403400421143 2.0404419898986816 1.2839192152023315 1.1081345081329346
121 3.917745351791382 3.6676855087280273 3.4641520977020264 2.196782112121582 1.4656994342803955 1.0736770629882813
122 4.023660659790039 3.8022356033325195 3.704744815826416 2.4446561336517334 1.2467432022094727 1.0558502674102783
123 3.841078281402588 3.6229074001312256 3.492417335510254 2.8651063442230225 1.083858609199524 1.332504153251648
124 3.8260412216186523 3.533130407333374 3.245215892791748 2.7228565216064453 1.3683791160583496 1.2828608751296997
125 3.7884228229522705 3.5200159549713135 3.194619655609131 2.489205837249756 1.0668718814849854 1.1010040044784546
126 3.928457736968994 3.6824963092803955 3.572782039642334 2.4249229431152344 1.4447307586669922 1.3413344621658325
127 3.8043994903564453 3.545140504837036 3.4479756355285645 2.467650890350342 1.4119982719421387 1.2040823698043823
128 3.9475748538970947 3.6539790630340576 3.468808889389038 2.266049861907959 1.2066948413848877 1.069239616394043
129 3.7706902027130127 3.497239351272583 3.2896640300750732 2.3389627933502197 1.2758586406707764 1.1552734375
130 4.301329135894775 4.099283218383789 3.0681538581848145 2.5525741577148438 1.2284013032913208 1.2607982158660889
131 4.203493118286133 3.974634885787964 3.3082833290100098 2.4648094177246094 1.093238353729248 1.099574327468872
132 3.698073387145996 3.432129383087158 3.500452995300293 2.6980249881744385 1.0978301763534546 1.5113835334777832
133 3.8789970874786377 3.5325682163238525 3.1279218196868896 2.5806586742401123 1.2777458429336548 1.3506790399551392
134 3.869396924972534 3.651740074157715 3.5550694465637207 2.5464513301849365 1.2597343921661377 1.3881783485412598
135 3.4621360301971436 3.1936652660369873 3.213491201400757 2.4852652549743652 1.0568441152572632 1.1520131826400757
136 3.619544744491577 3.296621799468994 3.4014174938201904 2.472116708755493 1.429141879081726 1.142969012260437
137 3.7870540618896484 3.5288281440734863 3.425802707672119 2.3934998512268066 1.1986140012741089 1.1217913627624512
138 3.4944632053375244 3.200326681137085 3.185244560241699 2.545771598815918 1.2648712396621704 1.2635043859481812
139 3.678013563156128 3.3955438137054443 3.1458733081817627 2.4190268516540527 1.4706825017929077 1.2353637218475342
140 3.723119020462036 3.4051873683929443 3.407089948654175 2.2599494457244873 1.1430577039718628 1.0843878984451294
141 3.4782190322875977 3.127391815185547 3.0398480892181396 2.348623752593994 1.3137503862380981 1.454681158065796
142 3.694554567337036 3.4283933639526367 2.9831011295318604 2.545666456222534 1.0793911218643188 1.3567798137664795
143 3.385211944580078 3.072690010070801 3.0791873931884766 2.463951826095581 1.2313816547393799 1.5625075101852417
144 3.370544910430908 3.0128684043884277 3.1659085750579834 2.1565165519714355 1.2345432043075562 1.206925392150879
145 3.7543070316314697 3.436691999435425 3.1007962226867676 2.1830427646636963 1.4331809282302856 1.5056984424591064
146 3.7347300052642822 3.4629831314086914 3.3763186931610107 2.235308885574341 1.1630442142486572 1.5662249326705933
147 4.295480728149414 3.9963150024414063 3.205500602722168 2.0506904125213623 1.2044728994369507 1.3644503355026245
148 3.349064588546753 2.9343767166137695 2.9937117099761963 2.1386637687683105 1.2553918361663818 1.350523829460144
149 3.523878335952759 3.114250659942627 3.116304397583008 2.1887736320495605 1.301497220993042 1.2054022550582886
150 4.381934642791748 4.129837512969971 3.3988516330718994 2.5430164337158203 1.3257732391357422 1.3453342914581299
151 4.90652322769165 4.743040084838867 3.5868005752563477 2.656071901321411 1.6096408367156982 1.491860032081604
152 4.278141498565674 4.045638561248779 3.315908670425415 2.7623491287231445 1.3641990423202515 1.5333786010742188
153 4.713526248931885 4.596571922302246 3.6056604385375977 2.2349536418914795 1.6216535568237305 1.322954773902893
154 4.562877178192139 4.443370342254639 3.5291314125061035 2.536637783050537 1.628731608390808 1.3707002401351929
155 6.307608604431152 6.312714099884033 3.63836932182312 2.156920909881592 1.4751588106155396 1.252788782119751
156 4.498808860778809 4.216113567352295 3.3079304695129395 2.2011587619781494 1.5381402969360352 1.6095775365829468
157 4.463054180145264 4.256568908691406 3.336010694503784 2.0808990001678467 1.8259756565093994 1.3434579372406006
158 4.268190383911133 4.0984954833984375 3.7017455101013184 2.6770832538604736 2.1154074668884277 1.438522219657898
159 4.13812780380249 4.0189290046691895 3.4861960411071777 2.3315541744232178 1.7584278583526611 1.1390658617019653
160 3.422314167022705 3.1498751640319824 3.3802671432495117 2.2267491817474365 1.6703660488128662 1.1015862226486206
161 3.575403928756714 3.335700750350952 3.4133427143096924 2.454555034637451 1.8214871883392334 1.5388553142547607
162 3.8435847759246826 3.596581220626831 3.48521089553833 2.14762806892395 1.6842795610427856 1.1355414390563965
163 4.399444580078125 4.255362510681152 3.5470478534698486 2.4802634716033936 1.6549384593963623 1.0748745203018188
164 4.3671722412109375 4.163121700286865 3.639014959335327 2.5357704162597656 1.8997480869293213 1.2511401176452637
165 3.8672523498535156 3.594442129135132 3.3305764198303223 2.805757999420166 1.7256097793579102 1.142867088317871
166 3.857919216156006 3.60082745552063 3.4150550365448 2.755966901779175 1.7427879571914673 1.1600334644317627
167 3.6645827293395996 3.315518617630005 3.4113876819610596 2.469241142272949 1.7026078701019287 1.279634952545166
168 3.5212810039520264 3.1934845447540283 3.195634126663208 2.032203197479248 1.4751614332199097 0.8859032392501831
169 3.6346073150634766 3.2944087982177734 3.4962873458862305 2.469003677368164 1.494175672531128 1.2272939682006836
170 3.8581433296203613 3.575051784515381 3.4592111110687256 2.551901340484619 1.5495299100875854 1.2174208164215088
171 3.8535847663879395 3.5891993045806885 3.463791847229004 1.860473871231079 1.1799567937850952 1.0871713161468506
172 3.4675912857055664 3.127342939376831 3.5314574241638184 1.8370367288589478 1.5755414962768555 1.1733298301696777
173 3.832143783569336 3.6429550647735596 3.4077813625335693 2.5205090045928955 1.6985775232315063 1.1059401035308838
174 4.042273998260498 3.8911588191986084 3.5336883068084717 2.6863479614257813 2.02536678314209 1.0699095726013184
175 3.8399734497070313 3.732583522796631 3.5564420223236084 3.057173013687134 1.9578518867492676 1.1880663633346558
176 3.6616287231445313 3.47835636138916 3.422739267349243 2.8996989727020264 1.7980316877365112 1.2589515447616577
177 4.253941535949707 4.126171112060547 3.7331085205078125 2.996439218521118 1.9577453136444092 1.3270913362503052
178 4.09791374206543 3.9642021656036377 3.5729591846466064 3.109476089477539 1.7745281457901 1.1131281852722168
179 4.13450813293457 3.9557511806488037 3.6880102157592773 2.758714199066162 1.9711562395095825 1.1290855407714844
180 3.9296810626983643 3.6974685192108154 3.556389093399048 2.6071181297302246 1.9806753396987915 1.0520638227462769
181 4.24008846282959 4.057429313659668 3.338160276412964 2.6154654026031494 1.6389836072921753 1.0962731838226318
182 4.333291053771973 4.226467132568359 3.7676711082458496 3.2593820095062256 2.0540201663970947 1.2146763801574707
183 4.624378681182861 4.527233123779297 3.6389193534851074 3.0693421363830566 1.9383126497268677 1.1448858976364136
184 4.645792007446289 4.580231189727783 3.494415044784546 3.0552821159362793 1.8368830680847168 1.1628402471542358
185 4.611269474029541 4.502191543579102 3.7463457584381104 3.238372325897217 1.94910728931427 1.0759742259979248
186 4.549004554748535 4.513185024261475 3.8167824745178223 3.6040735244750977 2.0265400409698486 0.9682924151420593
187 4.506894588470459 4.423663139343262 3.614480495452881 3.6502292156219482 2.1549880504608154 1.0042122602462769
188 4.4370341300964355 4.312785625457764 3.7340683937072754 3.3095741271972656 2.070297956466675 1.2922325134277344
189 4.3251190185546875 4.245906829833984 3.5356757640838623 3.521099328994751 1.9863258600234985 1.214733600616455
190 4.400745868682861 4.350868225097656 3.9477717876434326 3.6766409873962402 2.3108632564544678 0.9864368438720703
191 4.709619045257568 4.685945987701416 3.737955093383789 3.3859736919403076 1.8296552896499634 1.137628436088562
192 4.67974853515625 4.684783935546875 3.9508469104766846 3.309145927429199 2.1021981239318848 0.8957993388175964
193 4.718810081481934 4.689063549041748 4.1353583335876465 3.2345199584960938 2.077319622039795 1.0391687154769897
194 4.246469974517822 4.0797438621521 3.7998316287994385 2.928600549697876 1.9060347080230713 1.206307053565979
195 4.3679046630859375 4.183392524719238 3.579380750656128 3.075432062149048 2.0548152923583984 1.3554461002349854
196 4.347916603088379 4.164418697357178 3.346916437149048 2.814295530319214 1.9631417989730835 0.9106084108352661
197 4.056713581085205 3.862863540649414 3.6393237113952637 2.9447832107543945 2.2401411533355713 0.9074437022209167
198 4.347249507904053 4.294687271118164 3.4550600051879883 3.5111989974975586 2.0972747802734375 1.2849799394607544
199 3.7614214420318604 3.5235648155212402 3.513150691986084 2.9626822471618652 1.9985545873641968 0.9467809796333313
200 4.600612163543701 4.467059135437012 3.6135830879211426 3.213082790374756 2.103670358657837 1.1789852380752563
201 5.041131019592285 4.923227787017822 3.2372429370880127 2.9550399780273438 1.8828272819519043 1.1897940635681152
202 3.940541982650757 3.6014389991760254 3.522409200668335 2.7499117851257324 2.469038486480713 0.9802433252334595
203 4.537313461303711 4.3301472663879395 3.2318551540374756 3.005594491958618 2.1326262950897217 1.211934208869934
204 4.184018135070801 3.867710590362549 2.997567892074585 2.473571300506592 2.104830265045166 0.9360181093215942
205 4.363763332366943 4.137419700622559 3.1376187801361084 2.6851296424865723 2.0004897117614746 1.192732334136963
206 3.916642665863037 3.6224846839904785 3.365915060043335 2.862541675567627 2.1059045791625977 1.063558578491211
207 4.182644367218018 4.086575508117676 3.8690030574798584 3.856825351715088 2.1648712158203125 1.0907630920410156
208 4.404787540435791 4.323117733001709 3.7824018001556396 3.4107327461242676 2.138537883758545 1.257737159729004
209 4.509784698486328 4.40531063079834 3.8420515060424805 3.4787774085998535 2.306530237197876 1.071110486984253
210 4.418975353240967 4.377665042877197 3.867056369781494 3.604182243347168 2.183690071105957 1.3313759565353394
211 4.346776962280273 4.240525245666504 3.7233073711395264 3.917621612548828 2.488090753555298 1.0459282398223877
212 4.195371150970459 4.085483074188232 3.787112236022949 3.6074748039245605 2.42362904548645 1.2085694074630737
213 3.8565125465393066 3.6597588062286377 3.462143659591675 3.276413679122925 2.3432540893554688 1.1635023355484009
214 3.9752893447875977 3.8091585636138916 3.573312520980835 3.547880172729492 2.3548474311828613 1.1267192363739014
215 4.069538593292236 3.8794190883636475 3.6307637691497803 3.4796864986419678 2.3224494457244873 1.3037283420562744
216 3.9618000984191895 3.722929000854492 3.6963813304901123 3.086587429046631 2.1013357639312744 1.0032252073287964
217 4.0945563316345215 3.9911081790924072 3.9564132690429688 3.4938228130340576 2.145214319229126 1.1307319402694702
218 4.117832660675049 3.9509897232055664 3.832273006439209 3.158390998840332 2.3435094356536865 1.0841923952102661
219 4.132656097412109 3.909773111343384 4.116170883178711 2.895921468734741 2.204319953918457 1.4084140062332153
220 3.8105216026306152 3.5540623664855957 3.666978359222412 2.8298020362854004 2.18935227394104 1.2345987558364868
221 3.7153396606445313 3.455996513366699 3.5418386459350586 2.92378306388855 2.117215633392334 1.2296404838562012
222 4.21726131439209 3.947314977645874 3.4166040420532227 2.2864387035369873 1.974225640296936 1.039642333984375
223 3.6353096961975098 3.2967188358306885 3.182142734527588 2.5115201473236084 1.9717520475387573 1.1676214933395386
224 3.5426883697509766 3.220374345779419 3.6550469398498535 2.1348438262939453 1.92562735080719 0.8803805112838745
225 3.817222833633423 3.5355703830718994 3.6009373664855957 2.2403628826141357 2.1049654483795166 1.0322705507278442
226 4.582512378692627 4.453851699829102 4.093308448791504 2.291961431503296 2.12447452545166 1.0411297082901
227 4.124949932098389 3.9479963779449463 4.080748558044434 2.356884479522705 2.0868897438049316 1.0822596549987793
228 4.05539083480835 3.9169235229492188 4.287607192993164 2.4193947315216064 2.152690887451172 1.503447413444519
229 4.187520980834961 3.9927587509155273 4.022923946380615 2.432741403579712 1.7981176376342773 1.3822613954544067
230 3.9726240634918213 3.7939164638519287 4.142198085784912 2.249002456665039 2.0140833854675293 1.0757977962493896
231 4.037929534912109 3.873380184173584 4.217926979064941 2.2966983318328857 2.3876731395721436 1.097501516342163
232 3.878901243209839 3.6639528274536133 4.338893413543701 2.0937745571136475 2.345499277114868 1.0689796209335327
233 4.285267353057861 4.215282917022705 4.2346272468566895 2.282533884048462 2.091346263885498 1.1867283582687378
234 4.189184665679932 4.086996555328369 4.4437127113342285 2.1172385215759277 1.984635591506958 1.2288661003112793
235 4.373802661895752 4.263467311859131 4.6629462242126465 2.2413389682769775 2.1391406059265137 1.3183388710021973
236 4.5687713623046875 4.439714431762695 4.6005659103393555 2.256544351577759 2.3627395629882813 1.2014787197113037
237 4.239432334899902 4.012402534484863 3.930192232131958 2.420740842819214 2.246269464492798 1.552825689315796
238 4.331233024597168 4.202263355255127 4.379336357116699 2.484524965286255 1.9347559213638306 1.5380648374557495
239 3.974294424057007 3.8154122829437256 4.483232021331787 2.2391576766967773 2.0477638244628906 1.2932324409484863
240 4.207601547241211 3.962380886077881 3.9293651580810547 2.324371099472046 2.1975979804992676 1.659917950630188
241 3.9877138137817383 3.773951768875122 4.148487091064453 2.349332571029663 2.174438714981079 1.4394800662994385
242 4.012173175811768 3.7753121852874756 4.042126178741455 2.474679946899414 2.040194272994995 1.3341981172561646
243 4.372775554656982 4.1141276359558105 4.551259517669678 2.419412136077881 2.5412323474884033 1.4258387088775635
244 4.510336399078369 4.3823442459106445 4.784724235534668 2.657172918319702 2.4946532249450684 1.4608149528503418
245 4.573434352874756 4.457858085632324 4.742197036743164 2.1627254486083984 2.540459632873535 1.3150146007537842
246 4.987231731414795 4.935082912445068 4.735182285308838 2.72330641746521 2.7658939361572266 1.2090461254119873
247 4.263975143432617 4.002009391784668 3.6480987071990967 2.9499149322509766 2.6147992610931396 1.4904253482818604
248 3.732264280319214 3.424598455429077 3.7636935710906982 2.4747745990753174 2.0153329372406006 1.4903203248977661
249 4.313010215759277 4.211935520172119 4.619944095611572 2.8710315227508545 1.9966009855270386 1.5303850173950195
250 4.206918716430664 4.086620330810547 4.11763334274292 3.113093376159668 2.271754026412964 1.2393211126327515
251 4.290748119354248 4.002042770385742 4.047392845153809 3.01220703125 2.3436355590820313 2.2709543704986572
252 4.183060169219971 4.01946496963501 4.5022687911987305 2.879242181777954 2.247058391571045 1.5957975387573242
253 4.057053565979004 3.8389651775360107 4.397933483123779 2.5040175914764404 2.1080942153930664 1.324904441833496
254 4.506402492523193 4.4000396728515625 4.494638919830322 2.982482433319092 2.2035558223724365 1.371935486793518
255 4.276346683502197 4.066372394561768 4.558971881866455 2.6497280597686768 2.624117612838745 1.2977838516235352
256 4.286807060241699 4.159182071685791 4.672138690948486 2.8753039836883545 2.285247564315796 1.3144199848175049
257 4.1814093589782715 4.040600299835205 4.393198013305664 2.678816318511963 1.9599416255950928 1.1842063665390015
258 4.209671974182129 4.113389492034912 4.334885597229004 3.049074649810791 2.01910138130188 1.3326491117477417
259 4.471260070800781 4.392403602600098 4.273488998413086 3.4307498931884766 1.9101802110671997 1.3773548603057861
260 4.282870769500732 4.117550849914551 4.115377902984619 3.062549591064453 1.8529545068740845 1.2940243482589722
261 4.185715675354004 4.09507942199707 4.3195624351501465 2.952501058578491 1.9986274242401123 1.2951241731643677
262 4.022782802581787 3.849470376968384 4.316035270690918 2.4475786685943604 1.848315954208374 1.4587708711624146
263 4.534831523895264 4.430670738220215 4.4214372634887695 2.4587879180908203 2.0364954471588135 1.4244219064712524
264 4.092517375946045 3.889493703842163 4.176388263702393 2.325875997543335 1.8110431432724 1.2498290538787842
265 4.654781341552734 4.453792572021484 4.266336917877197 2.561816930770874 2.2042481899261475 1.3518553972244263
266 4.341174602508545 4.15053653717041 4.221773147583008 2.9715542793273926 2.061432361602783 1.3039965629577637
267 4.141166687011719 3.9815571308135986 4.319599151611328 2.8763861656188965 2.0359253883361816 1.1708173751831055
268 4.252410888671875 4.082207202911377 4.6461310386657715 2.6311140060424805 1.8786077499389648 1.0884119272232056
269 4.544780254364014 4.4071197509765625 4.284201145172119 2.5735626220703125 2.2818875312805176 0.9295614957809448
270 4.303002834320068 4.125807285308838 4.207072734832764 2.8409953117370605 2.2131285667419434 1.3863670825958252
271 4.181037902832031 4.025386810302734 4.224049091339111 2.7316668033599854 1.9821504354476929 1.1723430156707764
272 4.09989070892334 3.9263246059417725 3.957749605178833 2.8609836101531982 1.9149531126022339 1.1653461456298828
273 3.9043588638305664 3.5167768001556396 3.629812717437744 2.5769786834716797 1.946645736694336 1.185829758644104
274 4.121894359588623 3.8575279712677 4.083186626434326 3.000384569168091 2.003629446029663 1.0957523584365845
275 3.9556479454040527 3.764713764190674 3.952930450439453 2.9500439167022705 1.9099016189575195 1.2887603044509888
276 3.834202289581299 3.5731754302978516 3.8208603858947754 2.7752463817596436 1.9017188549041748 1.143004298210144
277 3.9660656452178955 3.663184642791748 3.452763080596924 3.1320981979370117 2.104997396469116 1.0082193613052368
278 3.9742610454559326 3.672917127609253 3.553206443786621 2.946817636489868 2.063037633895874 1.3978501558303833
279 3.9974825382232666 3.664395570755005 3.8932089805603027 2.8541626930236816 2.1040921211242676 1.3795462846755981
280 3.815309762954712 3.409228801727295 3.541255235671997 2.763014793395996 2.107802152633667 1.650818943977356
281 3.942396879196167 3.635101079940796 3.6694083213806152 3.162846088409424 2.0296101570129395 1.9350249767303467
282 4.020512104034424 3.7293405532836914 3.6810567378997803 3.296332836151123 2.0594139099121094 1.7643685340881348
283 4.184658527374268 3.9127635955810547 3.5664703845977783 3.2108380794525146 2.001204490661621 1.675412893295288
284 4.051374912261963 3.7021124362945557 3.638730764389038 3.162119150161743 1.9420313835144043 1.991357684135437
285 3.8773345947265625 3.422131299972534 3.8822853565216064 2.420393466949463 2.0663907527923584 1.3850395679473877
286 4.2561726570129395 3.9163269996643066 3.9691312313079834 2.922382116317749 2.381682872772217 1.4504225254058838
287 4.3564605712890625 4.030368328094482 3.984065294265747 2.5368852615356445 2.385240316390991 1.4675040245056152
288 4.136234760284424 3.757280111312866 4.017092227935791 2.6535794734954834 2.0366744995117188 2.128584623336792
289 3.9716856479644775 3.611543893814087 3.5905985832214355 2.820584774017334 2.013444662094116 2.2744319438934326
290 4.226326942443848 3.9696762561798096 4.054909706115723 2.758758068084717 2.1271421909332275 2.3789196014404297
291 4.00668478012085 3.740494728088379 3.924168586730957 2.4412856101989746 2.2228381633758545 2.187333345413208
292 4.240896224975586 3.9947705268859863 3.82155179977417 3.0246689319610596 2.1357948780059814 2.0189852714538574
293 4.033571720123291 3.7384235858917236 3.8753857612609863 3.085933208465576 2.2134971618652344 2.1833994388580322
294 4.158773899078369 3.9261012077331543 4.050417423248291 2.9652509689331055 2.2381093502044678 2.1474244594573975
295 3.9594266414642334 3.730985403060913 3.918872833251953 2.8786416053771973 2.002349376678467 2.052098035812378
296 4.105815410614014 3.9747824668884277 3.951720714569092 3.2219765186309814 2.0896148681640625 2.376154661178589
297 3.986650228500366 3.821096897125244 3.9843075275421143 2.593686580657959 2.072378158569336 1.768613338470459
298 4.321834087371826 4.185326099395752 4.119112491607666 3.035512685775757 2.2983133792877197 1.6792199611663818
299 4.3698835372924805 4.244182109832764 4.224573612213135 2.8080365657806396 2.3053557872772217 1.6573586463928223
300 4.370204448699951 4.246411323547363 4.115960121154785 3.066411256790161 2.4415762424468994 1.536820888519287
301 4.3397932052612305 4.2194952964782715 3.9375667572021484 3.133790969848633 2.0641751289367676 1.7694532871246338
302 4.280863285064697 4.161346435546875 4.000710487365723 2.963608741760254 2.0742392539978027 1.6127631664276123
303 4.244880199432373 4.1381964683532715 4.128511905670166 2.9620065689086914 2.1392576694488525 1.6148637533187866
304 4.087194919586182 3.8745999336242676 3.7892332077026367 2.7924416065216064 1.9789870977401733 1.8029708862304688
305 4.386709690093994 4.2549967765808105 4.025998592376709 3.078371047973633 2.209141731262207 2.0819108486175537
306 4.394822597503662 4.245992660522461 4.031471252441406 3.071824073791504 2.207442283630371 1.8227436542510986
307 5.060513496398926 4.95404052734375 4.117434024810791 2.9025309085845947 2.1748406887054443 1.8908350467681885
308 4.501430034637451 4.357913494110107 4.378533840179443 2.805760383605957 2.584947347640991 1.6575605869293213
309 4.270010948181152 4.07320499420166 4.247278690338135 2.819251775741577 2.219371795654297 1.7908061742782593
310 4.5416951179504395 4.409850120544434 4.261845588684082 2.999765396118164 2.1159868240356445 2.137735605239868
311 4.857913970947266 4.7207818031311035 4.043332576751709 3.0750718116760254 2.1547093391418457 2.0620522499084473
312 4.6372456550598145 4.50332498550415 4.276220798492432 3.1881837844848633 2.6688947677612305 2.3413827419281006
313 4.512425422668457 4.289391994476318 3.8622729778289795 2.7373406887054443 2.469324827194214 2.11240291595459
314 4.332847595214844 4.150697231292725 4.161808490753174 2.736640214920044 2.750955581665039 1.6378028392791748
315 4.4073004722595215 4.204394340515137 3.948838710784912 2.6855251789093018 2.348356008529663 1.6681820154190063
316 4.290862560272217 4.079905033111572 3.884694814682007 2.4619619846343994 2.5359303951263428 1.6831318140029907
317 4.090797424316406 3.8735289573669434 3.8276944160461426 2.9585936069488525 2.6872448921203613 1.7758338451385498
318 4.138623237609863 3.9733757972717285 3.8206489086151123 2.9263405799865723 2.23557448387146 1.9132815599441528
319 4.236324310302734 4.05360746383667 4.183915138244629 2.3242475986480713 2.4070074558258057 1.4274307489395142
320 4.299175262451172 4.1487650871276855 4.232642650604248 2.791901111602783 2.522902011871338 1.7150983810424805
321 4.386901378631592 4.107922554016113 3.932133913040161 2.259305000305176 2.361870050430298 1.8930461406707764
322 4.078806400299072 3.8066024780273438 3.9903297424316406 2.366351366043091 2.5962209701538086 1.66397225856781
323 3.8136916160583496 3.404719352722168 3.408474922180176 2.333256959915161 2.1063430309295654 1.5143831968307495
324 4.494753360748291 4.318304538726807 3.956855535507202 2.485834836959839 2.671461343765259 1.4875315427780151
325 4.755686283111572 4.559698581695557 3.9881746768951416 2.529804229736328 2.318131923675537 2.132906436920166
326 4.46532678604126 4.284780025482178 4.366172790527344 2.819612979888916 3.156113624572754 2.1009998321533203
327 4.603287220001221 4.493021011352539 4.297184944152832 3.4510653018951416 2.7466084957122803 2.605634927749634
328 4.881988048553467 4.727217674255371 4.216136932373047 3.393165349960327 2.895371198654175 2.609726667404175
329 4.275110244750977 4.0431599617004395 3.834824562072754 3.405264377593994 2.238884449005127 2.344557762145996
330 4.430820465087891 4.3052544593811035 3.920011043548584 3.5530173778533936 1.9767146110534668 2.5165352821350098
331 4.3437418937683105 4.2045159339904785 3.9171063899993896 3.6496951580047607 1.9979426860809326 2.126455307006836
332 4.515411853790283 4.293529510498047 3.80914306640625 2.8274118900299072 1.9101060628890991 2.1790335178375244
333 4.3907623291015625 4.191216945648193 3.9906556606292725 2.704418420791626 2.0541977882385254 2.1477248668670654
334 4.516945838928223 4.403649806976318 3.8092544078826904 3.211793899536133 1.7339203357696533 1.7753193378448486
335 4.101399898529053 3.8769874572753906 3.787867307662964 2.8189682960510254 1.9671040773391724 1.7839336395263672
336 4.2922821044921875 4.038899898529053 3.7190613746643066 2.6782774925231934 1.8529305458068848 1.6937860250473022
337 4.368627548217773 4.1930952072143555 3.944772958755493 2.52701997756958 2.097264051437378 2.0453643798828125
338 4.462969779968262 4.280691146850586 4.061461925506592 2.9535911083221436 2.726328134536743 1.3551133871078491
339 4.255420207977295 4.0095696449279785 3.956925392150879 2.2529149055480957 1.9489027261734009 1.1403049230575562
340 5.492636680603027 5.373589992523193 3.8639066219329834 2.1190025806427 2.103827953338623 1.1539735794067383
341 4.265625476837158 4.056548118591309 3.9398765563964844 2.0786569118499756 2.0462605953216553 1.1383099555969238
342 4.612733840942383 4.428506851196289 3.966744899749756 2.389343500137329 2.0346007347106934 1.2753729820251465
343 4.568094253540039 4.382750034332275 3.605961799621582 2.2670388221740723 1.8392988443374634 1.3901981115341187
344 4.142541885375977 3.8299753665924072 3.5923917293548584 2.2841386795043945 2.189352035522461 1.2612719535827637
345 4.2958197593688965 3.978529930114746 3.817599058151245 2.2449920177459717 1.9097156524658203 1.3239279985427856
346 4.478643894195557 4.289205551147461 3.5933284759521484 2.428205728530884 1.8706759214401245 1.4276469945907593
347 4.361207962036133 4.15749454498291 3.8493881225585938 2.121051549911499 2.158055305480957 1.2420042753219604
348 4.575167655944824 4.359516620635986 3.7863786220550537 2.5167202949523926 2.2567391395568848 1.282697319984436
349 4.845069408416748 4.71978235244751 3.692873239517212 3.1694083213806152 2.0556483268737793 1.3421448469161987
350 4.415058135986328 4.331911087036133 3.4639976024627686 3.314796209335327 1.7419201135635376 1.201842188835144
351 4.267457008361816 4.1345648765563965 3.782758951187134 3.0128743648529053 1.8644490242004395 1.1679329872131348
352 3.8435237407684326 3.6023733615875244 3.6758174896240234 2.64361834526062 1.704985499382019 1.2072865962982178
353 4.378480434417725 4.21577787399292 3.765105724334717 2.8840975761413574 2.182080030441284 1.115350604057312
354 4.179311275482178 3.9856274127960205 3.778512477874756 2.244689702987671 1.9760996103286743 1.0479745864868164
355 4.497995376586914 4.34324836730957 3.506415843963623 2.597571611404419 1.8206818103790283 1.0523691177368164
356 5.569949150085449 5.479726314544678 3.860193967819214 2.701873302459717 2.031803846359253 1.219713568687439
357 5.990787982940674 5.927462577819824 3.8035519123077393 2.242191791534424 1.9026038646697998 0.9750937819480896
358 5.576933860778809 5.513960838317871 3.7510132789611816 2.412670135498047 2.003962516784668 1.1019257307052612
359 5.402606964111328 5.316337585449219 3.7451276779174805 2.690990924835205 2.2693910598754883 1.2516188621520996
360 5.269978046417236 5.193636417388916 3.787322998046875 2.729780673980713 2.065798282623291 1.2045949697494507
361 5.807394981384277 5.767230987548828 3.8059732913970947 3.063544511795044 2.1271212100982666 1.3350366353988647
362 4.73838996887207 4.673240661621094 3.587010145187378 2.850820779800415 1.6486021280288696 1.156326174736023
363 4.848888397216797 4.78794002532959 3.5504274368286133 2.9031026363372803 1.5556217432022095 1.0780109167099
364 4.887573719024658 4.80437707901001 3.397653341293335 3.0193841457366943 1.4085255861282349 1.2152178287506104
365 4.040524482727051 3.8212053775787354 3.7425718307495117 2.5424859523773193 2.118800401687622 1.0301446914672852
366 4.150739669799805 4.0000762939453125 3.6327474117279053 2.5129737854003906 1.9897191524505615 1.114388346672058
367 4.332268714904785 4.16326904296875 3.616847038269043 2.354567289352417 1.6989861726760864 1.062211036682129
368 4.554443359375 4.347084045410156 3.6694986820220947 2.2026314735412598 1.9682892560958862 1.3627411127090454
369 4.503430366516113 4.303075790405273 3.4282350540161133 2.0918266773223877 1.6819607019424438 1.062131643295288
370 4.943660259246826 4.780364990234375 3.801649332046509 1.8054969310760498 2.1589245796203613 1.2289830446243286
371 4.771561145782471 4.621587753295898 3.5946946144104004 1.8432036638259888 1.8757625818252563 1.2344099283218384
372 5.17943000793457 5.0451836585998535 3.6986470222473145 2.0008256435394287 2.032402992248535 1.1543513536453247
373 4.899059772491455 4.73058557510376 3.7568840980529785 2.0318939685821533 2.291240692138672 1.0130743980407715
374 4.8106584548950195 4.673889636993408 3.6451964378356934 2.6174521446228027 2.0723540782928467 1.2347122430801392
375 5.378774166107178 5.287559986114502 3.9119489192962646 2.6259307861328125 2.3152546882629395 1.2301831245422363
376 4.733244895935059 4.57832145690918 3.8911385536193848 2.5705673694610596 2.51118540763855 1.184515118598938
377 4.689358234405518 4.566321849822998 3.7864081859588623 2.895526170730591 2.06599497795105 1.0144857168197632
378 4.436966419219971 4.199601173400879 3.905526638031006 2.273333787918091 2.3722946643829346 1.405672550201416
379 4.869619846343994 4.733844757080078 4.053948402404785 2.9097955226898193 2.7484230995178223 2.052360773086548
380 4.763413906097412 4.569417476654053 4.071722984313965 2.4938647747039795 2.8218092918395996 1.540284276008606
381 4.360762596130371 4.163771629333496 3.933527946472168 2.341744899749756 2.4794459342956543 1.2822184562683105
382 4.624111652374268 4.460426330566406 3.789910316467285 2.5338134765625 2.139251470565796 1.6824290752410889
383 4.792364597320557 4.59576416015625 3.864752769470215 2.597738742828369 2.579601764678955 2.0586535930633545
384 5.050171375274658 4.871528625488281 4.019216060638428 2.6227855682373047 2.4269416332244873 2.1777379512786865
385 4.175370693206787 3.9714457988739014 4.037411212921143 2.5994720458984375 2.6452295780181885 1.6792898178100586
386 4.363903999328613 4.162962913513184 3.6319739818573 2.709089517593384 2.039127826690674 1.7940771579742432
387 4.618236541748047 4.42439603805542 3.7893402576446533 2.413916826248169 2.438019275665283 1.2846325635910034
388 4.353424072265625 4.118279933929443 3.6749672889709473 1.8564711809158325 2.1387734413146973 1.2847131490707397
389 4.499354839324951 4.330148220062256 3.8523755073547363 1.9798388481140137 2.3327527046203613 1.2966688871383667
390 5.108860969543457 4.914703369140625 3.8257699012756348 2.0814645290374756 2.272035598754883 1.8361756801605225
391 4.321468830108643 4.082812309265137 3.8139774799346924 2.255253553390503 2.316805124282837 1.5426822900772095
392 4.650805473327637 4.45417594909668 4.104176044464111 2.2874505519866943 2.69555401802063 1.3981717824935913
393 4.547957420349121 4.331216812133789 4.015284538269043 2.53255295753479 2.791672468185425 1.4818589687347412
394 4.687948703765869 4.496448516845703 3.9406685829162598 2.453361749649048 2.388144016265869 1.6609712839126587
395 4.105148792266846 3.853593111038208 3.915205955505371 2.224726676940918 2.7100331783294678 1.481770396232605
396 4.341098308563232 4.045703887939453 3.8273086547851563 2.462228775024414 2.3950581550598145 1.5106785297393799
397 4.197042465209961 3.900827646255493 3.855504274368286 2.3536388874053955 2.5233285427093506 1.5818977355957031
398 4.076526165008545 3.7668163776397705 3.956467866897583 2.1802282333374023 2.5106241703033447 1.5843781232833862
399 4.403546333312988 4.102341175079346 4.192671775817871 2.1890785694122314 2.910785436630249 1.8504714965820313
400 4.6672492027282715 4.4283294677734375 4.0141119956970215 2.3672168254852295 2.6275458335876465 2.3910467624664307
401 5.7592973709106445 5.692066192626953 4.215609550476074 2.915698289871216 2.1636829376220703 2.0650522708892822
402 5.259708404541016 5.180541515350342 4.213165760040283 3.2735986709594727 2.711671829223633 1.9964181184768677
403 4.739706993103027 4.596141815185547 4.3835039138793945 2.4448883533477783 2.6623122692108154 1.6961462497711182
404 5.29358434677124 5.137566566467285 4.46933650970459 2.4690709114074707 2.909393310546875 1.6596895456314087
405 5.258697032928467 5.164175510406494 4.265789985656738 2.3526618480682373 2.8014042377471924 1.2676522731781006
406 5.0549163818359375 4.925642490386963 4.110226631164551 2.490520477294922 2.4809014797210693 1.2598845958709717
407 5.148743152618408 5.073469638824463 4.410994529724121 2.6360671520233154 2.732339859008789 1.1601094007492065
408 4.904327392578125 4.804656028747559 4.326295375823975 2.6270689964294434 2.5114834308624268 1.4887588024139404
409 5.653979301452637 5.592729568481445 4.327785015106201 2.598456621170044 2.7278494834899902 1.2782421112060547
410 4.602413654327393 4.437994003295898 4.186907768249512 2.5948619842529297 2.4855170249938965 1.4013913869857788
411 5.426551342010498 5.355239391326904 4.251313209533691 2.6343133449554443 2.671130657196045 1.455788254737854
412 4.985241889953613 4.85184907913208 4.259851932525635 2.6513192653656006 2.697502851486206 1.5582469701766968
413 5.535372734069824 5.446591377258301 3.9807567596435547 2.6444904804229736 2.701838493347168 1.3067694902420044
414 4.999679088592529 4.809333324432373 4.314786434173584 2.5378262996673584 2.311493158340454 1.448173999786377
415 4.681859016418457 4.5091328620910645 4.4440484046936035 2.3421928882598877 2.4593489170074463 1.4656792879104614
416 5.161254405975342 5.067617416381836 4.601332664489746 3.039893627166748 2.4271223545074463 1.7071632146835327
417 5.1511735916137695 5.0178704261779785 4.425814151763916 2.7454755306243896 2.458108901977539 2.2599735260009766
418 5.2925190925598145 5.172013282775879 4.413593292236328 2.730275869369507 2.7550556659698486 1.8848931789398193
419 5.113557815551758 4.985241889953613 4.235713481903076 2.714914083480835 2.6582767963409424 1.8774797916412354
420 4.88920783996582 4.683396816253662 4.425665855407715 2.4189867973327637 2.624131917953491 1.8469737768173218
421 4.796912670135498 4.577963829040527 4.097936630249023 2.5600194931030273 2.2389791011810303 2.2728612422943115
