1 	 14.63395881652832
2 	 12.973944664001465
3 	 10.963943481445313
4 	 9.033182144165039
5 	 8.229488372802734
6 	 6.638221740722656
7 	 5.989641189575195
8 	 5.161275863647461
9 	 4.748132705688477
10 	 4.645810127258301
11 	 3.1879770755767822
12 	 2.665015935897827
13 	 2.1395487785339355
14 	 1.3142915964126587
15 	 1.378395915031433
16 	 1.6492363214492798
17 	 1.4771788120269775
18 	 1.4933502674102783
19 	 1.2900067567825317
20 	 1.4742424488067627
21 	 1.4501291513442993
22 	 1.1775791645050049
23 	 1.1594640016555786
24 	 1.2722761631011963
25 	 1.4769712686538696
26 	 1.419924020767212
27 	 1.7934945821762085
28 	 1.9153778553009033
29 	 1.5778592824935913
30 	 1.5535191297531128
31 	 1.1512984037399292
32 	 1.0273199081420898
33 	 0.9206212162971497
34 	 1.0622214078903198
35 	 1.184584379196167
36 	 1.0723267793655396
37 	 0.9893741607666016
38 	 1.1280500888824463
39 	 1.1646418571472168
40 	 1.210806965827942
41 	 1.0166285037994385
42 	 0.9228662848472595
43 	 1.035442590713501
44 	 1.0770708322525024
45 	 0.9776721596717834
46 	 1.0303106307983398
47 	 1.6312625408172607
48 	 1.647312879562378
49 	 2.566427707672119
50 	 1.9715715646743774
51 	 1.4747588634490967
52 	 1.8813427686691284
53 	 1.179809808731079
54 	 0.9051283597946167
55 	 0.8658169507980347
56 	 0.7782711386680603
57 	 0.9204903244972229
58 	 0.9319804906845093
59 	 0.7742174863815308
60 	 0.8586506843566895
61 	 1.1273322105407715
62 	 1.084151029586792
63 	 1.048048734664917
64 	 1.1990571022033691
65 	 1.7481642961502075
66 	 1.769180178642273
67 	 1.8656058311462402
68 	 2.028179407119751
69 	 2.6328885555267334
70 	 3.007542371749878
71 	 3.0732405185699463
72 	 2.4784739017486572
73 	 1.8818252086639404
74 	 1.2103691101074219
75 	 0.9809396266937256
76 	 0.9092122316360474
77 	 0.8146767616271973
78 	 0.7970046997070313
79 	 0.7888436317443848
80 	 0.8420175909996033
81 	 0.9000102281570435
82 	 0.9490824341773987
83 	 1.0390286445617676
84 	 0.9630377292633057
85 	 0.9508185386657715
86 	 0.9312278628349304
87 	 0.8293863534927368
88 	 0.8108215928077698
89 	 0.8547757863998413
90 	 0.9306593537330627
91 	 0.8258471488952637
92 	 0.7876178622245789
93 	 0.8457953333854675
94 	 0.9134106636047363
95 	 0.8824310898780823
96 	 0.8717284202575684
97 	 0.9955215454101563
98 	 1.0868456363677979
99 	 1.0510157346725464
100 	 1.2207577228546143
101 	 2.2234156131744385
102 	 4.053589820861816
103 	 2.482438087463379
104 	 2.1733384132385254
105 	 2.157168388366699
106 	 2.145852565765381
107 	 1.8093935251235962
108 	 1.5084853172302246
109 	 1.9628822803497314
110 	 3.0126798152923584
111 	 4.262165069580078
112 	 4.231535911560059
113 	 5.016380310058594
114 	 4.242356777191162
115 	 4.336763858795166
116 	 3.9843404293060303
117 	 3.393775701522827
118 	 2.5567727088928223
119 	 2.6848039627075195
120 	 3.063041925430298
121 	 3.651564598083496
122 	 2.9219274520874023
123 	 1.768003225326538
124 	 1.0235830545425415
125 	 1.1804815530776978
126 	 1.1182254552841187
127 	 1.1953866481781006
128 	 0.9023491740226746
129 	 0.7745453715324402
130 	 0.8304169774055481
131 	 0.7078866958618164
132 	 0.5681117177009583
133 	 0.4793459475040436
134 	 0.519217312335968
135 	 0.6099152565002441
136 	 0.5261071920394897
137 	 0.7063252925872803
138 	 0.7215520739555359
139 	 0.7832783460617065
140 	 0.8239116072654724
141 	 0.7985556125640869
142 	 0.9414030313491821
143 	 0.8140580058097839
144 	 0.7808040976524353
145 	 0.7553178071975708
146 	 0.8005611896514893
147 	 0.8632551431655884
148 	 0.8723620772361755
149 	 0.8510087728500366
150 	 1.0514434576034546
151 	 1.0962344408035278
152 	 1.138353943824768
153 	 0.9654431939125061
154 	 0.8656343221664429
155 	 0.9525074362754822
156 	 0.9512227773666382
157 	 0.8314051032066345
158 	 0.8443577885627747
159 	 0.9562451839447021
160 	 0.9463915824890137
161 	 0.9102041125297546
162 	 0.9869063496589661
163 	 1.1384241580963135
164 	 1.117610216140747
165 	 1.027955174446106
166 	 1.1910474300384521
167 	 1.442161202430725
168 	 1.466210961341858
169 	 1.8213911056518555
170 	 2.114759683609009
171 	 2.085658311843872
172 	 1.5055906772613525
173 	 1.3245749473571777
174 	 0.9901042580604553
175 	 0.9528250694274902
176 	 0.7797631025314331
177 	 0.7472476363182068
178 	 0.8044878840446472
179 	 0.9643605947494507
180 	 1.3181345462799072
181 	 1.5914055109024048
182 	 1.4255399703979492
183 	 1.8669672012329102
184 	 2.347362518310547
185 	 2.7441914081573486
186 	 2.0057833194732666
187 	 1.5989305973052979
188 	 2.467170000076294
189 	 2.383760690689087
190 	 1.4495190382003784
191 	 2.016258716583252
192 	 2.6948249340057373
193 	 2.093794345855713
194 	 1.6309595108032227
195 	 1.090630054473877
196 	 1.2422354221343994
197 	 1.2185419797897339
198 	 1.6588084697723389
199 	 1.6549410820007324
200 	 1.7964982986450195
201 	 2.157874822616577
202 	 2.0209460258483887
203 	 2.354166269302368
204 	 2.3876497745513916
205 	 1.906911849975586
206 	 1.882632851600647
207 	 2.2311041355133057
208 	 2.118788242340088
209 	 1.5540785789489746
210 	 1.5228748321533203
211 	 1.340185523033142
212 	 1.1054621934890747
213 	 1.154365062713623
214 	 1.0938901901245117
215 	 1.0298298597335815
216 	 0.9455885291099548
217 	 0.7786407470703125
218 	 0.6754089593887329
219 	 0.7430975437164307
220 	 0.6658055782318115
221 	 0.6845036745071411
222 	 0.7763423323631287
223 	 0.9671628475189209
224 	 1.2297395467758179
225 	 1.4866321086883545
226 	 1.2843255996704102
227 	 1.2559794187545776
228 	 0.735694408416748
229 	 0.6583433747291565
230 	 0.5905578136444092
231 	 0.5610709190368652
232 	 0.5450973510742188
233 	 0.6761423349380493
234 	 1.0743788480758667
235 	 0.794438898563385
236 	 0.6694394946098328
237 	 0.6247686147689819
238 	 0.5228146910667419
239 	 0.5731176733970642
240 	 0.5431062579154968
241 	 0.4979776442050934
242 	 0.5180190205574036
243 	 0.5587930679321289
244 	 0.7361222505569458
245 	 0.8985410332679749
246 	 1.0283105373382568
247 	 0.8599432110786438
248 	 1.040399193763733
249 	 0.7741450071334839
250 	 0.830207109451294
251 	 0.7737683057785034
252 	 0.6136714816093445
253 	 0.5998139977455139
254 	 0.7596749067306519
255 	 0.7024907469749451
256 	 0.6237888932228088
257 	 0.7239544987678528
258 	 0.7941263318061829
259 	 0.761512815952301
260 	 0.722511887550354
261 	 0.8306599259376526
262 	 0.8360462784767151
263 	 0.8151583671569824
264 	 0.8631168603897095
265 	 0.9642166495323181
266 	 0.9526249766349792
267 	 0.9681500792503357
268 	 1.0750285387039185
269 	 1.2269282341003418
270 	 1.2802321910858154
271 	 1.173401951789856
272 	 0.9661898016929626
273 	 0.9087334275245667
274 	 0.8204318284988403
275 	 0.7437570095062256
276 	 0.7756835222244263
277 	 0.8372281789779663
278 	 0.9370004534721375
279 	 0.9175640344619751
280 	 0.7923024296760559
281 	 0.7327142357826233
282 	 0.68965083360672
283 	 0.6915364265441895
284 	 0.7601935267448425
285 	 0.9268695116043091
286 	 1.072203278541565
287 	 0.9244412183761597
288 	 0.8783040642738342
289 	 0.8281353116035461
290 	 0.7345273494720459
291 	 0.7126398086547852
292 	 0.6389164328575134
293 	 0.615416407585144
294 	 0.5736349821090698
295 	 0.6122408509254456
296 	 0.4698348641395569
297 	 0.9131215810775757
298 	 0.6497682929039001
299 	 0.687893807888031
300 	 0.732170820236206
301 	 0.914610743522644
302 	 1.0274772644042969
303 	 1.503746509552002
304 	 1.2765318155288696
305 	 1.121994137763977
306 	 1.2349669933319092
307 	 1.4811298847198486
308 	 1.3380894660949707
309 	 1.7108675241470337
310 	 1.5559742450714111
311 	 1.2257956266403198
312 	 1.292723298072815
313 	 1.38418710231781
314 	 1.161969542503357
315 	 0.9625305533409119
316 	 1.1922626495361328
317 	 1.2619705200195313
318 	 1.075384497642517
319 	 1.0845746994018555
320 	 0.8154833912849426
321 	 0.8451889157295227
322 	 0.8330374956130981
323 	 0.8853237628936768
324 	 1.1233983039855957
325 	 1.694749116897583
326 	 2.5621848106384277
327 	 5.08287239074707
328 	 7.0665740966796875
329 	 8.197598457336426
330 	 7.912798881530762
331 	 8.134106636047363
332 	 6.791658401489258
333 	 5.4263763427734375
334 	 3.2394182682037354
335 	 1.7895954847335815
336 	 1.1281720399856567
337 	 0.8226056694984436
338 	 0.6905488967895508
339 	 0.6170118451118469
340 	 0.6085882782936096
341 	 0.6320810914039612
342 	 0.8456840515136719
343 	 0.8393073081970215
344 	 0.7412474155426025
345 	 0.7663881778717041
346 	 0.9189004898071289
347 	 0.7713830471038818
348 	 0.725955069065094
349 	 0.6331384778022766
350 	 0.6672255992889404
351 	 0.7152264714241028
352 	 0.6341187357902527
353 	 0.609443187713623
354 	 0.6979933977127075
355 	 0.7027344107627869
356 	 0.6609742045402527
357 	 0.7139163613319397
358 	 0.8116413950920105
359 	 0.7917389273643494
360 	 0.7987285852432251
361 	 0.9189327955245972
362 	 0.9426862001419067
363 	 0.89218670129776
364 	 0.9893813133239746
365 	 1.1648770570755005
366 	 1.1662180423736572
367 	 1.3174514770507813
368 	 1.5614053010940552
369 	 1.6467632055282593
370 	 1.675450086593628
371 	 2.09871768951416
372 	 2.4178831577301025
373 	 2.279310941696167
374 	 1.9436153173446655
375 	 2.074301242828369
376 	 2.24215030670166
377 	 2.6545917987823486
378 	 2.8747034072875977
379 	 2.232913017272949
380 	 1.9689207077026367
381 	 2.1286144256591797
382 	 3.2440319061279297
383 	 4.258874416351318
384 	 5.777801513671875
