1 	 14.058201789855957
2 	 12.076849937438965
3 	 10.226724624633789
4 	 8.75137710571289
5 	 7.487336158752441
6 	 5.791551113128662
7 	 3.8421213626861572
8 	 2.8658406734466553
9 	 2.7703866958618164
10 	 2.7433249950408936
11 	 2.2475199699401855
12 	 1.9004864692687988
13 	 1.7391363382339478
14 	 1.5442456007003784
15 	 1.556660771369934
16 	 1.6790432929992676
17 	 1.4916210174560547
18 	 1.4448479413986206
19 	 1.256478190422058
20 	 1.2715152502059937
21 	 1.314160704612732
22 	 1.1312166452407837
23 	 1.0932090282440186
24 	 1.1986517906188965
25 	 1.4282723665237427
26 	 1.7809395790100098
27 	 2.837034225463867
28 	 2.0617563724517822
29 	 2.140404224395752
30 	 1.4205329418182373
31 	 0.9749760627746582
32 	 0.840181827545166
33 	 0.7817685604095459
34 	 0.9435065984725952
35 	 1.0485491752624512
36 	 0.9695814251899719
37 	 0.8846563100814819
38 	 1.0492671728134155
39 	 1.1272207498550415
40 	 1.1765936613082886
41 	 1.0264396667480469
42 	 0.9722338318824768
43 	 1.103581428527832
44 	 1.143570065498352
45 	 1.038336157798767
46 	 1.0571610927581787
47 	 1.2326114177703857
48 	 1.0460031032562256
49 	 0.9208546876907349
50 	 0.8653661012649536
51 	 1.0824227333068848
52 	 0.9591160416603088
53 	 0.9374100565910339
54 	 0.744589626789093
55 	 0.8134756684303284
56 	 0.8118396401405334
57 	 0.8351848721504211
58 	 0.8175305128097534
59 	 0.7010063529014587
60 	 0.7413433790206909
61 	 0.9231263399124146
62 	 0.8941182494163513
63 	 0.9014116525650024
64 	 1.0690724849700928
65 	 1.323224425315857
66 	 1.4104562997817993
67 	 2.30964994430542
68 	 1.8468914031982422
69 	 2.602982759475708
70 	 3.690617084503174
71 	 2.9167287349700928
72 	 1.75975501537323
73 	 1.160454273223877
74 	 0.9077321290969849
75 	 0.7578023672103882
76 	 0.7670833468437195
77 	 0.6784345507621765
78 	 0.6215766072273254
79 	 0.6060196161270142
80 	 0.658394992351532
81 	 0.6825177669525146
82 	 0.7985870242118835
83 	 0.840613603591919
84 	 0.7136116027832031
85 	 0.7381786108016968
86 	 0.8745089769363403
87 	 0.8332552909851074
88 	 0.7959397435188293
89 	 0.8512543439865112
90 	 0.9095333814620972
91 	 0.7873495817184448
92 	 0.7554317116737366
93 	 0.8286635875701904
94 	 0.8506909608840942
95 	 0.800856351852417
96 	 0.8683827519416809
97 	 0.971500813961029
98 	 0.990795373916626
99 	 0.9365576505661011
100 	 1.0199276208877563
101 	 1.560893177986145
102 	 2.2726657390594482
103 	 1.7720539569854736
104 	 1.9740550518035889
105 	 2.3552517890930176
106 	 2.2869179248809814
107 	 1.9134091138839722
108 	 1.3907607793807983
109 	 0.8763421177864075
110 	 0.9591633081436157
111 	 0.8671013712882996
112 	 1.061659812927246
113 	 0.9192750453948975
114 	 0.9778004288673401
115 	 1.0405668020248413
116 	 1.2371262311935425
117 	 1.0326108932495117
118 	 0.8254190683364868
119 	 0.8963098526000977
120 	 1.03270423412323
121 	 1.1343895196914673
122 	 1.2484592199325562
123 	 1.9848723411560059
124 	 1.485599398612976
125 	 1.6810839176177979
126 	 1.653764009475708
127 	 1.3047189712524414
128 	 0.9076270461082458
129 	 0.7815138101577759
130 	 0.8385581970214844
131 	 0.6828156113624573
132 	 0.5718826055526733
133 	 0.5135265588760376
134 	 0.47538167238235474
135 	 0.43770313262939453
136 	 0.443736732006073
137 	 0.5319746136665344
138 	 0.4956508278846741
139 	 0.5515674948692322
140 	 0.6259403228759766
141 	 0.7450982332229614
142 	 1.0448869466781616
143 	 0.8013232350349426
144 	 0.6526735424995422
145 	 0.5811869502067566
146 	 0.6183968782424927
147 	 0.7249250411987305
148 	 0.7287718653678894
149 	 0.687697172164917
150 	 0.8412359952926636
151 	 0.8489322662353516
152 	 0.9301177859306335
153 	 0.8532009124755859
154 	 0.7599568963050842
155 	 0.8110692501068115
156 	 0.8878887891769409
157 	 0.821427047252655
158 	 0.8284892439842224
159 	 0.9366179704666138
160 	 0.9407572150230408
161 	 0.84833824634552
162 	 0.9426373839378357
163 	 1.1000957489013672
164 	 1.0342187881469727
165 	 0.9787257313728333
166 	 1.145336389541626
167 	 1.3472199440002441
168 	 1.3425865173339844
169 	 1.7476191520690918
170 	 2.073197841644287
171 	 2.022296190261841
172 	 1.3557261228561401
173 	 1.1744954586029053
174 	 0.9477949142456055
175 	 1.0405161380767822
176 	 0.8765509128570557
177 	 0.80120450258255
178 	 0.7813872694969177
179 	 0.7904959321022034
180 	 1.0741426944732666
181 	 1.2666865587234497
182 	 1.3411191701889038
183 	 1.8345216512680054
184 	 2.163714647293091
185 	 2.5402212142944336
186 	 1.9690229892730713
187 	 1.5417181253433228
188 	 2.262324094772339
189 	 2.274535894393921
190 	 1.444511890411377
191 	 1.8094491958618164
192 	 2.501359462738037
193 	 2.0441980361938477
194 	 1.5003515481948853
195 	 1.060133457183838
196 	 1.056835412979126
197 	 0.9173153042793274
198 	 1.1413016319274902
199 	 0.9914717674255371
200 	 1.077711582183838
201 	 1.3737595081329346
202 	 1.1909527778625488
203 	 1.1831010580062866
204 	 1.023604154586792
205 	 0.8432645201683044
206 	 0.8356475234031677
207 	 0.8359173536300659
208 	 0.7619372606277466
209 	 0.7456986308097839
210 	 0.7040379047393799
211 	 0.7669439911842346
212 	 0.7976168394088745
213 	 0.8415588140487671
214 	 0.8200893402099609
215 	 0.798454761505127
216 	 0.7800231575965881
217 	 0.6983954310417175
218 	 0.6258734464645386
219 	 0.860817015171051
220 	 0.6429281830787659
221 	 0.6952599883079529
222 	 0.7390575408935547
223 	 0.8870324492454529
224 	 1.1358426809310913
225 	 1.4398959875106812
226 	 1.224670648574829
227 	 1.276442527770996
228 	 0.667102575302124
229 	 0.656838595867157
230 	 0.5402957797050476
231 	 0.5010159611701965
232 	 0.5281580090522766
233 	 0.543750524520874
234 	 0.6002061367034912
235 	 0.5988855361938477
236 	 0.637135922908783
237 	 0.618073582649231
238 	 0.5111942291259766
239 	 0.47208380699157715
240 	 0.4663553237915039
241 	 0.4600057005882263
242 	 0.5448265671730042
243 	 0.6296082735061646
244 	 0.7036830186843872
245 	 0.8608548641204834
246 	 0.9228426814079285
247 	 0.9645587205886841
248 	 0.9617142081260681
249 	 0.7234513759613037
250 	 0.7780225276947021
251 	 0.7918083071708679
252 	 0.6528197526931763
253 	 0.6082953214645386
254 	 0.7116585969924927
255 	 0.7481337189674377
256 	 0.6552838087081909
257 	 0.6970396637916565
258 	 0.793202817440033
259 	 0.7119872570037842
260 	 0.6420278549194336
261 	 0.71668541431427
262 	 0.7144216895103455
263 	 0.718967616558075
264 	 0.7646386027336121
265 	 0.8317244052886963
266 	 0.8204201459884644
267 	 0.8239066004753113
268 	 0.9320729970932007
269 	 1.042211890220642
270 	 1.081111192703247
271 	 1.0158636569976807
272 	 0.8819599747657776
273 	 0.8083613514900208
274 	 0.6313061714172363
275 	 0.6268473863601685
276 	 0.6697607636451721
277 	 0.7988097071647644
278 	 0.9758769869804382
279 	 0.9008117914199829
280 	 0.7681949138641357
281 	 0.6175885200500488
282 	 0.5449436902999878
283 	 0.5579954981803894
284 	 0.5228767395019531
285 	 0.5519106984138489
286 	 0.6129968762397766
287 	 0.6336733102798462
288 	 0.6712847352027893
289 	 0.5756845474243164
290 	 0.6416245102882385
291 	 0.6364789009094238
292 	 0.5807225108146667
293 	 0.5668188333511353
294 	 0.5073649883270264
295 	 0.508482813835144
296 	 0.4852255880832672
297 	 0.6139196753501892
298 	 0.5564334392547607
299 	 0.6796025037765503
300 	 0.7577839493751526
301 	 0.886197030544281
302 	 1.0314111709594727
303 	 1.4723166227340698
304 	 1.2856460809707642
305 	 1.0955102443695068
306 	 1.1997963190078735
307 	 1.3616394996643066
308 	 1.2727843523025513
309 	 1.4965418577194214
310 	 1.3689899444580078
311 	 1.132128119468689
312 	 1.1344884634017944
313 	 1.1354140043258667
314 	 1.0030986070632935
315 	 0.847855269908905
316 	 0.9277639985084534
317 	 0.9755833148956299
318 	 0.8497622609138489
319 	 0.7904219031333923
320 	 0.6614158749580383
321 	 0.7363460659980774
322 	 0.7121855616569519
323 	 0.8638782501220703
324 	 1.0581295490264893
325 	 1.2906526327133179
326 	 2.6058356761932373
327 	 4.862172603607178
328 	 5.287758827209473
329 	 7.331996440887451
330 	 6.732697486877441
331 	 6.772716999053955
332 	 5.779205799102783
333 	 5.015263557434082
334 	 2.9966683387756348
335 	 1.782718300819397
336 	 1.0572773218154907
337 	 0.7915722727775574
338 	 0.6636133790016174
339 	 0.5589768886566162
340 	 0.5106266140937805
341 	 0.5453082323074341
342 	 0.7388421297073364
343 	 0.6968994736671448
344 	 0.7649229764938354
345 	 0.8016745448112488
346 	 0.857936441898346
347 	 0.6631893515586853
348 	 0.6006852388381958
349 	 0.5366578102111816
350 	 0.5650299787521362
351 	 0.5853424072265625
352 	 0.5274312496185303
353 	 0.5142192840576172
354 	 0.5751546025276184
355 	 0.6366817951202393
356 	 0.5685385465621948
357 	 0.6120532751083374
358 	 0.6371456980705261
359 	 0.6703263521194458
360 	 0.7180355191230774
361 	 0.8078253269195557
362 	 0.8288116455078125
363 	 0.8194133639335632
364 	 0.9144328236579895
365 	 1.0363843441009521
366 	 1.038266658782959
367 	 1.14291512966156
368 	 1.3340837955474854
369 	 1.4004592895507813
370 	 1.4619852304458618
371 	 1.6800769567489624
372 	 1.928168535232544
373 	 1.9640079736709595
374 	 1.7812246084213257
375 	 1.7000203132629395
376 	 1.3961127996444702
377 	 1.7249983549118042
378 	 1.7864854335784912
379 	 1.4147509336471558
380 	 1.4452568292617798
381 	 1.8092708587646484
382 	 2.768458843231201
383 	 4.034240245819092
384 	 5.5877485275268555
