0 2.645062430078069
1 10.00025153442651
2 7.729479707352779
3 9.10195987450475
4 3.6408111098413802
5 8.948067366030877
6 8.068091359966795
7 10.334642136227787
8 10.933761375465501
9 10.768413261171816
10 12.871090067476604
11 7.161839028682033
12 9.040885897338043
13 8.955091156007855
14 9.288450885546574
15 8.76202830939938
16 12.490844575884884
17 10.90110368864608
18 6.507805112341674
19 9.055091989079719
20 7.612636587312021
21 11.904982431994892
22 13.488472643887665
23 15.18988213455735
24 13.557594917365499
25 11.953201992759533
26 13.899438031060102
27 17.253214887596265
28 18.9356005991956
29 13.07315372992913
30 6.506356342334869
31 8.22257515173457
32 7.354259346566051
33 8.636981017843665
34 8.830578235020903
35 7.989394933404625
36 12.88410889634263
37 11.837133999494922
38 11.052491030384223
39 10.443004256113948
40 14.937342319584422
41 14.41416366145285
42 12.91711063911397
43 12.10890168296375
44 13.813334555635155
45 14.218996449345779
46 10.509883565841944
47 10.882212569162416
48 8.795007587067827
49 13.389647459427268
50 11.771945665429635
51 13.572727245539157
52 18.466704272634466
53 14.080618716556607
54 12.871103618928522
55 14.079388822614536
56 12.504066852331222
57 13.327877827778025
58 16.44444599542277
59 16.724833912024465
60 18.403166178372057
61 19.147104490148934
62 15.436749813275712
63 12.797734434087902
64 11.259950238630143
65 18.976766030429793
66 19.858097947208513
67 15.947657361223305
68 14.905355303917908
69 10.850663030210965
70 11.392926702610037
71 11.48857258695048
72 12.237784738498831
73 17.86959027461975
74 18.058954907293852
75 18.06953892717719
76 18.322946137886948
77 18.394811234653766
78 15.45331692356298
79 13.394660794161526
80 15.558849788027445
81 11.241914097549726
82 13.93632316951126
83 14.260301521619224
84 9.783269500134276
85 16.937755388377976
86 19.281560564380964
87 22.475987628302704
88 20.38674721083265
89 23.04803084371179
90 22.429067755037764
91 21.88185117636191
92 18.43595655458013
93 19.62537206301152
94 19.43388352296639
95 18.90663938431517
96 21.973372154084572
97 20.84709182634285
98 22.79543999742565
99 21.676725781434733
100 18.094488743917797
101 17.405913611092956
102 16.96834873318656
103 20.381333105700808
104 19.524128034024194
105 20.618373707404867
106 21.07195118986826
107 23.99958000833071
108 20.303318554908355
109 21.109285496175172
110 19.466874751429508
111 22.51841380768566
112 21.75522810976419
113 18.085335488080627
114 18.39719102417737
115 20.482783677289934
116 23.86718643192461
117 23.011326724398252
118 22.20780206707802
119 21.55155326389083
120 22.61769567467286
121 22.235666844635414
122 22.76088080709173
123 22.883061269988563
124 20.65009271570087
125 20.842363732680713
126 20.63811618020258
127 20.415419281354694
128 21.995975183325715
129 19.687690003740553
130 22.05653639402398
131 23.7278067777481
132 21.569058983746785
133 21.811488155432553
134 26.0700917213347
135 20.27543328316283
136 20.900436650017806
137 22.01525826554016
138 20.44070693495326
139 25.683096861871057
140 22.339919083718364
141 20.25138650932489
142 19.36427042909712
143 19.54305577840325
144 19.349666801044084
145 22.45350567573201
146 21.882449587329187
147 17.220979705520623
148 19.48858310785105
149 21.07467838787574
150 20.699379528072967
151 23.436161165511624
152 23.096524210838183
153 22.411731542943937
154 22.4115066195169
155 21.43117658173452
156 23.545908865338827
157 23.526021397161912
158 20.77532417833774
159 19.3094741563111
160 20.4785876090766
161 25.147742324941447
162 22.78270934583709
163 22.036679589539126
164 22.308313884138943
165 21.49461621262294
166 24.6462326351342
167 21.91170358652704
168 21.59192998905504
169 23.970770654947195
170 23.93613977807057
171 24.19742893281554
172 24.773629273221555
173 25.89586042365996
174 23.97550481834174
175 24.01641192346646
176 22.862557728338462
177 22.682587921035037
178 21.922958647225347
179 25.459591400124612
180 27.158823965623213
181 26.46324245481063
182 21.550178158614134
183 18.783545357100238
184 21.268698254271147
185 16.850397928368437
186 17.887771849534573
187 19.334507592724872
188 15.468647836001077
189 18.444924243643758
190 22.761854416524784
191 19.535845736790286
192 18.40499518973606
193 16.802974839416727
194 16.788440029627687
195 20.993754845460558
196 18.021081757581996
197 14.641692996676737
198 14.231468244702159
199 16.66100241744275
200 14.366872318502649
201 18.189936799784594
202 18.737846892093533
203 16.528428645347752
204 17.15666584423268
205 16.86729719430721
206 16.240932059658704
207 17.74126682668431
208 15.447681505788387
209 17.105463105766617
210 18.645848121262176
211 12.47980644755648
212 15.094238333737339
213 13.876620353298781
214 15.702098224151044
215 16.032670403279134
216 15.031666366765096
217 13.83823328048344
218 14.888487860236177
219 13.643091154200466
220 10.72925978478396
221 17.157855968760703
222 14.180669459157096
223 14.955835579168022
224 12.066635083594253
225 8.273651005183114
226 10.35904439455512
227 6.584727109298254
228 7.26943077352425
229 7.050975779360208
230 10.098855691157647
231 8.194669242416419
232 13.475498945792893
233 10.937461590903464
234 7.16542603363871
235 8.51081614498808
236 8.264371343464845
237 9.215537759673182
238 8.434266431581662
239 12.364041533733491
240 14.652803419666302
241 19.184501242944034
242 14.84003728567355
243 16.193409352028993
244 12.39295198899069
245 13.470045788931616
246 15.775677164380344
247 15.282743547817365
248 17.739070027037464
249 16.38564037986902
250 16.215263095305946
251 16.445269541718666
252 18.53997646298893
253 16.993345304115806
254 17.867969970253142
255 16.698440404550983
256 19.06502145426034
257 17.81517904197379
258 18.122274679458876
259 11.957315804088761
260 11.950906554209164
261 13.330349171199714
262 11.991653519310686
263 13.84114803157542
264 15.732844033524982
265 14.969138614589546
266 14.423041641973306
267 14.999541252732747
268 16.46954932848345
269 17.72072956224053
270 14.329453671053592
271 14.357232088331445
272 18.586379685157336
273 17.445736591627806
274 12.279045766544607
275 15.608322570806704
276 17.16941866581995
277 15.29034757095906
278 15.31581133892767
279 13.315838462748669
280 13.495307639241586
281 14.441841907584225
282 14.678165861795629
283 18.26704967856801
284 15.579102579005824
285 16.04949021670938
286 13.976719546089534
287 13.689243963406888
288 16.1306484113442
289 16.11217313942302
290 13.073767508048945
291 10.28973795948316
292 11.58121993361047
293 12.661478501987908
294 13.156289502603519
295 15.626300036718948
296 12.520928530092375
297 15.185614286326523
298 16.088516435215436
299 13.54446487600891
300 11.238317507700518
301 12.722802059060323
302 14.215727875823076
303 13.598514589304939
304 16.8602446726915
305 14.065025284337414
306 14.030225969071115
307 17.683787936440403
308 14.521112971580367
309 18.469561945444738
310 19.418016201299483
311 19.59079148373043
312 17.653315534987254
313 17.45158706853828
314 16.709263714087864
315 17.405849366199437
316 19.096076655479028
317 16.4084317030208
318 16.658813651393732
319 17.461491321405717
320 14.920698882728907
321 15.116501138651467
322 17.475156151991296
323 17.901410897150587
324 16.77029126878695
325 18.17970527433946
326 13.233590388515088
327 12.78288108277409
328 12.650134199713365
329 15.909630064947436
330 16.952461763458807
331 19.210006964153365
332 17.335675190706972
333 17.225021847184937
334 18.424508893447733
335 16.966222486591683
336 17.010755761196336
337 19.19545729860672
338 18.50746690838429
339 17.854594757506092
340 16.55572597464674
341 20.155220148929793
342 19.674074981008893
343 16.834285037627485
344 17.405572027498724
345 15.695318036586347
346 12.488039271054639
347 12.324890837801988
348 13.955790524879445
349 18.55792349742809
350 17.716632941772854
351 16.14929043116889
352 16.678174112077503
353 15.046866626488656
354 14.061927776331851
355 14.885594288312067
356 15.363887875560751
357 16.003196022621186
358 17.08197494878797
359 13.377701370600612
360 16.084519325183276
361 14.71439069665199
362 13.415529280050754
363 12.040403481304068
364 14.785705826292613
365 17.096049385007035
366 13.58000601798394
367 12.596095596558742
368 14.665476822606129
369 14.549819478390054
370 15.62710599551668
371 18.59989594135214
372 17.366550967959785
373 15.353405652799971
374 13.128145409811946
375 12.73950051310365
376 13.537676459700513
377 10.994775264210201
378 12.051555912584325
379 13.288818486537883
380 14.006779335122445
381 14.217765194537586
382 11.669632538574929
383 13.449957033791259
384 11.37345531108421
385 15.498513886598241
386 12.694994752647307
387 14.015823409830213
388 14.445587325703338
389 13.022197823732029
390 14.855458249219046
391 15.901827603833848
392 15.256313245791752
393 20.98493707997397
394 18.966150165440588
395 17.05275363474845
396 20.89001229569441
397 17.66451435513418
398 17.223706478800953
399 16.66518199139815
400 18.825198024046212
401 15.628614095731065
402 17.72812012874515
403 18.999762473005894
404 19.54933164936766
405 16.688931832008254
406 18.00138219821785
407 18.680846967024323
408 17.7936936274337
409 19.21648808983328
410 18.228660828952524
411 20.10892809122401
412 19.727477830495676
413 16.642735025663917
414 18.217976615930425
415 20.02203427530572
416 18.109098091549217
417 19.083732727990256
418 16.44593734746739
419 19.170438231502295
420 15.609740641442595
421 18.146937687916818
