0 2.7166079002218444
1 2.0526744394982446
2 4.821269579652877
3 3.010924930580667
4 3.977051803555198
5 3.4479698799732854
6 3.543970982668886
7 3.757239842680248
8 3.0085965608634457
9 4.480766591940407
10 4.748022574453202
11 5.017643646023173
12 3.795424580321764
13 2.238822854283799
14 2.5198956965354706
15 3.752246642927927
16 2.5177462084787092
17 3.102362742616325
18 4.296100588557634
19 3.878936477759937
20 3.2730863937754853
21 3.25210744361932
22 3.059828249360681
23 3.6979038734970193
24 3.2819382356360864
25 2.563503017772605
26 3.2847039903460815
27 4.573278450969084
28 4.094086069791598
29 2.932345020153522
30 4.121157762394372
31 2.341420215981785
32 3.8630190020631394
33 3.4103556475900985
34 3.1837902901610478
35 1.6950353794529827
36 1.8561974938237977
37 1.987409287055762
38 2.817845142011258
39 2.5761051780438557
40 2.8634633081715415
41 2.1245352163713744
42 3.695119803010906
43 2.981521256751539
44 2.2073967559665895
45 3.659598063178701
46 3.3435122133618047
47 1.5328158777622438
48 4.10398018515206
49 2.703003911815624
50 2.0993563497612477
51 1.7326921970524738
52 1.5104316577604908
53 3.0997593329291298
54 1.9177274597896021
55 2.4104889106995535
56 3.5781485422542367
57 3.0641714993160787
58 2.9544924240807364
59 2.184983756376514
60 2.3806411398752907
61 3.378591993245971
62 3.965415674826528
63 2.6389026856234934
64 4.228274597159043
65 3.126169654091557
66 4.106898987204246
67 3.7534444411661454
68 3.3426220864005343
69 4.502623541230871
70 3.6260064950914317
71 2.109275466801527
72 4.431605901917747
73 4.189589293633279
74 2.1967295953618513
75 2.1319322044114197
76 2.7871362327642157
77 2.9542917197484715
78 3.8090605283809404
79 2.729446600069725
80 3.7904485338406446
81 3.1863330594628216
82 3.2981896110851263
83 3.644846710905858
84 3.6355220366480854
85 3.137457936256541
86 1.7725474619081742
87 3.2017882977845726
88 1.6769764402620908
89 3.0392993459484785
90 0.9593234338889542
91 3.7554451032873466
92 2.8892439439492352
93 2.089270934928359
94 4.454284999693249
95 0.5428858105652513
96 2.1190444540536264
97 3.437934116938755
98 4.281159749704304
99 1.7926881476864274
100 2.5536540987079452
101 4.09732234753866
102 4.211096755683829
103 1.9611605094541593
104 0.5184114736849167
105 2.7666272263337306
106 4.540446238503166
107 2.374246978967771
108 2.9165596886060134
109 2.420608688666467
110 2.974566100439234
111 3.0786124320234394
112 3.9986810262561314
113 3.8011838306791725
114 2.9236371222667557
115 3.45748840547356
116 2.86817944360509
117 3.500525503785155
118 2.0460337578673387
119 2.2001911351264427
120 2.1125498503994984
121 3.114115776695255
122 3.4518912525337893
123 3.2059050695133653
124 4.444403574008524
125 3.293637725537028
126 4.2155119137843515
127 4.455729018825887
128 4.069178930478726
129 5.054662750598797
130 4.522193274067662
131 2.2837415734684154
132 0.5703072559752583
133 1.4937036102828922
134 1.3257558722817198
135 2.869359908629768
136 5.153614360681765
137 4.896429932291658
138 3.371130747424938
139 3.097329522882058
140 2.775861501637289
141 2.9796145074273523
142 3.87246015774198
143 4.195815341093146
144 4.141162031473719
145 2.4719610872444684
146 3.8453417107747123
147 4.081733142399545
148 2.3164314408159905
149 2.4075390685346245
150 3.3057742479810996
151 1.2763414181691661
152 3.7012628386563553
153 2.719449686423493
154 0.7673831228836134
155 2.6323137752527237
156 0.9978593105307467
157 1.972079431061265
158 0.908913068118082
159 2.388587695104171
160 2.763660511790416
161 2.4861427582204327
162 1.272999843873771
163 2.916769174949783
164 3.1508791431792913
165 2.3377071272276004
166 0.5518386050179587
167 2.463313574029636
168 1.1426962930108233
169 1.1307954379165235
170 0.5045036664352475
171 1.7893650159380743
172 1.2205407860733584
173 0.5322837128085076
174 1.1531828225698004
175 0.4755029891291033
176 3.173769636087567
177 1.4418475934857695
178 0.7290087067141048
179 1.77539904608694
180 1.4787286304646146
181 0.8720225443737913
182 2.6140250141368115
183 1.0443309510517567
184 0.7491640263551268
185 0.9636646322458016
186 1.8664478956582917
187 2.147494735566288
188 3.0645743379658303
189 1.7208196545144174
190 2.9949714101445113
191 3.409202826389402
192 3.22865496793298
193 1.375180547156786
194 0.6337580754053384
195 1.8962408696682633
196 2.310202393696674
197 2.2868515532812803
198 2.46988287039604
199 2.2571408580280834
200 1.9392334050216413
201 1.713868280371818
202 1.4933558768023776
203 1.2207615086337182
204 2.397270550810471
205 3.4663078074935525
206 2.347150015438849
207 1.250859633021743
208 0.5197598833717124
209 2.331102536108819
210 1.047448937115428
211 2.1793455017709737
212 1.7884954182342137
213 4.56785519676283
214 2.169229736153495
215 3.5585834059255452
216 2.9611620519411592
217 3.3614039509862628
218 2.2763818504325437
219 2.6459674462333873
220 2.8382603810107634
221 1.3781432327791383
222 1.5525280667766592
223 4.615799852929339
224 3.1971692241260934
225 1.7602126095962916
226 1.0001735032781371
227 0.7110215205410734
228 1.4766595234476605
229 2.034000162314449
230 3.107899622410683
231 1.3926941534271895
232 2.3099969313688886
233 2.0286045582102123
234 1.771606924078223
235 1.311724857367578
236 1.817615010885271
237 1.0630360001902486
238 2.4636443605535554
239 1.9036097682692714
240 1.378593998905679
241 0.44547848282283864
242 0.872196392197673
243 1.4876909558719675
244 2.9928477227954917
245 1.5897830794318248
246 1.1621750743558312
247 1.4305587471812529
248 3.091508792484165
249 0.832857244622862
250 1.083272736899828
251 1.7975745162765022
252 2.0081072311010617
253 2.294167235117194
254 0.44274621203995684
255 1.7079442144426291
256 1.827715267066093
257 1.665128672504029
258 0.8066121091505956
259 1.217764910086936
260 0.9936957793219247
261 0.670767078272666
262 2.9597338478843214
263 0.9479457115919296
264 0.7447964255156287
265 2.27228564728882
266 1.9731312012221975
267 2.768633533693829
268 1.7605986093193033
269 1.3080044622837583
270 3.6056818976732723
271 6.180777652572379
272 3.4909814655594995
273 3.4674990817134974
274 4.552232503538354
275 4.169151370585408
276 4.1017447871474255
277 4.510100229693789
278 5.520895536042364
279 3.7411526581941965
280 4.298628170702364
281 4.843679106261056
282 4.991763278132005
283 4.593547078110907
284 4.3580331491932744
285 3.610390220848821
286 2.5418533512021098
287 2.6069745225251664
288 3.912110350868256
289 2.9205542554898143
290 3.4093474441439957
291 3.1927788019447085
292 1.8590107564672802
293 1.602568481524379
294 2.440296155063292
295 2.9315834826066998
296 3.9641992189521247
297 3.5276798843364574
298 4.311482892540973
299 5.281823288018008
300 4.494201149274393
301 3.1439233081207627
302 2.629460409615639
303 4.811564166700715
304 3.7903123331896587
305 3.7891178259303415
306 4.343702137696878
307 4.050790480202637
308 2.4866950968233668
309 4.343622716846912
310 4.676278491710533
311 5.162027799456649
312 4.5504217037260455
313 3.6830203459336763
314 3.128493664438742
315 3.026305206836592
316 2.8156836583647467
317 4.395285521409072
318 2.9675119992665584
319 5.380494568165983
320 4.714534172174197
321 3.6662521015761746
322 4.197299385896144
323 4.002938864935519
324 2.391594256655949
325 2.1722165792421912
326 4.026979951448456
327 3.6537955570360365
328 4.140522885380472
329 4.296571412878976
330 6.633789048470265
331 1.0815836653595536
332 2.055839818557022
333 2.4130375360603975
334 2.689559015861288
335 2.436628706870807
336 3.3054281969451345
337 2.0453075634901747
338 2.479177929431939
339 0.646026431081788
340 2.5495742274733866
341 1.2729675117977906
342 3.565002383681574
343 3.2178347602610087
344 2.64702394409443
345 2.6831400083502612
346 2.579389170823485
347 2.156393293093472
348 1.014260042460518
349 1.9481153818241153
350 3.689749311678843
351 1.9494240524674737
352 2.359936352587252
353 4.192637912976042
354 2.975109900947279
355 1.3717665102838337
356 2.1814771244303626
357 2.834734834555338
358 1.792768201913101
359 3.434114278593635
360 0.9989242558491211
361 1.994804682225004
362 2.190951898748148
363 4.061682700904833
364 2.646907589546258
365 2.6869501310470945
366 2.003022545122489
367 3.034065572099334
368 2.8390376530284374
369 3.4184685500997394
370 2.0488591424069647
371 0.7287998085003864
372 2.55006554847646
373 3.8091538294472356
374 2.6218214345138535
375 1.6259439242671758
376 2.150287325870357
377 4.1762131582655915
378 4.325069481047263
379 3.138616815687925
380 2.4589322340761033
381 3.90776667902492
382 4.311811577287145
383 3.922224251126029
384 4.081038104562077
385 4.512563038368899
386 3.933692328219612
387 3.207137188788464
388 5.737580215129332
389 3.182234433390396
390 4.610850811069041
391 2.9973984610825397
392 3.7203927651003412
393 3.11334238366243
394 4.28016965982083
395 4.26973218480429
396 4.284817014580374
397 2.398947222940832
398 1.9441003207387082
399 2.1910896658523713
400 1.5953997939187285
401 1.0797921704870463
402 1.5194869666521786
403 1.597333572063458
404 2.689275363731019
405 2.4802966826260926
406 2.256041028527293
407 0.8408757927431539
408 2.0586656278504605
409 1.0798842196509877
410 1.841970232425953
411 2.3937105652934507
412 1.4503982121831183
413 1.781418449989754
414 0.49600688944781934
415 2.251724345144832
416 1.066701712345037
417 1.9587823384998586
418 2.9935278401922267
419 1.1542313376215256
420 3.4450018202636987
421 2.22429988082188
