0 6.6970462197466665
1 11.818597061435115
2 12.144637835724334
3 11.429962124772432
4 8.307348859964856
5 12.206585753188287
6 11.28927583244522
7 13.52215704747031
8 11.255128943973073
9 13.51537825163638
10 16.76811054685412
11 10.13986673463076
12 11.125745497754759
13 10.815572240381607
14 11.694520443165192
15 12.073807153334297
16 11.53811687356672
17 14.20767775461966
18 8.649578902710433
19 13.324258256210657
20 11.036464024459857
21 15.7813483715859
22 16.318727315555073
23 17.403371718728856
24 15.935711654901022
25 13.800615004091718
26 14.900962424318353
27 19.393931105397865
28 18.97973424841857
29 16.067403763329814
30 10.896030114473106
31 10.194473569532331
32 9.782645713423573
33 9.561329736932187
34 11.862419840236253
35 9.524285804016074
36 13.628034337766575
37 13.35490218620772
38 13.789721810846126
39 11.913102652938532
40 18.325122282352712
41 17.362109376008462
42 16.20591858588392
43 15.115201560666486
44 15.784368439153688
45 18.450308962383136
46 13.951478884423656
47 12.990881810256928
48 12.027583217714785
49 15.741200911160314
50 14.419104571909038
51 15.558385634795016
52 18.63745142841858
53 16.069449610081723
54 15.503386773962863
55 17.45416261273968
56 15.582644157142896
57 15.255038834406704
58 18.979163936165694
59 18.68535273577954
60 20.768424599276585
61 22.130700174936806
62 18.53706795308228
63 14.542885862580102
64 14.607570570476947
65 19.774415248844804
66 20.98329173982801
67 20.00665964667982
68 18.07117601880962
69 14.620431480042779
70 15.363162633628225
71 13.626634681175931
72 16.2357136233979
73 18.87422920478364
74 19.977328925495392
75 18.8325552818161
76 19.378082914868518
77 18.78094221652489
78 18.98702241113941
79 15.776217781774635
80 18.654732608994596
81 14.210619245349026
82 16.784048671154633
83 16.32325342151088
84 12.950232529995592
85 19.501597155002543
86 20.935526528818936
87 25.945527896514328
88 22.847770548557097
89 25.927280538918815
90 23.058155099112753
91 24.136222822909765
92 20.958946334882093
93 21.25493307591224
94 23.8858402310127
95 20.655710785066248
96 24.24013766690751
97 24.801834339537084
98 23.322026441582103
99 23.28419689422061
100 20.90101280049667
101 21.784040134842865
102 19.612590350506615
103 21.856403119966565
104 20.903235054386734
105 23.530407069863458
106 24.418418079136995
107 26.35188931856363
108 22.887290483241728
109 22.50052173164115
110 22.031775022499236
111 25.2468982396925
112 24.764722978302512
113 22.412777064304784
114 20.928731889516893
115 23.420524504659493
116 25.01271487961438
117 23.99638123757355
118 22.82433632606909
119 24.567829440778407
120 24.64136769134773
121 24.205757289892063
122 25.22368329675544
123 25.06491702635038
124 23.27733331429359
125 24.57251073216706
126 24.296454461734545
127 24.87645957811961
128 23.27706967377239
129 24.13280019545587
130 22.874649272586026
131 25.167243170970824
132 21.40169941819265
133 21.91078067329196
134 25.929438713149292
135 22.794784415299066
136 24.111307744220884
137 24.228594648923636
138 21.92174238161626
139 28.05687197326769
140 22.385029489016993
141 24.760821225316715
142 23.347639052073802
143 21.612892292585315
144 23.108206601413734
145 25.401883225800287
146 24.703168604009765
147 22.37121905196865
148 21.664769424534654
149 21.79899618305648
150 23.374367094930474
151 24.489550565613815
152 22.557040687066362
153 21.964479598054638
154 21.9314963208941
155 24.735945047121405
156 22.648298230495946
157 22.108883289219694
158 21.81344432032375
159 22.630230419141856
160 23.07935815991524
161 26.451106235901932
162 24.333998472937854
163 22.71738032134509
164 24.56545597421476
165 23.909737508362443
166 25.320053206654265
167 24.92677158320262
168 23.18977894272557
169 23.236268391802863
170 24.51246326069102
171 26.614198271605105
172 25.829077808677777
173 25.82954627968226
174 23.54267571730743
175 24.472301453452282
176 21.96219746342055
177 23.539240758620007
178 22.69290468161646
179 26.813452651379713
180 27.75859366579497
181 27.033919613768045
182 23.463636411850565
183 19.785036130460696
184 21.039928244676663
185 17.65048710000963
186 19.547536861037393
187 19.92129670458632
188 17.73719672349891
189 19.099565814603487
190 23.35433415646472
191 21.109726899328937
192 19.161581965540275
193 17.466751434840702
194 16.584480464037707
195 20.316251956393035
196 19.03172493656963
197 14.838993364628088
198 15.727852950039997
199 16.91606969968417
200 17.74483413475478
201 19.766097922505512
202 19.67705448777254
203 17.840570489176756
204 17.893889340663982
205 20.341112194348728
206 17.144845798159825
207 18.561430685558147
208 16.085220490527032
209 18.12810316140749
210 19.5782882542512
211 15.706642147876716
212 16.402313016492315
213 19.046034989143266
214 17.939607299496448
215 16.447744087760764
216 17.294633488103837
217 14.985314307397239
218 16.99284360915519
219 16.953314173289655
220 13.373372681910023
221 18.06383399283722
222 13.551167746517295
223 17.98610633169098
224 13.948846805768335
225 11.028918482468617
226 10.078553994722785
227 6.600343530241256
228 8.836861909026664
229 9.830773083254915
230 11.315549988087048
231 9.665457769641083
232 15.161737147470166
233 10.404780119466583
234 8.537099537086597
235 9.729726769918992
236 10.602966471702027
237 10.244525523294206
238 11.19622364867747
239 13.523946011956285
240 16.477409968201208
241 19.357993459949526
242 16.04980470022536
243 17.397551196479295
244 15.075282191378111
245 13.670209981321765
246 15.317446722319277
247 14.206739934946903
248 16.81217217244045
249 17.02805250950215
250 16.279311865045724
251 18.264868256785814
252 18.78796184324499
253 16.84454685527234
254 17.613484310134602
255 18.84279822964997
256 21.10156949732348
257 18.941723518262584
258 18.591557320076994
259 12.388256017077842
260 12.907975185521567
261 13.583945209518168
262 14.827234048729972
263 14.841978337822567
264 16.675697597405698
265 15.941150082448184
266 16.334849140041946
267 15.715893536309549
268 14.977183060723217
269 17.893080743482102
270 18.10963303746467
271 15.93823246316377
272 22.215855259913354
273 19.79789497378496
274 17.102419582821046
275 20.326592934686126
276 21.516069163581548
277 18.5328020268743
278 19.026267735333402
279 16.528923613782684
280 17.888082077034596
281 17.70229340342729
282 18.131127589005132
283 21.134229854813423
284 18.957776610281723
285 17.193130040098755
286 16.116596506832764
287 16.75430188221581
288 19.22183276428881
289 18.222397429562985
290 16.917135711163116
291 13.136857484137833
292 14.63613951511865
293 14.63239726261352
294 13.890723818989875
295 18.95577884671716
296 16.05600335253354
297 17.759906498262787
298 18.178132555859072
299 18.211611568197856
300 15.437654824778459
301 15.65741251192058
302 16.892107846558666
303 18.22553485794475
304 20.19791350811816
305 17.606024469006314
306 17.73442126989464
307 19.804301101178552
308 17.66737105083925
309 20.045340225455263
310 19.516245356255887
311 21.497534695754297
312 19.064445816611002
313 17.762836148853673
314 18.96127737163464
315 18.641567806814997
316 20.726038871361443
317 18.558611612788706
318 18.077255185801228
319 20.476718895146423
320 20.02184426796492
321 18.167528219974397
322 18.151296088502118
323 20.385471582014763
324 19.27747661100826
325 18.472837840648136
326 15.358064923701384
327 15.430163806580742
328 13.666084654139114
329 17.729482711415027
330 17.88757657649242
331 20.215497359864536
332 18.110135467406266
333 17.973505995662077
334 18.13066386660546
335 17.48197309231346
336 17.244567034199118
337 19.25204245927829
338 17.96738241881604
339 18.06420276753761
340 16.83507427495294
341 20.68710273205089
342 22.21786593642457
343 19.261584137945203
344 17.734351495251158
345 18.165417928165112
346 15.663227985638189
347 13.429778110861447
348 14.005331881376087
349 20.209006256841302
350 21.203604588720697
351 17.410186872422834
352 18.548692349709725
353 19.292632619974743
354 16.781106198402046
355 15.765270791219463
356 15.265711310479272
357 17.12631973204941
358 18.79185379262585
359 14.570416582189855
360 17.13340710918752
361 13.740977116715147
362 15.76465023211045
363 14.403269530443268
364 13.745021038294395
365 16.2381062139638
366 15.825845882681056
367 15.101380787278357
368 17.572104786149723
369 17.141387323845823
370 15.704931743219253
371 19.843984044975738
372 17.10022987056384
373 16.353744814874602
374 15.287642600185348
375 13.515494073363014
376 15.825592814126612
377 15.440860145139322
378 16.341807896033835
379 15.096128142677857
380 16.00652417113483
381 18.31367905656224
382 15.867764714371646
383 15.651868298870053
384 16.3686474106021
385 17.698530814377147
386 16.12568353434177
387 16.177001508301927
388 17.031025527945864
389 16.6886470505566
390 17.311333552535473
391 17.638652761760827
392 17.429840983217964
393 20.103062892639645
394 21.03779878754063
395 19.838641544925906
396 24.232394043007705
397 19.148506337508305
398 18.5871647044073
399 19.27092399471645
400 18.17551211921692
401 16.20858582033561
402 18.3744113839419
403 19.1542888307067
404 20.578693583865476
405 18.626781083285483
406 17.781773932782915
407 19.141183614233263
408 17.825232770374484
409 18.999488497376262
410 18.007348842783124
411 19.154011103554065
412 19.424939994806792
413 19.21234779965084
414 18.764384161629476
415 20.69895704497308
416 19.061982055246535
417 21.360068162100895
418 19.38326812145952
419 20.755068090178185
420 19.778284433176317
421 20.423131814352885
