0 4.745051998878575
1 4.842189861555267
2 4.397099267713229
3 3.86002688992805
4 4.384302782637114
5 4.137742434871251
6 3.6980673820770873
7 4.575467456579897
8 4.7695180092964975
9 4.665629127449144
10 4.610293299107176
11 5.157172201188801
12 4.602750029886565
13 4.2053064777335445
14 4.571236032557876
15 4.156848522963942
16 3.848881371402602
17 6.238869928303356
18 6.685245439569356
19 3.6063691918295206
20 5.042875173978527
21 5.579695785034388
22 4.3248462595304344
23 3.432156075693739
24 4.797206599051844
25 4.50512961535461
26 6.385771422063175
27 7.1611788169934
28 4.2316199916926465
29 4.02747905628207
30 4.678150672541312
31 4.280793888028489
32 5.825119288269543
33 4.577663400397921
34 5.091845910648447
35 7.384810411368509
36 6.929568708149625
37 6.553816320641283
38 5.865882663146579
39 3.483805118311627
40 4.548558745750237
41 5.348773991015907
42 5.579229138711922
43 5.063536442370946
44 7.017491738527929
45 4.364961509487663
46 4.713778284330304
47 4.7003935874436245
48 3.4873484564008104
49 4.7562294005020815
50 3.717903230607642
51 5.328235099246768
52 8.514669216900884
53 9.433735288867766
54 9.598586984716968
55 5.027465791069898
56 8.486211631861398
57 8.590283879682339
58 8.281508044983712
59 9.287500650575607
60 11.146853892983797
61 7.926600323934351
62 8.932105121977079
63 11.605429656948193
64 9.888279490865393
65 8.325687976310043
66 9.16575334834258
67 9.83990510493972
68 8.511365938152336
69 10.718684218266617
70 6.607464124409392
71 12.307798197242743
72 10.892133256538063
73 11.007019689915364
74 7.843094293673451
75 8.342114395568224
76 10.291425703284382
77 10.697800384343893
78 9.76957218963594
79 10.679239339299526
80 8.962658167601287
81 9.78013189794335
82 9.633429162894792
83 9.427863131674767
84 7.559858307588119
85 13.029213061298172
86 13.22156460619725
87 8.755556032129892
88 8.515285883746193
89 6.792591096437273
90 8.222515661155274
91 9.204510671821009
92 11.484693248219822
93 11.21813669939782
94 11.60743750717985
95 4.324466186222139
96 7.90824477964912
97 9.478268762771918
98 9.745096711787937
99 8.339910574153237
100 10.460416310408759
101 10.405634418746727
102 14.002189546718755
103 9.198309447664535
104 12.177719286751783
105 10.99664861608218
106 7.886672007356002
107 5.946435676580313
108 8.623927627414051
109 7.528490342053748
110 11.961918049870873
111 9.590838946564016
112 9.789068181285323
113 12.628779709759483
114 8.171693382704746
115 9.366694093717152
116 7.698627812556065
117 12.835422919028247
118 10.003250234886261
119 9.47754346129721
120 7.219073247865117
121 6.41767935355094
122 10.517767002616266
123 7.404464598310186
124 10.297732511346878
125 11.090643536791438
126 8.7791436684544
127 9.078353111919455
128 7.667261678704865
129 6.336482646796392
130 11.234672548338576
131 6.597561396496841
132 8.877187816742794
133 9.869803229351085
134 7.512714882847944
135 7.487282548513084
136 9.635915802040696
137 7.803466426279309
138 8.828956211182717
139 7.967389114014062
140 9.016923353588753
141 8.355918187346411
142 9.432604848236055
143 5.93859158353406
144 7.5691049069573415
145 9.364919317258924
146 7.43113373163748
147 9.343807265109206
148 6.812842368850058
149 8.400813453212256
150 7.6302603654420755
151 6.980335839001317
152 7.994912038638675
153 5.555121897414348
154 10.212843935179961
155 6.479162582907522
156 9.557019979603805
157 9.602859195653512
158 7.218979546229667
159 6.546665532371248
160 6.7614053117964446
161 6.450689114654225
162 6.813324162701384
163 7.300534467411004
164 6.500225776046597
165 7.209696226382938
166 10.624092633796652
167 6.166965867824725
168 6.167828885917675
169 10.232741351434179
170 10.428749556778104
171 10.758760929417825
172 11.940994740629552
173 8.95599494322363
174 9.743569337299228
175 9.00760808766674
176 10.307084468473194
177 9.933729744272686
178 9.23712560922778
179 11.190704462352214
180 7.108814499671136
181 11.942620878083368
182 10.05490400987065
183 12.225800949380139
184 11.422929970701956
185 10.985852613513012
186 10.474126158201008
187 11.46183821730836
188 9.828920004306998
189 11.043646622166621
190 10.72547407199684
191 10.079458042337864
192 12.242452766643327
193 8.118443444651936
194 11.215467254905844
195 10.428551544267554
196 10.25391942584737
197 10.458444775800942
198 8.603799887651785
199 10.356255358045383
200 9.384827911861848
201 11.250522825724696
202 9.16449342729826
203 6.785120872914047
204 4.6073441120351974
205 11.29371538857443
206 11.552331641901151
207 5.75199650575942
208 9.437049387682102
209 7.130206582738895
210 8.321086630031738
211 8.992206645799408
212 6.380194560573493
213 10.056229671632693
214 10.78835472055699
215 9.635771395721788
216 10.103642379762459
217 11.203911516447107
218 11.250792696708878
219 9.741389340631258
220 9.158450341515142
221 11.375683830579801
222 10.57709287274589
223 9.137019200577628
224 8.443223486141937
225 12.134825184595883
226 8.478333250596664
227 8.998555893541475
228 8.387484454822374
229 8.61064714539474
230 6.23661330566037
231 7.6224705323751545
232 7.150088216666853
233 6.093233652794325
234 8.96930878833969
235 10.484088782816002
236 10.542655887156691
237 10.55051274419408
238 13.01536300000456
239 8.79895556415764
240 13.475757857822666
241 10.1792970685068
242 10.412030078393155
243 5.677824389173796
244 10.146552881670576
245 9.596840402539843
246 8.698580922930692
247 8.927394880629544
248 6.9657508863872675
249 10.757200685104253
250 10.937516772558725
251 12.103261451928754
252 12.879641809895974
253 10.502980296061173
254 10.733983460155686
255 10.93633673578655
256 9.778981005861084
257 10.43862916674181
258 9.74961003069973
259 8.812475794594844
260 11.111100969729163
261 9.76119118821151
262 7.760372996041149
263 8.282591999067703
264 8.75434316343109
265 5.821596989033378
266 7.291837172472745
267 7.268300897528215
268 8.035682827108607
269 10.004166605066615
270 10.93894229075382
271 11.371319487913429
272 11.502861862242906
273 8.882060191728034
274 8.794827485876556
275 8.81241454619329
276 14.732018565847383
277 14.342494725436858
278 8.949177456098127
279 10.70236438367685
280 9.206672901537742
281 12.640179834470377
282 11.030528722474166
283 8.22733931187204
284 10.922989860926739
285 9.030568398224364
286 6.513770318981109
287 7.10657472178443
288 5.470457583197015
289 7.324869091703047
290 4.096207694298332
291 6.9109558445195844
292 5.533223510041344
293 4.414181986726444
294 5.369293968583498
295 7.943266245635653
296 6.239622732454576
297 5.003248069854067
298 8.557459597861682
299 9.211263965700185
300 10.318166670114177
301 10.154764476862747
302 9.481788701848684
303 10.18264119309117
304 10.67770197223383
305 10.622073818245942
306 10.133501374281773
307 9.188411530812955
308 10.106560883465669
309 12.531806649062865
310 12.9065753358229
311 12.7813978233827
312 12.969235288621773
313 10.484990951794511
314 13.537652282077557
315 11.455835692170798
316 10.412328866625327
317 11.684917574072244
318 12.065706378406457
319 8.441907207118525
320 9.251555366058662
321 16.108933861937462
322 9.453285207898489
323 7.4186257743051085
324 10.178909241814717
325 10.898666626824884
326 10.25795159740175
327 9.11043272188517
328 9.301408662707992
329 5.517943336167993
330 3.9267418777922956
331 9.546237992458854
332 11.71775136281734
333 10.89905555024105
334 6.77233498981106
335 12.296092473370713
336 10.983553559357917
337 10.127932521287732
338 10.972587281630261
339 13.456804592064906
340 8.507531899302585
341 9.460696032712352
342 9.709321163626019
343 10.300984137607221
344 7.884010407805738
345 5.9210587261953735
346 4.294473654472232
347 6.87549429348005
348 5.096596913158869
349 4.53362882200635
350 4.617964557902305
351 3.862305381103426
352 8.349132372784418
353 4.997388767244236
354 6.331699327322135
355 9.266770393008569
356 16.22444163319738
357 14.960952760414324
358 14.573608467430399
359 15.113191469730204
360 11.602751421247788
361 9.121978748255186
362 8.831132379515045
363 14.901493560913957
364 12.643715372497661
365 18.306594451005015
366 16.26623983180889
367 11.019391274922453
368 12.538237692336576
369 14.581613896441512
370 12.342491626440143
371 9.566241321778362
372 10.604023008963303
373 10.142237239887605
374 12.780398679195642
375 11.520003092451399
376 9.699837979473328
377 13.6808075468818
378 6.97562365394731
379 9.643205040587263
380 17.283450211335733
381 19.29868075860178
382 9.855567336598991
383 4.599355208386121
384 7.1915273047621735
385 11.23119670486964
386 14.420358302724082
387 9.903659156058058
388 10.587100064735397
389 9.541037283725322
390 7.612567124189499
391 8.445903512167149
392 9.519355738081
393 11.639748538097086
394 7.783887229083897
395 8.431142281730368
396 8.416856403310227
397 10.47676548787665
398 12.89788066341025
399 10.184659726668572
400 9.04460126512015
401 9.915048737302314
402 8.879984533767606
403 10.649942722911158
404 9.481822680332371
405 10.36128023273455
406 9.0998611504651
407 9.09378695383865
408 12.25465010139506
409 10.282434006871757
410 6.056942669989895
411 7.508770944895615
412 6.5352343517848075
413 8.91788341583401
414 8.76924203759653
415 10.46224081127255
416 9.0772337505031
417 9.962299780561962
418 11.2073051422898
419 11.399059086579992
420 10.20550954049251
421 10.621008118389325
