0 2.8450218343986955
1 5.070630964964582
2 4.828457965063087
3 6.254790288055446
4 5.946435792400147
5 5.931316035929213
6 5.740557955856915
7 5.146696405850797
8 7.155901331745009
9 11.94640145029757
10 8.192472875686757
11 7.830126074357367
12 7.314131861288493
13 9.674857020216436
14 9.150136132260098
15 10.047273769685921
16 10.07980229996208
17 6.437438896003849
18 7.594085913404309
19 7.354494603172052
20 7.438823975637798
21 7.7302002785108614
22 7.860676177306353
23 9.59017765868451
24 8.938892911148576
25 8.663537854793393
26 8.877229254467236
27 8.273313388970488
28 9.850937977187257
29 10.681093374409839
30 6.729893558172893
31 6.752496463607955
32 6.996369362734175
33 6.202798126100679
34 6.572867039659805
35 6.313367283342014
36 6.548596462320745
37 7.1524120353012055
38 7.138249209736972
39 7.588110773925667
40 7.668140966306122
41 7.126669938260994
42 6.959375257560419
43 7.431460138341427
44 7.056765385718667
45 7.123440741983965
46 8.656871998121066
47 6.520682758910074
48 6.385404651897716
49 6.445687067486306
50 6.253206929029725
51 6.520690943078326
52 12.244651769450412
53 9.40471248153619
54 10.333735928259816
55 11.843141255136294
56 11.202903725325761
57 10.348710327367398
58 9.655380899044447
59 6.481497027002777
60 8.309386721815766
61 7.8536931908954895
62 7.535129269539441
63 8.982925597466451
64 9.098677685624047
65 7.695451230600306
66 7.888979948378745
67 8.273096460354527
68 8.822702177026587
69 9.332766641905364
70 7.753979572781975
71 10.656835387024525
72 10.321774660358232
73 8.378007640797465
74 8.950137550571876
75 7.823227602828593
76 6.393793381641294
77 6.387345156095203
78 6.452458961897113
79 6.3827383285956465
80 6.011031799000597
81 7.208033096941226
82 6.525227810894301
83 6.741652756440731
84 6.886281018975099
85 6.209421663530662
86 5.763969349320557
87 6.16662450447917
88 6.70146851136016
89 5.928789500367465
90 6.944856928225999
91 9.264558675029326
92 8.88781198559151
93 6.820251234884223
94 8.626733638811379
95 8.388384206895333
96 7.217401688761964
97 8.202275622726795
98 10.752605671816662
99 9.758692689496458
100 9.128167012691849
101 11.139523221530945
102 10.101652139840217
103 9.712122603338035
104 9.23311349284962
105 7.10212196959776
106 5.779255578802546
107 6.528502056288718
108 8.07047015767509
109 5.360988385872956
110 4.750422062323769
111 5.219866860314939
112 5.236420820397243
113 7.375318123540689
114 10.4326207892616
115 7.032848256379105
116 7.401064922541059
117 8.545706288624318
118 7.54783489221587
119 6.43591499341685
120 7.301305887810013
121 8.569160616373912
122 8.288608412197672
123 9.024436647803473
124 9.629939977367592
125 7.984027194084321
126 8.291818542731447
127 7.802486431779616
128 9.063975542012619
129 8.123976537009936
130 9.201686114071435
131 10.119827425349365
132 8.086490401140832
133 10.560011377949257
134 7.947066656787632
135 9.646045146553394
136 6.750673340956454
137 10.45598806893502
138 7.871219155066346
139 10.369793638828972
140 9.415315884462366
141 8.29759863560752
142 10.199454516815248
143 9.551594320931123
144 7.860537304725119
145 7.2988332468990365
146 7.657898915144269
147 9.281219684069308
148 9.771785290319883
149 9.225401319421696
150 8.468597085944328
151 7.104034624779276
152 7.18721784731908
153 10.025072015412045
154 8.653124604227711
155 9.956646580730341
156 8.186930913168123
157 8.32310295040061
158 5.5773575026214415
159 5.476780770844973
160 5.514080721978675
161 5.487470550170723
162 4.549673657097977
163 5.420061400146581
164 7.628010145565324
165 5.488360329822551
166 6.1003859905119375
167 4.735877998913408
168 11.317992166482854
169 11.053931441985071
170 10.206171361391132
171 10.304571930053076
172 10.054758132876644
173 11.390422946492732
174 11.574628883986458
175 6.868340274755421
176 7.340698008884106
177 8.185673023105176
178 7.226766173377456
179 6.800495086304346
180 6.357427996468266
181 6.431057232799386
182 7.365154303871347
183 8.440238219652825
184 6.878389733771225
185 6.482000726687712
186 6.509510193311841
187 6.22657076699797
188 6.56467830803164
189 6.6916528338676775
190 6.0972574002235715
191 6.265117009102986
192 7.674225180150717
193 7.54204738719322
194 10.651758093355914
195 10.093534449297255
196 9.828220336584332
197 9.120494253554117
198 9.299686862539394
199 8.061727166114096
200 6.896166522718651
201 9.045650631341935
202 9.460385691426403
203 8.922017629721225
204 8.798820923772766
205 8.994547661087317
206 9.432943928127624
207 10.30392640502968
208 8.770487233696421
209 7.814894494209144
210 8.811731126055816
211 9.711999056505292
212 11.693182298744194
213 9.690805278441012
214 6.375614298091999
215 8.252862786407128
216 9.555579218561125
217 12.844027221546487
218 11.621789740054922
219 7.200338141362114
220 11.009871216924477
221 9.58353388614241
222 6.268670290959687
223 8.289881556380452
224 8.357383801137098
225 8.999556823025753
226 9.682987740444094
227 11.739375968617463
228 11.02104078886606
229 9.902430648811
230 8.385523437716422
231 9.954293675413414
232 8.40992671487127
233 6.745059056024863
234 8.863489869039915
235 9.712827464835362
236 11.195560712135151
237 6.549458796556875
238 9.78144511269385
239 13.098448140372332
240 11.436074958090108
241 10.326201792030483
242 7.288337784569758
243 10.01072579374686
244 6.1468826036274855
245 9.368390385987556
246 6.968059381359634
247 8.13472638477663
248 10.73034456295424
249 7.166063697640852
250 10.002892111303499
251 11.060782566593524
252 10.326599702662355
253 10.230097841728442
254 7.856269151441452
255 6.236352980846718
256 7.225984324142538
257 9.40356085850251
258 8.145330117064793
259 8.086256591026974
260 9.093078269812183
261 7.629598128712483
262 8.625918080484537
263 6.796706677223196
264 10.503436875369635
265 6.547691593988993
266 5.580152702820453
267 8.802612707626581
268 6.648466863308376
269 6.745371392800992
270 8.670379386021635
271 10.211344182882577
272 9.184601366095707
273 8.599830403979283
274 6.927956085590335
275 9.728795043547725
276 8.097328281192334
277 11.047088721569628
278 7.606714792566769
279 9.024904882477792
280 9.42523180439001
281 9.346896778777621
282 6.3327971621794035
283 7.056889869397183
284 7.27446285225469
285 5.912791632323962
286 6.803144236393794
287 8.433318314957184
288 7.524789891817995
289 7.237525851188864
290 8.025365161612669
291 8.736520748251131
292 6.37028068668666
293 7.785942972815648
294 8.872320974363925
295 8.892407946380292
296 5.806499190483385
297 5.945794217686192
298 8.537493597590737
299 10.650266570983831
300 8.402652860184784
301 6.432896284595369
302 6.201918019148568
303 8.620004540431115
304 6.318228656260353
305 7.452644998839083
306 9.10022527736788
307 8.346430489621406
308 8.540170574229638
309 8.296268933543056
310 8.08089577141314
311 9.389551578489197
312 10.760862205171476
313 5.451219342863176
314 11.418454303802756
315 8.360221805774168
316 9.03154946217609
317 8.453483112866857
318 8.497347020409482
319 6.593035925935683
320 6.262531651801076
321 5.010240162493549
322 6.539976559657294
323 8.28499429355332
324 7.542421378054615
325 7.169504533916037
326 5.442735742469538
327 7.620256549758156
328 8.4541468008268
329 7.086747356446283
330 7.768843186810346
331 7.634302639145745
332 8.657864931824404
333 8.187854296438768
334 7.1322461279827705
335 6.44889661963279
336 7.729926886296985
337 6.046535682868078
338 7.6071142583146
339 9.076685690774559
340 10.713024178427881
341 9.155588475038158
342 9.527124955999293
343 10.31327937103133
344 9.366114099308387
345 9.762838510355412
346 12.371266642888646
347 9.324831505318325
348 10.225864812744792
349 6.55233549098251
350 5.468352122580106
351 6.968788550626224
352 8.358476832656134
353 6.309625754780459
354 5.886273508608801
355 7.258467273503847
356 4.607481556797353
357 7.056103005944436
358 10.001657049162446
359 11.142202442090639
360 11.182259029568296
361 11.661044598753051
362 11.98276667431825
363 8.723701880947067
364 8.645045053687467
365 6.301199555677127
366 4.70298950099506
367 6.098482140519825
368 7.617611111550641
369 11.456986700417904
370 9.096720055804985
371 6.853379839611492
372 7.08320118722409
373 3.8036527308054184
374 3.5517431877188095
375 4.991341252842048
376 6.599832170166694
377 5.170697935451763
378 6.509797907416251
379 6.8382471648046605
380 5.739945526285333
381 7.060011348746164
382 6.092732952100542
383 4.325297554184049
384 7.257474523858352
385 5.307633539951357
386 4.989056252920663
387 3.76651912762132
388 5.08615775296796
389 4.427940497814653
390 6.1582707369240115
391 4.46992118767927
392 6.252849730114769
393 5.133128476310155
394 3.091758289090244
395 4.4964191249315215
396 3.7722153939414373
397 5.162888523550086
398 10.219166491052125
399 6.783943410182557
400 10.75446963343699
401 5.964104239462917
402 9.12394488759741
403 9.623829195327142
404 9.569935589311765
405 11.432071869153328
406 11.36378853825146
407 13.969309642955157
408 11.719204893566205
409 5.918485327068009
410 8.756174128634086
411 10.197614278803403
412 7.107214744818092
413 7.572068383228539
414 10.039717339898772
415 8.410350259016628
416 6.847774434925724
417 8.460947479151244
418 10.77890809460262
419 12.164146983692218
420 9.09826670575592
421 8.900248120104742
