0 2.8511780117461565
1 2.811351711186909
2 3.489583079231415
3 2.9548260714884558
4 3.0751424494342983
5 4.3621437230182165
6 3.8614755254268625
7 3.0712372936878873
8 3.9307503163701374
9 3.622402429370154
10 4.747430553824966
11 6.3605808105799175
12 6.382735637838546
13 5.401193483239218
14 3.9536437252031402
15 3.6065777412073095
16 3.484708637393549
17 5.519818828445499
18 6.104998530454318
19 3.752945634505351
20 4.783104500563855
21 5.230918194993616
22 4.13909429911561
23 3.7651292175201334
24 4.2813299077029985
25 3.6112878588329576
26 5.338136526109267
27 5.989164904057973
28 6.332741483476301
29 4.555052602423252
30 5.398101105000811
31 3.2796037139427936
32 5.029842342176847
33 4.047382416156925
34 5.335409658485428
35 5.5866361344288755
36 6.0511488639785815
37 6.179943907733877
38 4.105861865863451
39 4.5259475373075375
40 3.2511374881407598
41 6.153454569932653
42 7.577723327198959
43 4.598618795050204
44 5.980951793237727
45 3.4580177315909038
46 3.732143873802628
47 3.1090026580744894
48 3.300455257897543
49 4.188377215963602
50 3.7945881269593977
51 6.55711048940289
52 9.660439450460737
53 9.356633850025556
54 8.36022892067149
55 6.08921073988643
56 7.859395239264898
57 7.391638255917537
58 6.706427635175141
59 8.301119343820009
60 9.11632874317634
61 7.42030929679762
62 7.9447973917126795
63 9.995023789122808
64 8.202719555945919
65 7.242658167612899
66 8.282501048578599
67 8.518543240076783
68 7.530969934691999
69 8.998243238259242
70 5.92561287971408
71 10.713733621676905
72 9.434621201343163
73 9.62057740905304
74 5.658162967759362
75 8.39591551017489
76 9.318095996894268
77 8.47800647271032
78 11.008818207426007
79 8.525262963616695
80 6.776964171803529
81 7.596827222735705
82 7.807231647928078
83 7.86177410159101
84 5.915520017843937
85 11.088065712811296
86 11.686274785547665
87 6.904351603123114
88 6.785528312357894
89 5.120733103720696
90 6.76553763590564
91 9.156386546823557
92 9.469138439191555
93 9.875432692584697
94 9.838789768234468
95 5.321220464139885
96 6.029843242556107
97 7.612496352299984
98 9.019518618180985
99 6.345626816624031
100 8.420528445971684
101 9.792586967016808
102 11.74303458450023
103 8.042723483298584
104 10.020365598472159
105 11.490518778996755
106 5.856807687906889
107 6.617861481907454
108 6.534991357917326
109 7.852986393384934
110 12.569743389863218
111 10.540627340599473
112 7.653723450644013
113 10.80220887447511
114 6.122947461723628
115 7.3657564234231385
116 5.770864321003726
117 10.872881945355429
118 8.123516878421478
119 10.456817980547562
120 5.225677229809045
121 4.4981548262443125
122 9.960205448367823
123 6.192455781879986
124 9.987818391594494
125 9.70764761218624
126 9.41535536798323
127 7.518636096895092
128 8.419165792324216
129 4.959163771101945
130 9.422365177925382
131 4.8560190660982006
132 6.668537490774601
133 7.664307940828233
134 5.400611449837433
135 5.493247557646456
136 8.003084654359846
137 5.797419578962565
138 10.018946043860511
139 5.781927721976125
140 7.132466644324214
141 6.3932079992191415
142 7.25548875066337
143 7.064394963783081
144 5.480880068821555
145 7.493628886821602
146 5.373924974112495
147 7.22037065285905
148 7.404498772612641
149 6.271377905339268
150 5.506757827742891
151 5.808986069582185
152 8.261296563267162
153 7.58567642016082
154 8.354339725725817
155 5.735275322641018
156 9.897702015195007
157 9.908555126511155
158 6.886767792611252
159 5.424062584789731
160 6.885041389648517
161 5.9824924479182355
162 6.019376992256148
163 6.218850544797524
164 5.272086531255682
165 5.170667299380237
166 8.454635858026725
167 6.115749299469071
168 6.227245047572084
169 8.66497555157493
170 9.443760971573935
171 8.687371303019443
172 10.182731052015965
173 7.718361173478132
174 7.61668427863521
175 7.338257312752039
176 8.294044443586339
177 7.83921588779273
178 7.065696786734514
179 9.148465765272281
180 6.8796164204645915
181 10.611176662380366
182 7.971028742312418
183 10.209338375681707
184 9.240401033999246
185 10.606838015445875
186 8.363699520778997
187 9.606403765637117
188 7.861148831173072
189 10.120280115262782
190 9.162330114807995
191 9.707659483300398
192 9.98809813347487
193 6.1023726203740765
194 9.13210818398656
195 8.854524819197687
196 8.86600891667913
197 8.5597790779588
198 9.959360656880476
199 8.624467277860827
200 9.142892596149268
201 9.022421222300828
202 9.733027357847586
203 5.527398760202929
204 3.7155245691707277
205 9.497477668224734
206 9.425928340785303
207 5.902876215264187
208 8.053659972422846
209 7.6883938047111045
210 8.2178331754943
211 8.44599536680361
212 7.206345115113638
213 8.776878569379555
214 9.364148162311833
215 8.433046796055041
216 9.460410289050683
217 9.256586505285595
218 9.944840663747467
219 8.884944731297226
220 7.994704360099983
221 9.450438431371909
222 8.372255639856343
223 7.48063878546451
224 8.035229001096038
225 10.34900074635357
226 6.749912669558766
227 7.692679656978262
228 6.5100618336590115
229 6.758363512491358
230 4.022974928533556
231 7.270666304528824
232 5.557148043981081
233 4.064825734392363
234 8.427717280829365
235 11.100695475462693
236 8.512641767877087
237 8.89246983556366
238 12.239199691632969
239 8.153857561999397
240 11.994240799586205
241 9.147314855098367
242 8.35747504050194
243 3.498469513802795
244 8.054325345540875
245 8.510658902420275
246 9.775610961615532
247 9.531636775075201
248 7.141111392797701
249 11.602008138427456
250 8.793785939379102
251 9.952747416817857
252 10.914101431238702
253 8.601736025347122
254 8.655091704269886
255 9.056756816565418
256 8.56562981006414
257 8.343822646970656
258 7.689121381807881
259 6.74939992863996
260 8.90796450707455
261 10.287473410780468
262 5.704824030150305
263 6.315141120666884
264 6.674286944892012
265 3.9886313163681684
266 5.152756789977225
267 7.395062022704647
268 5.981087016231388
269 7.822543799085303
270 8.98096148341473
271 9.210070690457655
272 9.47199625849561
273 6.921390623175924
274 6.6097667571340875
275 7.296419111563209
276 12.519856694349834
277 12.4271642248683
278 6.860872306257577
279 9.14991979136824
280 8.294487831960355
281 10.815738636609717
282 11.528991857168368
283 6.330226192105981
284 8.768384494078845
285 7.735809859456979
286 5.117527860737986
287 7.2008756568603935
288 6.641281559331014
289 7.169188448562437
290 5.414979791665474
291 6.224771321298195
292 6.915264353526421
293 5.739247532613146
294 5.647827873802772
295 6.410522675095118
296 7.016279815248739
297 3.4571683764430285
298 6.969575500127583
299 8.757149890210712
300 8.564186497553392
301 7.985130926903063
302 8.239013421085422
303 7.938551685995147
304 9.568248275405589
305 8.839145709270648
306 8.02154269137338
307 10.336395846594886
308 10.41881960030103
309 10.816815653173292
310 13.75925737879954
311 10.741758039967742
312 13.719309838485467
313 9.329206202833975
314 11.557256454984252
315 10.782235776002096
316 9.541145324980228
317 9.816789718972133
318 10.018506977039518
319 8.415467043809096
320 8.167868527170274
321 14.085350021835772
322 9.166955633747882
323 6.807069436713046
324 8.391173588422928
325 8.904305711984907
326 11.460364092313347
327 8.449728474592906
328 10.54867440359342
329 5.917718889647286
330 5.483339268374657
331 8.997838985465705
332 9.559883113556474
333 9.066455159049234
334 7.352591474507048
335 10.607518832814424
336 11.22349568712222
337 11.114700904523618
338 12.015072690367935
339 13.638055960409073
340 8.582885474218475
341 7.789408961360775
342 8.408691115441831
343 9.224772480477785
344 6.044376713863995
345 6.026765516941889
346 5.249362709010391
347 5.131921044018725
348 5.942237511139114
349 5.750599702876787
350 3.9562334086484383
351 5.296365644923308
352 7.143179740602313
353 6.73432867325632
354 7.3264883657274655
355 7.531925810126964
356 14.07826711389584
357 13.221450433471707
358 14.693998864122815
359 14.400474652178573
360 12.21950483803669
361 8.68869286256864
362 7.603696301994261
363 13.310297303422312
364 11.510472685889022
365 16.43600397248403
366 14.472678254679739
367 9.900272123364303
368 13.556670470605312
369 12.81357849132128
370 12.752260197668777
371 7.505750913779939
372 8.943962982048296
373 9.81012217742687
374 10.574499845356373
375 9.48869841459706
376 10.444375330832615
377 12.958723059217576
378 8.167913708523782
379 8.296632309162709
380 16.495760550842462
381 20.18409421218277
382 9.51023761309996
383 6.093883364640608
384 5.549926988964361
385 9.285433156520616
386 14.406929667303137
387 7.81615432242241
388 9.11259920786666
389 8.823547979562756
390 8.633215866165594
391 6.49948879545108
392 8.697879729349435
393 9.850211326669713
394 8.375567316419984
395 7.375616749947149
396 8.082209078142846
397 8.558071848381113
398 11.424766774726256
399 8.39515709203892
400 9.539438024586111
401 10.674934587956917
402 6.805806509884528
403 8.414338119176508
404 7.766098213505697
405 8.911465951386612
406 7.443644382483675
407 9.748568179274539
408 11.451065644308168
409 9.449536210522965
410 4.428048631360138
411 6.49437836140593
412 5.00804028977598
413 7.520729078524336
414 7.3657091255656875
415 9.619735844984715
416 9.34790719483412
417 8.149238934581904
418 9.53161068384883
419 9.312572305779042
420 7.991928987987864
421 8.457432303041433
