0 4.740130584826278
1 4.609348837830494
2 5.3090571932883925
3 6.868398581045582
4 6.650330633442791
5 6.426240434651615
6 6.287933815191834
7 6.065912211025564
8 6.424992044149291
9 11.517687755479981
10 7.959723419521612
11 9.877796082266538
12 9.030065800580976
13 11.74319556811647
14 11.120939511239524
15 12.01215537440801
16 9.61587711719063
17 7.830925105519306
18 9.216958780166003
19 8.741315274374424
20 9.281079187646553
21 9.4070711362697
22 9.61981903066812
23 10.54804244542175
24 8.760628684716536
25 10.119702642549845
26 9.96713593018105
27 10.192219704202428
28 12.002391545011427
29 9.413705612934415
30 7.820571071959327
31 7.552958795044094
32 8.17854994769519
33 7.175144157867954
34 7.19501799229387
35 7.758588581997547
36 7.326097865054465
37 8.20544352239716
38 7.15227314302954
39 8.704099181894154
40 8.32963979744096
41 7.668390966785711
42 8.069883028867421
43 7.382696085147595
44 7.605487338641152
45 8.032755758646672
46 9.630784676198552
47 7.562347228650973
48 6.9861738566077625
49 7.205253430331843
50 7.548204373007684
51 7.426661668371077
52 11.402536247148989
53 11.132601980378215
54 12.217566657033732
55 13.75472658339273
56 12.916103191808329
57 12.436506216897227
58 11.88310173324071
59 8.089368940699405
60 9.973242914562105
61 8.647455132752457
62 8.658232876742202
63 10.856411304642272
64 8.693876300037019
65 9.636705231670211
66 9.573891259668356
67 8.263896849582125
68 10.905162368369373
69 11.354667380962672
70 9.346162120421821
71 10.006118396652472
72 12.373591176041185
73 10.23653876284593
74 10.49138000785245
75 6.95610606422781
76 6.884397969466298
77 7.497319549477325
78 7.017926329464907
79 7.261911968475367
80 7.4056808186737655
81 7.744953522081472
82 7.195946010682192
83 7.286601421949221
84 7.6166786728358815
85 7.384721665541197
86 7.526365636929517
87 7.42268196347972
88 6.856544185558434
89 7.892586316120122
90 7.571562948654723
91 9.564702224843419
92 8.91541097682661
93 8.450662929390928
94 10.318166770154907
95 10.330605691539688
96 8.788737458639249
97 10.16640559683138
98 8.986111790309737
99 8.253107238684537
100 11.065632572648667
101 11.86334623733531
102 10.666309853237573
103 11.292639889695284
104 11.325912785542693
105 8.194663706354294
106 7.514160435343663
107 8.704223760311729
108 10.167153967353528
109 7.011105885359587
110 4.713301382930435
111 7.2430429529097
112 6.861121532142464
113 9.285060966586128
114 10.575636298111458
115 9.167405609094907
116 6.781686978410186
117 10.758115523816775
118 9.687023182511133
119 8.613650160147813
120 8.741822745365765
121 7.873765896932827
122 9.819170429599762
123 10.285819590431029
124 11.55974876054629
125 9.096012924805528
126 8.47120988988068
127 9.239024710451247
128 10.16044459273679
129 9.415595214119596
130 10.837568674084737
131 9.531343791372521
132 10.093551183549419
133 9.768718535375116
134 9.358934791410027
135 11.014513412387736
136 6.857966632578138
137 12.314021429489529
138 8.99625005907077
139 9.191464278387583
140 11.210806517858638
141 10.250784420813904
142 12.320667237492254
143 11.577812254847247
144 9.57741864961111
145 8.118540706300854
146 8.746547130895278
147 11.331382626653975
148 10.225277606115622
149 11.26102166813494
150 9.954760216611612
151 8.587002110963365
152 9.155499629976681
153 11.003250803462782
154 10.461327424175588
155 12.137894212736086
156 10.149001201843824
157 10.413604363136068
158 6.663568331970144
159 6.285270610034524
160 7.070529303119071
161 7.129840118521853
162 5.7519047988149525
163 7.244788368828444
164 6.599061950564362
165 7.270415273533509
166 8.134211265451716
167 5.666370287916181
168 13.448175192935544
169 12.955317669240943
170 10.539839579395522
171 11.833560234425166
172 11.739813453603348
173 12.11074739742682
174 11.356985657920902
175 7.434337231332608
176 6.675648957722061
177 8.494806028635278
178 7.840537580830139
179 7.568040451173236
180 7.412185518269315
181 7.084954328457987
182 7.799790950777169
183 6.302991991818668
184 7.292444124738523
185 6.970454584166554
186 6.920438302524668
187 6.838662744871394
188 7.7344211869082
189 7.4759758010315345
190 6.8990873672803446
191 7.312387777420382
192 6.769000839148619
193 8.126829438515468
194 9.56139592223084
195 10.38692317921243
196 11.768234798362297
197 9.929297053127359
198 11.377893869689062
199 9.839068325412612
200 8.162848239912124
201 11.052935845775487
202 10.704923070799277
203 9.660795985341522
204 8.345173103250124
205 11.08529389811912
206 10.999357453424633
207 11.1371906442556
208 10.895964617104855
209 9.466192659892036
210 10.99338359726388
211 11.577104406496074
212 13.052345141481528
213 11.040418839337296
214 8.496102101991207
215 9.85913059229563
216 11.712380821663753
217 12.567217690828178
218 12.91982379056755
219 9.350813918731173
220 10.503834814798521
221 11.445677482906492
222 6.403642769166895
223 10.468569738990196
224 10.201593717480321
225 10.98996707862845
226 11.351380855206424
227 12.010580715470086
228 10.744210930936102
229 11.987214584909973
230 10.61072920390967
231 11.148314325935534
232 10.193975930323765
233 8.899705519221175
234 10.73657349391465
235 10.395092056037484
236 10.65333028542465
237 8.80611043450643
238 9.495797644162682
239 12.608762690429389
240 10.554131033480656
241 12.491585720197145
242 9.512365648142254
243 12.204186253713988
244 6.872217242586496
245 10.273722971172035
246 9.109568813305293
247 9.836180884094288
248 10.325672530539395
249 9.347833420438176
250 12.132305876557433
251 10.625335633561495
252 12.536681151762254
253 9.132607756822225
254 9.184683523852968
255 6.880430122654732
256 7.512163846685891
257 10.38502949549076
258 9.427436174272525
259 10.138587147411705
260 11.089532789052162
261 9.243497453738334
262 7.048139257878961
263 7.964073729372341
264 10.180133333333025
265 8.327538588616274
266 7.513195726218837
267 10.55433942758116
268 8.623618193307175
269 8.548954372175762
270 9.949669978029826
271 9.255978673965041
272 7.751908777998958
273 9.8104882053892
274 8.589733163163652
275 10.60997678314808
276 9.03517473662407
277 12.504915107491303
278 9.291614406693192
279 10.785993185290259
280 10.318761293574111
281 10.829000438958069
282 5.6799712582246755
283 9.188682036567753
284 6.212900440983818
285 8.058267171069739
286 5.7734202364880804
287 7.435641295225448
288 7.11410414680461
289 9.131603837016511
290 6.849876257428439
291 7.483433661067796
292 8.426327449362239
293 7.411136094949676
294 10.129045014063461
295 10.23645233005626
296 7.535583335042795
297 7.114815784374812
298 9.052612537153934
299 11.87780122762715
300 9.516989697501243
301 8.334242163672405
302 7.355356829359962
303 7.177258017251144
304 5.966523549824954
305 8.421134582231678
306 9.914033808000159
307 8.40788201819769
308 6.742143500288477
309 9.471687449989963
310 9.62164669063338
311 10.133063918755488
312 12.13396070255724
313 7.088701242886558
314 10.649811368420629
315 10.164909731250491
316 10.454342394099548
317 9.416737784634446
318 9.371264372008497
319 7.929395789374768
320 7.87798929733892
321 6.928391007140395
322 7.755287864827653
323 9.707513022099068
324 8.405655408024291
325 8.593540170747575
326 7.477257583008212
327 8.03199184953753
328 9.239384154010143
329 8.764615217608517
330 9.389247288393339
331 9.614590621337403
332 10.080170388375437
333 7.470853706315057
334 8.02875463093201
335 7.953952002487248
336 9.290046648478382
337 7.597276406941311
338 8.874738629595601
339 11.202883203886097
340 12.857635085195728
341 11.386632543544986
342 11.699490732330652
343 10.168547938269993
344 11.327324673149889
345 11.845431199732477
346 11.422760115659859
347 11.373307911452406
348 11.57091508549945
349 7.937891765555814
350 6.320908601142921
351 8.33965176395641
352 7.599381881813042
353 7.87843100074253
354 7.543660606695457
355 8.803076893041858
356 5.212107354990501
357 5.870340370860099
358 12.056883597258652
359 13.091072782447004
360 13.32565037145675
361 12.615277841008092
362 13.280405583830287
363 10.1927998367035
364 10.723221186800012
365 5.5201815210016765
366 5.31666334346942
367 7.223266194608535
368 9.14500084009652
369 10.330579568675416
370 9.8983986894323
371 7.869574515797479
372 8.341426460515295
373 6.0097425738486345
374 4.973345611614967
375 5.047857060091822
376 7.40586284170465
377 7.230140386918164
378 5.285291821484577
379 5.613619680029338
380 5.7819854997776705
381 8.861517396944585
382 4.605140131772706
383 5.249722526057029
384 6.064244992005511
385 6.900098326330066
386 6.971019857782967
387 4.9206640526668375
388 7.127864315118709
389 4.60100702711577
390 6.993490052254357
391 6.168448454622662
392 5.04495959032835
393 7.02340839055055
394 4.588727458317916
395 6.422871553996283
396 5.670501634169115
397 6.492015191975611
398 10.822669667252388
399 6.7419341495799685
400 10.254270567388316
401 7.8568297602361366
402 8.22545170266015
403 10.329941450324062
404 10.419452898333306
405 10.668501114041776
406 12.193001176933473
407 13.417456031165733
408 10.781673717092628
409 8.011769335616465
410 10.598896142847632
411 12.28697185326119
412 7.102884080373298
413 9.13399814868064
414 9.72564482871847
415 8.788001376160768
416 7.90008833647037
417 9.725772342690005
418 9.25963854226418
419 10.863450581556219
420 9.900575664941714
421 11.088341552865767
