0 85.65366338202064
1 85.26223189390895
2 84.93236399312143
3 85.79611494841757
4 81.48074819478033
5 87.92085391994374
6 81.1149697719572
7 83.07087476541264
8 79.7690113238056
9 83.45842759970145
10 83.79894035147548
11 85.14629031880489
12 82.68891398793225
13 81.65915634240578
14 79.67515705243288
15 89.93691174449553
16 86.98304917170556
17 88.99512054508682
18 85.38901296925074
19 88.68224739943942
20 84.32764229510427
21 84.77857558237322
22 81.34149367564336
23 86.13149809110823
24 89.37560737071688
25 89.2225631204756
26 87.11945819909108
27 89.09677391972068
28 85.95352755981551
29 86.62117374062854
30 89.29212553475497
31 88.18756229266319
32 84.9822972507772
33 85.44030708179007
34 81.09157671394752
35 87.16809573547853
36 87.48691648916538
37 87.13553553272736
38 84.43917126277692
39 76.59172750098742
40 85.67382040032587
41 75.54291414056239
42 82.1861206796122
43 87.766844608189
44 80.4377420587998
45 86.42534682884728
46 89.34681250058334
47 78.93738497130546
48 80.80338964288984
49 85.95719153268927
50 87.02365764810767
51 84.63203779701946
52 89.46427892000543
53 86.31523169973876
54 88.759797129347
55 89.52384070107776
56 77.75528124487164
57 84.7937246118967
58 82.71877894487201
59 77.6771566485714
60 83.46276217546685
61 89.49347888140659
62 86.73940264927003
63 89.1285531898611
64 85.84027721840818
65 87.1936829008866
66 88.20702565965766
67 81.38190625572561
68 87.53050595632926
69 82.37961093548081
70 87.25237774364132
71 77.40851657598965
72 78.49144008340194
73 89.40261532195107
74 87.96699586093555
75 86.02292227049563
76 88.64907195278518
77 85.43971670042623
78 87.18444867325236
79 86.71518155822775
80 87.62665707109424
81 89.72635439167753
82 89.66221196748616
83 88.25814595920855
84 87.62637301744786
85 88.92809673000178
86 86.6210787677822
87 86.03075678016681
88 87.23182215532509
89 88.54431699245373
90 82.04833806690986
91 85.56346827793061
92 85.48004288677873
93 83.48322084755638
94 82.13572981820289
95 83.06530546671713
96 82.58597358433767
97 84.69724327185915
98 84.72800319168239
99 86.4769835265454
100 89.04914508310003
101 87.06580281651294
102 85.38573264565117
103 81.90742340902096
104 78.50691709150227
105 78.77283759093129
106 86.99590430709551
107 77.39551695631887
108 85.51962311823617
109 77.38898279534857
110 77.6977445270733
111 71.68226278501875
112 84.20361757098408
113 80.83151682922514
114 82.95710220009471
115 85.33432138727063
116 81.72761978671497
117 82.9481975913346
118 85.04264712298598
119 85.68557457733978
120 79.76813329676463
121 81.02800596128208
122 86.14985708748581
123 88.21914170923826
124 81.59578255363891
125 88.03180158955477
126 83.84118950500965
127 83.40668379476269
128 89.58818462834716
129 87.30433005422104
130 89.52094476015606
131 79.73848856954613
132 85.99612736668672
133 87.56031120217992
134 87.74541522099989
135 85.0511498719594
136 87.22912939054002
137 82.42231924506888
138 84.99069441463794
139 88.4232143371438
140 89.27498759223896
141 89.14104496268196
142 89.38456840623752
143 89.05105951086817
144 83.8764739456567
145 83.9846795199914
146 88.07480349744164
147 86.6691410573305
148 87.27766278343805
149 88.2554426207932
150 86.20876583642047
151 83.88749636410854
152 85.2744395239082
153 85.68697250036526
154 83.19928501540926
155 82.90841086609583
156 87.3344669723847
157 87.92029825063689
158 81.39476953336731
159 72.67174224275107
160 78.00089177347897
161 80.90118209961028
162 82.79322692468388
163 83.75526600657554
164 85.17852791183927
165 84.43606629104956
166 84.30593241578792
167 80.6992826470517
168 80.61730238057056
169 79.61174965222745
170 84.49377207582918
171 85.9451747625534
172 82.788708889686
173 82.59184915392363
174 81.23182894115035
175 81.88780437680263
176 85.34574016240946
177 86.55381921120227
178 78.5802358803992
179 81.3402864621389
180 87.6514691732047
181 79.52021905371163
182 80.64549341950715
183 77.54525166003545
184 81.21018975141403
185 74.26675476539597
186 83.16240214100812
187 77.99662438834298
188 80.62849388790326
189 77.13543320558165
190 82.21625219316121
191 82.69786449164266
192 82.62116341386555
193 80.50770912696129
194 85.6963127262696
195 83.28770097459287
196 89.96760405891784
197 84.81397691576133
198 85.21628571408424
199 80.89696835275245
200 78.9307622665923
201 86.5775334392839
202 84.18438337174936
203 85.59975312385197
204 84.2610020252466
205 88.6823374636531
206 85.05745550932834
207 85.35206213270267
208 85.3242230061949
209 83.90063322770604
210 83.74608559914718
211 86.88420206369219
212 82.98354705760033
213 86.4822697682441
214 84.80190872307804
215 89.6556027159034
216 88.54755392109523
217 87.50538508243731
218 80.94516294519495
219 84.19150756997045
220 84.13892811811982
221 87.70938061415929
222 87.18388669171512
223 89.11430260595186
224 84.78390968731313
225 87.78437983139604
226 85.93849072940596
227 86.24564471882232
228 80.80580712255426
229 83.08813029791276
230 85.20581266680834
231 81.4948072995393
232 81.49848922316441
233 83.90627950689796
234 77.90779640422255
235 84.62046838725439
236 84.87414022370628
237 86.21594314572462
238 89.60105059153102
239 87.16628498220985
240 77.6611403690015
241 86.1381414799852
242 88.25332121411965
243 84.88429757033987
244 86.1416560360718
245 89.00676303503086
246 82.7705897787018
247 82.81719101633026
248 85.12085889568053
249 87.57347920952152
250 86.22877517218508
251 81.00361959120664
252 89.92230948890305
253 88.92408345674912
254 88.13313361644036
255 79.45448978958864
256 83.44092185562619
257 83.08772169194998
258 89.71252778403212
259 80.82472726193681
260 88.3551564139859
261 85.53078130580724
262 83.60484893106964
263 86.67797489476676
264 81.61359536226286
265 88.55073973853344
266 89.37370446276515
267 82.15790627390533
268 83.78519999055166
269 85.67360160100544
270 89.7125579964455
271 82.02298376743661
272 88.44076141308005
273 88.8842495904847
274 87.64376525862163
275 89.85258695727883
276 84.77801844248152
277 85.2478949235954
278 87.11257002391785
279 88.21626016718695
280 85.89468318603112
281 86.50524238430485
282 86.23180497755834
283 85.29889335553753
284 83.33293853295136
285 83.39165562375874
286 84.8733511461234
287 78.65329274366259
288 81.52047803845358
289 84.5075461559803
290 86.33097352435954
291 84.01150069335857
292 85.2171052807544
293 79.93740008168683
294 84.2981962512945
295 82.54529028055342
296 83.25725899611152
297 78.16430646131168
298 84.49682994920383
299 83.69724305406712
300 85.8612395133026
301 83.46895681424472
302 85.48172940602994
303 80.9996505700096
304 86.67727980821587
305 86.57022805661431
306 89.65465354543257
307 83.83317983481055
308 88.95750490016329
309 86.75809829719958
310 89.28246394569653
311 87.84728238510783
312 82.0038574726906
313 88.3411778949812
314 80.49112093822752
315 85.98288711721895
316 80.7395350437769
317 76.74255831627691
318 78.30843130726039
319 84.50425255894295
320 81.75323569219725
321 83.7044185806026
322 78.82222092641881
323 85.8100385396685
324 81.72470961093106
325 82.14781290788105
326 82.67951599559343
327 78.33637088114041
328 87.70477363390944
329 85.7958021616216
330 83.26956645786426
331 84.76327980600111
332 81.01607772110448
333 81.24763225682082
334 84.79786790589709
335 80.24461443787442
336 79.45215833693277
337 81.05937610301538
338 77.2212860801008
339 79.02157284564039
340 81.58266115555072
341 81.18153149781898
342 75.56105538433803
343 76.84784280144713
344 76.03130153169795
345 79.47638685592516
346 83.52700478161854
347 80.08406869014966
348 81.04228231108185
349 73.42492671966048
350 80.52657905423352
351 77.19868393502968
352 80.32144337700929
353 82.3598326036109
354 77.65764993487839
355 81.82936064422107
356 80.22178683243493
357 83.27814018374953
358 80.57276699703567
359 79.05674299550182
360 86.85581232872029
361 85.26204346823256
362 80.60641320751296
363 81.86781926828901
364 84.07311230755097
365 87.65067890899694
366 87.28133709156528
367 81.20571596830341
368 76.75961495027545
369 79.26088447171342
370 78.45507574083715
371 81.65909233480862
372 76.10689982652427
373 80.0005243928667
374 79.33231024744347
375 75.80423576479869
376 69.52480047749391
377 76.7859684863901
378 81.48531054584637
379 84.14319740811473
380 82.7515583994779
381 84.99925760102253
382 89.71440497368116
383 87.5844646003101
384 80.47634140948438
385 81.97084185654774
386 85.47668451324921
387 80.6553466091329
388 88.00112819134527
389 81.55643561564972
390 80.91689677957525
391 83.25064069334577
392 80.23346879038583
393 78.8469486936334
394 80.25198297293127
395 82.19875844548169
396 83.01595233694708
397 87.00533119837685
398 89.81615511018143
399 83.91365964893083
400 86.94753774626908
401 87.7448232305525
402 79.47798223163932
403 82.17337709535074
404 86.50200397800349
405 84.85188142708876
406 81.46106717294435
407 79.84639047332014
408 80.55343339587192
409 81.6945304139039
410 87.7371043481751
411 84.53587586219837
412 82.78031688331765
413 78.77626999809998
414 84.9730348554661
415 80.07148768016339
416 85.56285404834378
417 88.31137220480585
418 86.11653237179264
419 81.54980118628849
420 82.60358368239403
421 83.43659949999702
