1 2.3822293281555176 1.841494083404541 1.7501957416534424 1.7240732908248901 0.8501838445663452 1.106988787651062
2 2.713439702987671 2.1721553802490234 1.6152359247207642 1.7773098945617676 0.9918290972709656 1.1890519857406616
3 2.5897181034088135 2.0571322441101074 1.9925447702407837 1.8920822143554688 1.0408107042312622 1.5095012187957764
4 2.7565085887908936 2.342381000518799 2.394765615463257 2.1307921409606934 1.4955394268035889 1.5686525106430054
5 2.9812183380126953 2.707364559173584 2.2744765281677246 2.554813861846924 1.4059382677078247 1.3012179136276245
6 2.949644088745117 2.4409167766571045 1.9643323421478271 2.6811683177948 1.2988382577896118 1.3587499856948853
7 2.93538498878479 2.592076301574707 1.631888747215271 2.983386278152466 1.2776256799697876 1.3542650938034058
8 2.8952231407165527 2.5715763568878174 1.7847390174865723 3.064312219619751 1.1500009298324585 1.325986385345459
9 2.8423800468444824 2.4368247985839844 1.533463716506958 3.0315165519714355 1.19933021068573 1.1596417427062988
10 2.88413143157959 2.6043269634246826 1.7566778659820557 3.0965216159820557 1.1927999258041382 1.419877290725708
11 2.763669490814209 2.4000396728515625 1.8450192213058472 2.639969825744629 1.0086236000061035 1.4540952444076538
12 2.826681137084961 2.5145955085754395 2.0236406326293945 2.7435171604156494 1.1436983346939087 1.5050188302993774
13 2.666912794113159 2.161390781402588 1.8899282217025757 2.2992777824401855 1.100637674331665 1.361483097076416
14 2.77213978767395 2.2858693599700928 1.832234501838684 2.57631778717041 1.1895759105682373 1.3499866724014282
15 2.990994691848755 2.539445161819458 2.0267410278320313 2.234602212905884 1.1001402139663696 1.3795756101608276
16 2.823636531829834 2.3365836143493652 2.1332218647003174 1.8674888610839844 1.1532268524169922 1.294558048248291
17 2.9536120891571045 2.641735315322876 2.605916976928711 1.9627455472946167 1.180572271347046 1.320768117904663
18 2.96976900100708 2.4883317947387695 2.5059115886688232 1.955833077430725 1.3803635835647583 1.5476912260055542
19 2.964005470275879 2.593492031097412 2.52382230758667 1.9929542541503906 1.0739812850952148 1.3232890367507935
20 2.7536232471466064 2.3184165954589844 2.6992127895355225 1.7432540655136108 1.3057537078857422 1.293082594871521
21 2.7409815788269043 2.2633683681488037 2.2498574256896973 2.062582492828369 1.4459567070007324 1.174279808998108
22 2.6755521297454834 2.156951427459717 1.944264531135559 2.2379367351531982 0.9572101831436157 1.6081302165985107
23 2.689326047897339 2.1853058338165283 2.276273727416992 1.8923588991165161 1.1174522638320923 1.3210405111312866
24 2.8229305744171143 2.3385679721832275 2.3794162273406982 1.933181881904602 1.0046168565750122 1.1824615001678467
25 2.834620714187622 2.307718276977539 1.9963738918304443 2.395517349243164 1.1970548629760742 1.4954915046691895
26 2.7753524780273438 2.147308588027954 1.911529541015625 2.159255027770996 1.1835063695907593 1.5558183193206787
27 2.613811492919922 1.9716330766677856 1.6975544691085815 1.7958459854125977 1.1545721292495728 1.3207426071166992
28 2.737217903137207 2.1733222007751465 2.1175038814544678 2.1101231575012207 1.0392533540725708 1.3244178295135498
29 3.011652946472168 2.4976556301116943 1.9109280109405518 2.1333367824554443 1.163547396659851 1.5804150104522705
30 2.7676284313201904 2.131676197052002 1.9844636917114258 1.7959247827529907 1.266709327697754 1.321584701538086
31 2.825202703475952 2.213538885116577 1.9973899126052856 1.9446804523468018 1.1952444314956665 1.2763800621032715
32 2.777303695678711 2.1524837017059326 2.0121169090270996 2.0003836154937744 1.2937755584716797 1.360290288925171
33 3.150810718536377 2.619105577468872 1.9702885150909424 2.363616466522217 1.2746096849441528 1.3942533731460571
34 3.5541975498199463 3.1366868019104004 2.1197896003723145 2.5008132457733154 1.3989577293395996 1.2217185497283936
35 3.162612199783325 2.6317403316497803 1.729383111000061 2.3132376670837402 1.3366934061050415 1.6141548156738281
36 3.282876968383789 2.836247205734253 2.50417160987854 2.324448823928833 1.2488728761672974 1.275375485420227
37 3.367522716522217 2.821953773498535 2.3273022174835205 2.2449727058410645 1.2211575508117676 1.2880465984344482
38 3.8919997215270996 3.4677486419677734 2.695591926574707 2.277942657470703 1.6372206211090088 1.4335191249847412
39 4.157831192016602 3.791317939758301 2.807142734527588 1.9061897993087769 1.7457669973373413 1.3910720348358154
40 3.4416158199310303 2.840834617614746 2.677842617034912 2.1482725143432617 2.0251855850219727 1.6162010431289673
41 4.290166854858398 3.963089942932129 2.9533398151397705 2.1719563007354736 2.3706424236297607 1.6066185235977173
42 3.843674659729004 3.4084584712982178 2.8230271339416504 2.373981237411499 1.959075689315796 1.7406690120697021
43 3.7869842052459717 3.3900508880615234 2.7117245197296143 2.642277479171753 2.1165196895599365 1.6269057989120483
44 4.091296195983887 3.7365503311157227 2.6794846057891846 2.6497414112091064 2.047719955444336 1.6910264492034912
45 3.243947982788086 2.8313560485839844 2.3249645233154297 2.8628506660461426 1.5191856622695923 1.5009369850158691
46 3.035410165786743 2.497793674468994 2.398475170135498 2.3313820362091064 1.5174721479415894 1.528275489807129
47 3.872737169265747 3.4642527103424072 2.319751739501953 1.8932030200958252 1.7568695545196533 1.51606023311615
48 3.9117319583892822 3.52461576461792 2.4174516201019287 2.313051223754883 1.7411978244781494 2.0119729042053223
49 3.2050297260284424 2.6778149604797363 2.2518296241760254 2.127821922302246 1.2927765846252441 1.8712962865829468
50 3.4553945064544678 3.0217347145080566 2.475135564804077 2.6480114459991455 1.6140201091766357 2.092381000518799
51 3.6910240650177 3.353030204772949 2.505763530731201 2.614950180053711 1.7757585048675537 2.0294389724731445
52 3.462430715560913 3.0929057598114014 2.20841908454895 3.038203001022339 1.5753371715545654 1.954039216041565
53 3.977369546890259 3.6610732078552246 2.461681842803955 3.3741564750671387 1.7974621057510376 1.903863787651062
54 4.058175563812256 3.747258186340332 2.608807325363159 3.7082176208496094 1.5948293209075928 1.5118845701217651
55 3.544112205505371 3.161825180053711 2.0497097969055176 3.235361099243164 1.4712032079696655 1.4170410633087158
56 4.38240385055542 4.1049933433532715 2.5136525630950928 3.362806558609009 1.7137421369552612 1.5570330619812012
57 3.978466033935547 3.642207145690918 2.3274171352386475 3.436296224594116 1.509833574295044 1.4889757633209229
58 3.7454638481140137 3.3198091983795166 2.6155354976654053 2.1428728103637695 1.8407407999038696 1.5028890371322632
59 4.135672092437744 3.776477098464966 2.5714008808135986 2.45464825630188 1.904943823814392 1.5048354864120483
60 3.9422690868377686 3.516392946243286 2.4724209308624268 2.7991485595703125 1.5817993879318237 1.5473450422286987
61 3.8030099868774414 3.4173624515533447 2.3783459663391113 3.2807276248931885 1.802677869796753 1.3714313507080078
62 3.999389410018921 3.6227681636810303 2.5684139728546143 3.222989797592163 1.824966549873352 1.5509717464447021
63 3.716593027114868 3.373875856399536 2.4048402309417725 3.105808734893799 1.6142207384109497 1.2922141551971436
64 4.020327091217041 3.6738533973693848 2.476966619491577 2.790499210357666 1.6499178409576416 1.4551739692687988
65 3.8360495567321777 3.4602441787719727 2.5086936950683594 2.8564088344573975 1.8282458782196045 1.3020317554473877
66 4.091483116149902 3.832744836807251 2.5646591186523438 3.317793369293213 2.056966781616211 1.3264870643615723
67 4.094066619873047 3.7707154750823975 2.374075412750244 3.3550820350646973 1.8639488220214844 1.539076566696167
68 4.146825790405273 3.825151205062866 2.5513696670532227 3.4694840908050537 2.1102280616760254 1.5197715759277344
69 4.415712833404541 4.140368938446045 2.4783215522766113 3.413320302963257 1.8884737491607666 1.6496285200119019
70 4.000895977020264 3.648475170135498 2.359880208969116 3.487943410873413 1.7967106103897095 1.5012823343276978
71 4.3117780685424805 4.034584999084473 2.5934805870056152 3.5603702068328857 1.9263125658035278 1.6037676334381104
72 4.493832588195801 4.247393608093262 2.620699167251587 3.4795784950256348 2.013397216796875 1.62252938747406
73 3.8903963565826416 3.6405694484710693 2.444840669631958 3.619415283203125 1.9129619598388672 1.5353267192840576
74 3.9248881340026855 3.6360995769500732 2.605034112930298 3.548624038696289 2.130992889404297 1.4574177265167236
75 4.087528228759766 3.818887710571289 2.410597801208496 3.4669268131256104 1.8872407674789429 1.6006709337234497
76 3.780437469482422 3.548290729522705 2.4876978397369385 3.576432704925537 1.8498258590698242 1.3608503341674805
77 3.6429262161254883 3.3645873069763184 2.2984066009521484 3.5623526573181152 1.7590771913528442 1.302638053894043
78 4.052334785461426 3.8001832962036133 2.5611729621887207 3.507357120513916 1.9885584115982056 1.4481391906738281
79 3.705584764480591 3.4294934272766113 2.3001277446746826 3.512734889984131 1.713263988494873 1.3004511594772339
80 4.120872497558594 3.8475284576416016 2.5286436080932617 3.558067560195923 1.8179986476898193 1.4628812074661255
81 3.8943703174591064 3.616861581802368 2.3613157272338867 3.472982406616211 1.7630174160003662 1.4072351455688477
82 3.8643877506256104 3.550633192062378 2.194810152053833 3.705047369003296 1.5693706274032593 1.4783635139465332
83 3.9984617233276367 3.7285826206207275 2.5755906105041504 3.4734935760498047 2.0205864906311035 1.456132411956787
84 3.745237112045288 3.3792366981506348 2.286593198776245 3.686713218688965 1.751264214515686 1.3658610582351685
85 4.036696434020996 3.725287437438965 2.380035161972046 3.448441505432129 1.7157689332962036 1.5254358053207397
86 3.8849165439605713 3.582934856414795 2.3789167404174805 3.498469114303589 1.7220003604888916 1.5149435997009277
87 3.7970919609069824 3.4574522972106934 2.444064140319824 3.70386004447937 1.9451324939727783 1.4861079454421997
88 3.9538626670837402 3.660802125930786 2.2765774726867676 3.4649510383605957 1.6768860816955566 1.4466995000839233
89 4.22067928314209 3.939084529876709 2.4097237586975098 3.462266683578491 1.7897955179214478 1.7168399095535278
90 4.503692150115967 4.301864147186279 2.515995740890503 3.410029172897339 1.9610122442245483 1.54855477809906
91 4.072566032409668 3.807030439376831 2.4784395694732666 3.5107674598693848 1.7525279521942139 1.4800336360931396
92 3.9589200019836426 3.6736302375793457 2.25221586227417 3.4030959606170654 1.5361156463623047 1.5563223361968994
93 4.227807998657227 3.9788753986358643 2.5181610584259033 3.4420862197875977 2.0338943004608154 1.4440226554870605
94 4.230201244354248 3.9626848697662354 2.2173702716827393 3.279100179672241 1.643211841583252 1.6012942790985107
95 3.99109148979187 3.7137582302093506 2.2284607887268066 3.268826484680176 1.5677669048309326 1.6053115129470825
96 4.145781517028809 3.905890941619873 2.3290023803710938 3.436691999435425 1.848071813583374 1.4558662176132202
97 4.042994022369385 3.793102264404297 2.2626729011535645 3.4940903186798096 1.6397430896759033 1.7772036790847778
98 3.9758551120758057 3.748222827911377 2.3708531856536865 3.543339729309082 1.9184502363204956 1.7638999223709106
99 4.222550392150879 4.021291255950928 2.4271600246429443 3.6742403507232666 1.765984058380127 1.7830363512039185
100 4.087088584899902 3.8152692317962646 2.254580497741699 3.5368926525115967 1.7385505437850952 1.649644136428833
101 3.9390029907226563 3.6610755920410156 2.304090976715088 3.255995035171509 1.7887639999389648 1.414594292640686
102 4.0082316398620605 3.7041611671447754 2.206310749053955 3.407766103744507 1.7359540462493896 1.519533395767212
103 4.269996643066406 4.020658493041992 2.2733476161956787 3.3516201972961426 1.7509434223175049 1.6137555837631226
104 4.463141441345215 4.23137092590332 2.560579299926758 3.3280138969421387 1.8191180229187012 1.615917682647705
105 4.35943078994751 4.082058429718018 2.4485116004943848 3.8874094486236572 1.870635747909546 1.684590458869934
106 4.174210548400879 3.866096258163452 2.322408437728882 3.6480982303619385 1.6402511596679688 1.492080569267273
107 4.6598591804504395 4.351592063903809 2.488697052001953 3.391451358795166 1.7177551984786987 1.384129524230957
108 4.17958927154541 3.902057409286499 2.405787229537964 3.9689230918884277 1.705032229423523 1.4148024320602417
109 4.948696136474609 4.728657245635986 2.8484609127044678 3.707592487335205 1.7861326932907104 1.4294979572296143
110 4.826748371124268 4.635085582733154 2.8347530364990234 3.5665948390960693 1.8015962839126587 1.581550121307373
111 5.518466472625732 5.393335342407227 3.0063114166259766 3.5533103942871094 1.6594798564910889 1.5835766792297363
112 4.330795764923096 4.005392074584961 2.724376916885376 3.580306053161621 1.567178726196289 1.5970449447631836
113 4.636629581451416 4.348428249359131 2.8497695922851563 4.25584077835083 1.4153923988342285 1.7183278799057007
114 4.511865615844727 4.220743656158447 2.8351705074310303 3.940638542175293 1.4921808242797852 1.6336619853973389
115 4.907076358795166 4.642025947570801 2.7766385078430176 4.271770000457764 1.719761610031128 1.7863948345184326
116 4.752799987792969 4.455116271972656 2.840639591217041 3.250138759613037 1.4904212951660156 1.6320090293884277
117 4.785860538482666 4.535970687866211 2.7699828147888184 3.717481851577759 1.4885871410369873 1.7801449298858643
118 4.443150520324707 4.1703901290893555 2.973911762237549 3.405618667602539 1.5213546752929688 1.6792811155319214
119 4.328427314758301 4.005765438079834 2.8772382736206055 3.7033944129943848 1.7010761499404907 1.7402639389038086
120 4.471982479095459 4.26006555557251 2.8696706295013428 3.6721580028533936 1.7352073192596436 1.540152668952942
121 4.349464416503906 4.020588397979736 2.704993963241577 3.261634349822998 1.6826350688934326 1.7812806367874146
122 4.211130142211914 3.902604818344116 2.933387279510498 3.563352346420288 1.929237723350525 1.7231422662734985
123 4.293745994567871 3.9664089679718018 3.044074296951294 3.7750396728515625 2.120713710784912 1.5363109111785889
124 4.7367072105407715 4.4608845710754395 2.9311811923980713 3.7785823345184326 2.0081801414489746 1.362172245979309
125 4.466297149658203 4.163452625274658 2.918592691421509 3.5743424892425537 1.974792242050171 1.4968085289001465
126 4.727715492248535 4.464745044708252 2.9025163650512695 3.666133165359497 1.8400461673736572 1.4857168197631836
127 4.058033466339111 3.6890037059783936 2.684919834136963 3.3631157875061035 1.8939694166183472 1.5573707818984985
128 4.239002704620361 3.9376261234283447 2.8777291774749756 3.548546552658081 1.6647940874099731 1.6852606534957886
129 4.484857559204102 4.155272483825684 3.0768046379089355 3.4656307697296143 2.0185892581939697 1.5353655815124512
130 4.147933006286621 3.900895118713379 3.2115840911865234 3.4666237831115723 1.8975681066513062 1.5022552013397217
131 4.835564613342285 4.619083404541016 3.388521194458008 2.575918436050415 2.0440714359283447 1.5532920360565186
132 4.253759860992432 3.9577560424804688 3.3187243938446045 3.392488956451416 2.266036033630371 1.7834712266921997
133 4.352377891540527 4.09343147277832 2.89522647857666 3.8864781856536865 2.021395206451416 1.7001917362213135
134 4.299282550811768 4.050133228302002 3.3216612339019775 3.2108521461486816 2.151599168777466 1.490404725074768
135 4.415131568908691 4.136920928955078 3.1593339443206787 3.8340470790863037 2.4858012199401855 1.481543779373169
136 4.168294906616211 3.8136322498321533 2.9551732540130615 3.519078254699707 2.398484230041504 1.4980491399765015
137 3.989487886428833 3.579108476638794 3.088379383087158 3.41542387008667 2.329192876815796 1.7430832386016846
138 4.427494049072266 4.076765537261963 2.9185070991516113 3.2909536361694336 1.9597457647323608 1.7246441841125488
139 4.431480884552002 4.088497638702393 3.0272204875946045 3.634678602218628 1.7247685194015503 1.6617138385772705
140 4.401030540466309 3.999051332473755 3.189379930496216 2.716264009475708 2.4778430461883545 1.5811468362808228
141 4.279990196228027 3.778411865234375 2.8470139503479004 2.8768506050109863 2.316847801208496 1.6962320804595947
142 4.529706001281738 4.145968914031982 3.1369080543518066 2.914642095565796 2.054060459136963 1.8102593421936035
143 4.128719806671143 3.7661001682281494 2.6657590866088867 3.0958635807037354 1.733414649963379 1.5732172727584839
144 4.467316627502441 4.080623626708984 2.7183408737182617 2.9485130310058594 1.676529884338379 1.610602617263794
145 4.729451656341553 4.394500255584717 2.6876251697540283 3.1899328231811523 1.6747372150421143 1.5231163501739502
146 4.030844211578369 3.5898492336273193 2.6587514877319336 2.9019105434417725 1.443997859954834 1.4676859378814697
147 3.937971353530884 3.5012404918670654 2.1412975788116455 2.847407341003418 1.1752113103866577 1.4817492961883545
148 3.696005344390869 3.2359731197357178 2.2510697841644287 2.9630112648010254 1.2494710683822632 1.5123709440231323
149 4.395035743713379 4.017757415771484 2.7384860515594482 3.196178913116455 1.4836113452911377 1.6648998260498047
150 3.8535146713256836 3.4487380981445313 1.9810547828674316 3.0347070693969727 1.2356005907058716 1.4132306575775146
151 4.243692874908447 3.897430419921875 2.7350850105285645 3.0985517501831055 1.3423130512237549 1.6461483240127563
152 4.267500877380371 3.9184508323669434 2.2210748195648193 2.8993258476257324 1.467352271080017 1.493451476097107
153 4.1186723709106445 3.7026853561401367 2.3862133026123047 2.853015422821045 1.4219187498092651 1.4619630575180054
154 4.671305179595947 4.325145721435547 2.4266295433044434 2.9176058769226074 1.5222643613815308 1.6190590858459473
155 4.267179012298584 3.97951340675354 2.9650161266326904 3.388552665710449 1.5478684902191162 1.4554681777954102
156 3.795020341873169 3.3746912479400635 2.263338565826416 2.8208112716674805 1.1632444858551025 1.5783436298370361
157 3.8373289108276367 3.471303939819336 2.8006067276000977 2.722707748413086 1.3656320571899414 1.648719072341919
158 4.3546552658081055 4.034494876861572 2.7617838382720947 2.6787500381469727 1.621504783630371 1.5708073377609253
159 5.470433235168457 5.312216281890869 3.1277036666870117 3.079521417617798 1.9899725914001465 1.6108182668685913
160 4.978023052215576 4.814049243927002 3.517941951751709 3.49838924407959 1.6994342803955078 1.6301301717758179
161 4.841996192932129 4.655360698699951 3.200082302093506 3.597796678543091 1.4911895990371704 1.5959094762802124
162 5.065399169921875 4.930196285247803 3.3778328895568848 3.719392776489258 1.6666547060012817 1.6471956968307495
163 4.793941020965576 4.648803234100342 3.01304030418396 4.098863124847412 1.5331261157989502 1.5518072843551636
164 4.7235941886901855 4.539671421051025 3.1814777851104736 3.8914108276367188 1.4208651781082153 1.6756608486175537
165 5.088352680206299 4.931784152984619 3.292550563812256 3.821265459060669 1.6750775575637817 1.6072807312011719
166 4.858809471130371 4.7105913162231445 3.066473960876465 4.1078572273254395 1.5863046646118164 1.8838281631469727
167 5.152249813079834 5.051184177398682 3.37748122215271 4.174178600311279 1.4711275100708008 1.712024450302124
168 5.324410438537598 5.218757152557373 3.6889359951019287 4.316563129425049 1.618302822113037 1.646133542060852
169 5.436055660247803 5.331545829772949 3.4854848384857178 4.262331962585449 1.5050758123397827 1.8438184261322021
170 4.782853603363037 4.573512077331543 3.2558250427246094 4.040348529815674 1.7354716062545776 1.7161139249801636
171 5.276149749755859 5.092689037322998 3.6529459953308105 3.9259464740753174 2.003788471221924 1.5205732583999634
172 5.17727518081665 5.0631513595581055 3.5380170345306396 4.056713104248047 1.8441359996795654 1.464699625968933
173 5.350196361541748 5.21273136138916 3.525747060775757 4.153456211090088 1.9032154083251953 1.5878053903579712
174 5.417153835296631 5.282370090484619 3.471801996231079 4.213588237762451 2.057523250579834 1.6734859943389893
175 5.338659286499023 5.203482627868652 3.42071795463562 4.160361289978027 1.534271240234375 1.7393800020217896
176 5.413537979125977 5.28170919418335 3.4310760498046875 4.359745502471924 1.693170189857483 1.5936659574508667
177 5.091033935546875 4.943556308746338 3.5296761989593506 4.3105692863464355 1.5545305013656616 1.5612742900848389
178 5.224851608276367 5.086740016937256 3.60088849067688 4.285356521606445 1.664631962776184 1.5043458938598633
179 5.236222267150879 5.1023359298706055 3.529296398162842 4.220319747924805 1.5817365646362305 1.965682029724121
180 5.036073684692383 4.873096466064453 3.541897773742676 4.239574432373047 1.7842477560043335 1.6024748086929321
181 5.5204386711120605 5.406143665313721 3.380373477935791 4.228969573974609 1.6312334537506104 1.74677312374115
182 5.602603435516357 5.538562297821045 3.737173557281494 4.289679050445557 1.7381722927093506 1.8397749662399292
183 5.420674800872803 5.29910135269165 3.6179563999176025 4.106032371520996 1.743571162223816 1.8617138862609863
184 5.185892105102539 5.041454792022705 3.410991668701172 3.9994311332702637 1.7874587774276733 1.7422953844070435
185 5.4721174240112305 5.351264476776123 3.3641207218170166 3.964930772781372 1.7464632987976074 1.7817213535308838
186 4.899271488189697 4.722990989685059 3.2613518238067627 4.131497383117676 1.566872239112854 1.6294217109680176
187 5.41803503036499 5.326418399810791 3.2663087844848633 4.178638935089111 1.6166683435440063 1.8061556816101074
188 5.058204174041748 4.914322853088379 3.1936495304107666 4.114218711853027 1.6389654874801636 1.652305006980896
189 5.517185211181641 5.466813564300537 3.8369319438934326 4.035865306854248 1.3160324096679688 1.941557765007019
190 5.095263481140137 4.98612642288208 3.2722041606903076 4.12966775894165 1.3529715538024902 1.8002557754516602
191 5.090486526489258 4.967222213745117 3.1865012645721436 3.9765820503234863 1.4352971315383911 1.5380455255508423
192 5.043997764587402 4.919282913208008 3.6096107959747314 4.095852851867676 1.296247124671936 1.638735294342041
193 5.234968662261963 5.130874156951904 3.66684627532959 4.101009845733643 1.642545223236084 1.5870102643966675
194 5.001170635223389 4.825982093811035 3.3367669582366943 4.141879558563232 1.5080329179763794 1.4819402694702148
195 5.080484390258789 4.9726338386535645 3.5440104007720947 4.220577716827393 1.5256319046020508 1.5997965335845947
196 4.7625274658203125 4.554758071899414 3.3045461177825928 4.380334377288818 1.5973780155181885 1.6042331457138062
197 4.776549339294434 4.573179244995117 3.1829729080200195 4.090309143066406 1.4473586082458496 1.5336854457855225
198 5.057490348815918 4.911258220672607 3.335519313812256 4.5133748054504395 1.4865480661392212 1.7766834497451782
199 5.176202297210693 5.070260047912598 3.26438570022583 4.271785736083984 1.621160626411438 1.5999314785003662
200 5.397389888763428 5.2819743156433105 3.1414668560028076 4.042212009429932 1.3452099561691284 1.536550760269165
201 4.811110496520996 4.666125774383545 3.616053581237793 4.093847751617432 1.4401367902755737 1.462134838104248
202 4.768937587738037 4.562134265899658 2.9729089736938477 4.086555480957031 1.3786485195159912 1.588999629020691
203 4.869476795196533 4.66283655166626 2.9470162391662598 4.167932033538818 1.5235507488250732 1.6279795169830322
204 5.075319766998291 4.892331123352051 3.2734856605529785 4.299751281738281 1.668218731880188 1.463724970817566
205 4.5750555992126465 4.323701858520508 3.110915184020996 4.074506759643555 1.574508786201477 1.6926238536834717
206 5.327641010284424 5.174733638763428 3.307884931564331 4.15981388092041 1.6021257638931274 1.7718595266342163
207 4.745502948760986 4.53045129776001 3.3621389865875244 4.187968730926514 1.5393518209457397 1.5517438650131226
208 4.79036808013916 4.575784206390381 3.278012275695801 4.204015254974365 1.363741159439087 1.8699541091918945
209 5.067171096801758 4.896726131439209 3.2051689624786377 4.3190836906433105 1.816733956336975 2.1843857765197754
210 4.954280376434326 4.624074935913086 3.374319314956665 4.115494728088379 1.7098135948181152 2.1615500450134277
211 5.39406681060791 5.222232341766357 3.672640562057495 4.076157093048096 1.5388540029525757 2.2250044345855713
212 5.626490116119385 5.515333652496338 3.819199800491333 4.4265241622924805 1.773431658744812 2.574873685836792
213 5.2297821044921875 5.02392053604126 3.647142171859741 4.274216175079346 1.5386676788330078 2.3759589195251465
214 5.166184902191162 4.991067409515381 3.719783067703247 4.359629154205322 1.5995512008666992 2.4697325229644775
215 4.9449334144592285 4.717573642730713 3.693946361541748 4.263999938964844 1.6323978900909424 2.391965389251709
216 4.897451400756836 4.674205780029297 3.6588244438171387 4.366131782531738 1.608591914176941 1.9929536581039429
217 5.433114051818848 5.269260406494141 3.7666661739349365 4.056178092956543 1.706473708152771 1.9830121994018555
218 5.881621360778809 5.744857311248779 3.6076135635375977 4.150073528289795 1.7855998277664185 2.2270588874816895
219 5.4659905433654785 5.382919788360596 3.3631820678710938 4.229103088378906 1.5765833854675293 2.149484634399414
220 5.241894245147705 5.06212043762207 3.006592035293579 4.059916019439697 1.463912844657898 2.141598701477051
221 5.189878463745117 5.079603672027588 3.6004390716552734 4.301022529602051 2.0335335731506348 2.0461645126342773
222 5.403420925140381 5.230350971221924 3.2056822776794434 4.273280143737793 1.7475026845932007 2.1874141693115234
223 5.163241386413574 4.97604513168335 3.3151912689208984 4.243540287017822 1.8838913440704346 2.0535621643066406
224 5.373627662658691 5.250626087188721 3.461050033569336 4.151062965393066 1.5967988967895508 2.163062810897827
225 5.128303527832031 5.010382652282715 3.4330809116363525 4.236525535583496 1.726797103881836 1.9603593349456787
226 5.010188579559326 4.8495564460754395 3.3607306480407715 4.198782920837402 1.4496029615402222 2.0876917839050293
227 5.144324779510498 5.002015113830566 3.373231887817383 4.130001068115234 1.4770640134811401 1.95631742477417
228 5.061396598815918 4.873193264007568 3.3182432651519775 4.173909664154053 1.2977049350738525 2.1189613342285156
229 5.555369853973389 5.5003838539123535 3.6514651775360107 4.2238240242004395 1.348299503326416 2.2347331047058105
230 5.358895778656006 5.218685150146484 3.1991679668426514 4.518628120422363 1.3440755605697632 2.2802202701568604
231 5.591118812561035 5.522767543792725 3.724260091781616 4.227432727813721 1.3729009628295898 2.135854959487915
232 5.500552654266357 5.3905439376831055 3.851682662963867 4.245129108428955 1.511362910270691 2.1823244094848633
233 5.164940357208252 5.080801486968994 3.5039634704589844 4.174881935119629 1.2767239809036255 2.1076905727386475
234 5.759226322174072 5.673229217529297 3.5885918140411377 3.917858123779297 1.5547932386398315 1.7983342409133911
235 5.102270126342773 4.961090087890625 3.4452688694000244 4.048792362213135 1.217908263206482 1.670752763748169
236 5.430690288543701 5.333027362823486 3.499077558517456 4.252101421356201 1.1305434703826904 1.735107660293579
237 5.0568108558654785 4.932341575622559 3.4537441730499268 4.393991947174072 1.3244309425354004 1.6785523891448975
238 4.997029781341553 4.833488941192627 3.726715087890625 4.3207526206970215 1.47700834274292 1.9178065061569214
239 5.097393035888672 4.962172031402588 3.7675561904907227 4.044802665710449 1.3068053722381592 1.6270887851715088
240 5.747696399688721 5.646517753601074 3.570028781890869 3.872558116912842 1.4038290977478027 1.6142120361328125
241 5.422042369842529 5.34287691116333 4.231014251708984 3.9517126083374023 1.245921015739441 1.6547688245773315
242 5.308446407318115 5.239015579223633 4.439511775970459 4.082373142242432 1.1693828105926514 1.5729864835739136
243 5.522489547729492 5.476278781890869 4.451467990875244 4.425785541534424 1.3523333072662354 1.8810362815856934
244 5.6110711097717285 5.49660587310791 3.8862743377685547 4.4743123054504395 1.2089579105377197 1.598544955253601
245 5.621981620788574 5.589476585388184 4.092226028442383 4.644912242889404 1.3804857730865479 1.7909057140350342
246 5.593883514404297 5.5166754722595215 4.094078063964844 4.132774829864502 1.1358891725540161 1.380473017692566
247 5.473956108093262 5.3774309158325195 3.8871333599090576 4.183484077453613 1.2671844959259033 1.695520281791687
248 5.671981334686279 5.593698978424072 4.42284631729126 4.2972331047058105 1.3712284564971924 1.6463782787322998
249 5.432427883148193 5.330413818359375 4.177663326263428 4.151388645172119 1.4077484607696533 1.7839303016662598
250 5.351004600524902 5.244210243225098 4.022406578063965 4.41713285446167 1.3796380758285522 1.7042158842086792
251 5.751809597015381 5.707430362701416 4.2524614334106445 4.457787036895752 1.4108736515045166 1.7220947742462158
252 5.2143073081970215 5.099025726318359 3.813741683959961 4.4457550048828125 1.2796707153320313 1.618321180343628
253 5.686430931091309 5.62648344039917 4.372509479522705 4.190171241760254 1.311956524848938 1.5886461734771729
254 5.880191326141357 5.9157328605651855 4.3890485763549805 4.371153354644775 1.1971259117126465 1.8112279176712036
255 6.055634021759033 6.079689025878906 4.456554412841797 4.466159820556641 1.488304615020752 1.860630750656128
256 5.735480785369873 5.685576915740967 4.241931915283203 4.25582218170166 1.2904664278030396 1.5340837240219116
257 5.744715213775635 5.632197380065918 4.324206352233887 4.513863563537598 1.5408576726913452 1.7748441696166992
258 5.472529888153076 5.387449741363525 4.5581746101379395 4.233768463134766 1.1957772970199585 1.6800905466079712
259 5.934754848480225 5.92647647857666 4.77496862411499 4.234205722808838 1.1117075681686401 1.7262957096099854
260 5.601797580718994 5.53934383392334 4.759825229644775 4.561090469360352 1.531455159187317 1.7942984104156494
261 5.614541530609131 5.529726982116699 4.526432991027832 4.0489349365234375 1.3187048435211182 1.5064226388931274
262 6.045749187469482 6.02102518081665 4.7724690437316895 4.299543857574463 1.4967354536056519 1.6788733005523682
263 5.667891979217529 5.674975395202637 4.743443965911865 4.447104454040527 1.2797517776489258 1.5515391826629639
264 5.620431423187256 5.64309549331665 4.723094463348389 4.246545314788818 1.3055419921875 1.616235375404358
265 5.625091075897217 5.644349098205566 5.023465633392334 4.641349792480469 1.2719858884811401 1.7867833375930786
266 5.60913610458374 5.559673309326172 4.88350772857666 4.519557952880859 1.5108232498168945 1.9877393245697021
267 6.130256175994873 6.139998912811279 4.8509416580200195 4.578764915466309 1.464805006980896 2.0911295413970947
268 5.7471394538879395 5.767685413360596 4.623842716217041 4.383957386016846 1.3481138944625854 1.75802481174469
269 5.831475257873535 5.830465793609619 4.847543239593506 4.445697784423828 1.8525341749191284 1.6438369750976563
270 5.679853439331055 5.68668794631958 5.070489406585693 4.542198657989502 1.4402559995651245 1.9748746156692505
271 5.722772121429443 5.670139312744141 4.685427188873291 4.40697717666626 1.447229266166687 2.0155677795410156
272 5.711738586425781 5.704578399658203 4.697337627410889 4.50908088684082 1.5795444250106812 1.9377379417419434
273 5.593801021575928 5.543810844421387 4.844035625457764 4.032964706420898 1.6223188638687134 1.9868108034133911
274 5.738893985748291 5.746200084686279 4.993064880371094 4.326075553894043 1.2203867435455322 2.0381691455841064
275 5.200795650482178 5.070011138916016 4.671839237213135 3.532029628753662 1.259765386581421 1.6526979207992554
276 5.382119178771973 5.303581714630127 4.7549567222595215 3.451716423034668 1.260910987854004 1.6710069179534912
277 5.892487049102783 5.887732982635498 5.191277027130127 3.9708023071289063 1.7836525440216064 1.9059969186782837
278 5.496937274932861 5.382124900817871 4.956008434295654 3.6282997131347656 1.5393027067184448 1.7536780834197998
279 5.57056999206543 5.513155937194824 5.012217998504639 3.683736562728882 1.5376793146133423 1.5668054819107056
280 5.221705913543701 5.132902145385742 4.747130393981934 4.3447794914245605 1.5665713548660278 1.636233925819397
281 5.567656517028809 5.474469184875488 4.800350666046143 4.343071937561035 1.408048152923584 1.5408539772033691
282 5.901546955108643 5.8230719566345215 4.890789985656738 4.401678085327148 1.7949655055999756 1.6513512134552002
283 5.805832386016846 5.724264621734619 4.698005199432373 4.400251865386963 1.6244782209396362 1.641959547996521
284 6.0447678565979 5.944497585296631 4.655219078063965 4.547729015350342 1.5192840099334717 2.0838541984558105
285 5.9818220138549805 5.943228721618652 4.926792144775391 4.396083831787109 1.4381564855575562 2.185398817062378
286 6.045176982879639 5.983868598937988 4.5378594398498535 4.748661041259766 1.4892604351043701 2.335641384124756
287 6.22196626663208 6.130478382110596 4.5352373123168945 4.3872175216674805 1.4936397075653076 2.279581308364868
288 6.242044925689697 6.1917901039123535 4.642364978790283 4.530158042907715 1.6150050163269043 2.074195623397827
289 5.937286376953125 5.859885215759277 5.143655300140381 4.527933597564697 1.5721689462661743 2.259582281112671
290 5.959410190582275 5.853308200836182 4.999898910522461 4.469073295593262 1.6915112733840942 2.0643434524536133
291 5.937934398651123 5.846948146820068 4.739022731781006 4.637068271636963 1.6495543718338013 2.1444897651672363
292 5.889436721801758 5.81126070022583 4.84756326675415 4.438410758972168 1.7184929847717285 2.090385675430298
293 6.2941131591796875 6.250434398651123 5.085500240325928 4.505360126495361 1.694858193397522 2.179414749145508
294 5.871387481689453 5.7933454513549805 4.865733623504639 4.604220867156982 1.6762075424194336 2.1240813732147217
295 6.237804412841797 6.18880558013916 4.855013847351074 4.642597675323486 1.5528390407562256 2.404642343521118
296 5.7657599449157715 5.689051628112793 4.823244094848633 4.558631896972656 1.4933263063430786 2.13716983795166
297 6.3378496170043945 6.252182960510254 4.699338912963867 4.22462272644043 1.622286081314087 2.2134454250335693
298 6.022080898284912 5.925387382507324 4.952793598175049 4.371334075927734 1.602779507637024 2.1862008571624756
299 6.067557334899902 5.935806751251221 4.752699851989746 4.626091003417969 1.7144666910171509 2.1158716678619385
300 5.767862319946289 5.66477108001709 5.0437822341918945 4.212042331695557 1.612882375717163 2.2856931686401367
301 5.83693790435791 5.733392715454102 4.841135025024414 4.0557475090026855 1.2683794498443604 2.098928928375244
302 5.890040874481201 5.802031517028809 5.190000534057617 4.330318450927734 1.6591583490371704 2.1133995056152344
303 5.926249027252197 5.857636451721191 5.0721435546875 3.9931390285491943 1.622771978378296 2.350689649581909
304 5.734741687774658 5.657294750213623 5.150080680847168 4.288943767547607 1.3439568281173706 2.1646666526794434
305 5.755836009979248 5.6628546714782715 5.070837020874023 4.102426052093506 1.330407977104187 2.2906227111816406
306 5.44067907333374 5.292348861694336 4.609311580657959 4.137011528015137 1.3860331773757935 2.083829164505005
307 5.565789222717285 5.413514614105225 4.597034454345703 3.8917760848999023 1.2269376516342163 1.9861183166503906
308 5.453435897827148 5.309965133666992 4.854218482971191 3.8603925704956055 1.3512057065963745 2.17696213722229
309 5.155587196350098 4.9655046463012695 4.394572734832764 4.0307393074035645 1.4034576416015625 2.1204330921173096
310 5.208822250366211 5.070301055908203 4.330228328704834 3.959773063659668 1.3542866706848145 2.1067869663238525
311 5.636575222015381 5.542451858520508 4.49017858505249 3.9612221717834473 1.8213979005813599 2.251093864440918
312 5.631469249725342 5.545577049255371 4.234137535095215 4.0265913009643555 1.6323761940002441 2.38476824760437
313 5.314597129821777 5.164306640625 4.333410263061523 4.1449127197265625 1.619842290878296 2.282932996749878
314 5.891096591949463 5.790035724639893 4.66154670715332 3.9786510467529297 1.4931658506393433 2.254178524017334
315 5.778622627258301 5.65776252746582 4.415937900543213 4.080585956573486 1.3405787944793701 2.4215939044952393
316 6.052940845489502 6.010197162628174 4.860042572021484 3.9148335456848145 1.5325596332550049 2.1601638793945313
317 6.330045700073242 6.307468414306641 4.726888179779053 3.8508269786834717 1.827783226966858 2.373478651046753
318 5.949430465698242 5.883390426635742 4.702279090881348 3.8830502033233643 1.5962390899658203 2.187018394470215
319 6.077033996582031 6.0574164390563965 4.836341381072998 4.694272041320801 1.4971164464950562 2.457747220993042
320 6.04256534576416 5.98153018951416 4.637455463409424 4.520148754119873 1.4685239791870117 2.1508138179779053
321 5.823686122894287 5.791958332061768 4.764018535614014 4.50543212890625 1.3704776763916016 2.1754846572875977
322 6.438465595245361 6.359304428100586 4.895437717437744 4.324433326721191 1.9885132312774658 2.113633394241333
323 6.02998685836792 5.977954387664795 4.8554511070251465 4.581994533538818 1.6923753023147583 2.3739051818847656
324 6.027935028076172 5.979069232940674 4.644737243652344 4.490988254547119 1.426126480102539 2.306624174118042
325 5.908466815948486 5.856078624725342 4.641603946685791 4.5444841384887695 1.3943088054656982 2.196425676345825
326 5.943439960479736 5.89303731918335 4.581870079040527 4.606240749359131 1.3666349649429321 2.4534912109375
327 6.2060160636901855 6.181343078613281 4.378767967224121 4.505033016204834 1.4098716974258423 2.41862416267395
328 5.903537750244141 5.823592185974121 4.658247947692871 4.771120071411133 1.597538709640503 2.315826654434204
329 6.170149803161621 6.1139984130859375 4.503389358520508 4.664258003234863 1.5990607738494873 2.453508138656616
330 6.011106967926025 5.95298957824707 4.448559761047363 4.463625431060791 1.4863131046295166 2.2057175636291504
331 5.8239641189575195 5.764095306396484 4.385051250457764 4.405948162078857 1.4299027919769287 2.0937340259552
332 6.2874016761779785 6.281820774078369 4.846876621246338 4.625882625579834 1.4978045225143433 2.327627658843994
333 6.226930618286133 6.269258499145508 4.503158092498779 4.78804349899292 1.287839412689209 2.3138558864593506
334 5.935419082641602 5.82666540145874 4.466803073883057 4.293435573577881 1.5044865608215332 2.2878637313842773
335 6.350837707519531 6.334237098693848 4.830348968505859 4.275418758392334 1.9318464994430542 2.0860395431518555
336 5.764983654022217 5.678625106811523 4.514458656311035 4.197366237640381 1.5323021411895752 2.025486946105957
337 6.073852062225342 6.016666889190674 4.713924407958984 4.569702625274658 1.6883621215820313 2.1780660152435303
338 6.2556538581848145 6.227015972137451 4.704330921173096 4.139445781707764 1.628913164138794 1.9629161357879639
339 6.023361682891846 5.972153663635254 4.634944915771484 4.297751426696777 1.6458959579467773 2.176267385482788
340 5.689517021179199 5.620129108428955 4.417669296264648 4.127574920654297 1.5385082960128784 2.0166819095611572
341 6.355889320373535 6.36023473739624 4.949660778045654 4.558033466339111 2.0933988094329834 2.1342577934265137
342 6.488856792449951 6.528497695922852 4.963662624359131 4.672833442687988 2.2562308311462402 2.2804579734802246
343 6.5996413230896 6.643225193023682 5.189375400543213 4.525571346282959 2.1771600246429443 2.1703455448150635
344 6.566258430480957 6.54964017868042 4.842037677764893 4.276708602905273 1.9977225065231323 2.2639596462249756
345 6.348987102508545 6.302732944488525 4.846372604370117 4.581222057342529 1.934000015258789 2.301424026489258
346 6.0276713371276855 6.012576103210449 4.904364109039307 4.507415294647217 1.8388288021087646 2.28149151802063
347 5.886751174926758 5.811574459075928 4.932167053222656 4.294358253479004 1.9988526105880737 2.114557981491089
348 6.212113857269287 6.190776348114014 4.90848970413208 4.680893421173096 1.6654231548309326 2.1623263359069824
349 6.296713352203369 6.226639270782471 4.574100971221924 3.867330312728882 1.1818370819091797 2.4897992610931396
350 5.7129034996032715 5.584832668304443 4.666860580444336 3.634554862976074 1.2986130714416504 2.236396074295044
351 6.354712009429932 6.246313095092773 4.882630825042725 3.720247983932495 1.9412223100662231 2.2971079349517822
352 6.043438911437988 5.909072399139404 4.624052047729492 3.6823911666870117 1.6710734367370605 2.318711996078491
353 5.598110198974609 5.407970905303955 4.39471435546875 3.528975009918213 1.3319774866104126 2.0800249576568604
354 6.245692729949951 6.160451889038086 4.793841361999512 3.8659980297088623 1.7987951040267944 2.1778829097747803
355 5.886985778808594 5.762042999267578 4.695201873779297 3.972597122192383 1.7952297925949097 2.3256261348724365
356 5.999380588531494 5.924993991851807 4.707955360412598 3.8589069843292236 2.0061371326446533 2.2058613300323486
357 5.347160339355469 5.173166751861572 3.8848798274993896 3.5988361835479736 1.5283222198486328 2.1549508571624756
358 5.860141754150391 5.719860076904297 4.020648002624512 3.898789882659912 1.7807358503341675 2.3642566204071045
359 6.344789505004883 6.300721645355225 4.335492134094238 4.423758506774902 2.219193458557129 2.2257890701293945
360 5.613227844238281 5.476742744445801 4.489716529846191 3.7060725688934326 1.8453449010849 2.2319512367248535
361 5.3184428215026855 5.1605401039123535 4.2892279624938965 3.5575687885284424 1.502671718597412 2.1219961643218994
362 5.712210655212402 5.618239879608154 4.408087730407715 3.9280776977539063 1.4031275510787964 2.168356418609619
363 5.772171974182129 5.727715492248535 4.336904048919678 4.036566257476807 1.6214905977249146 2.1200976371765137
364 5.4882049560546875 5.3901238441467285 4.166707515716553 3.5901503562927246 1.5085116624832153 2.0251920223236084
365 5.720912933349609 5.699060916900635 4.564188003540039 4.523462772369385 1.7439011335372925 2.1259632110595703
366 5.369448661804199 5.239292621612549 4.474711894989014 3.759427785873413 1.4644993543624878 1.9997066259384155
367 5.779369831085205 5.69024133682251 4.2808613777160645 3.7591466903686523 1.6392621994018555 2.136044979095459
368 6.303947925567627 6.275454521179199 4.36795711517334 4.338639259338379 1.8944244384765625 2.21108341217041
369 6.1225690841674805 6.060185432434082 4.068171977996826 4.277911186218262 1.6127904653549194 2.1587531566619873
370 5.963408946990967 5.907681941986084 4.417068004608154 4.351259231567383 1.596227765083313 2.114079713821411
371 5.636713027954102 5.591277122497559 4.012753009796143 4.5559821128845215 1.3008323907852173 2.1863389015197754
372 6.2094831466674805 6.186561107635498 4.267437934875488 4.460511207580566 1.532791018486023 2.3023858070373535
373 5.886402606964111 5.869975566864014 4.205417156219482 4.4179368019104 1.5462162494659424 2.4832215309143066
374 6.386693477630615 6.398229598999023 4.347710132598877 4.227746486663818 1.7642674446105957 2.2754547595977783
375 6.700127124786377 6.6873016357421875 4.520553112030029 4.028807640075684 1.7970792055130005 2.3572521209716797
376 7.393078327178955 7.4124274253845215 4.288008213043213 4.259727954864502 1.854178547859192 2.4980876445770264
377 6.517576694488525 6.501130104064941 4.092804908752441 4.460484504699707 1.6241345405578613 2.3848140239715576
378 5.864192008972168 5.808901309967041 4.283251762390137 4.336606025695801 1.3485387563705444 2.218658685684204
379 5.735182762145996 5.599345684051514 3.911146879196167 4.430583953857422 1.3063770532608032 2.2590811252593994
380 5.541179180145264 5.404739856719971 3.9931886196136475 4.302517414093018 1.210566759109497 2.1596696376800537
381 5.554998874664307 5.391857624053955 3.7992312908172607 4.317659378051758 1.2694858312606812 2.1358957290649414
382 5.528497695922852 5.410165309906006 4.259784698486328 4.721336841583252 1.501988172531128 2.1474273204803467
383 5.452861309051514 5.316201210021973 3.946898937225342 4.604063034057617 1.6615614891052246 2.1689274311065674
384 5.789580345153809 5.699084758758545 3.958221197128296 4.408087253570557 1.7816401720046997 2.096510171890259
385 5.657907009124756 5.570239067077637 4.029529571533203 4.5409440994262695 1.5715582370758057 2.215834856033325
386 5.711600303649902 5.589853286743164 4.078129291534424 4.492632865905762 1.9337140321731567 2.0609283447265625
387 5.810847759246826 5.695823669433594 4.051076889038086 4.425005912780762 1.569053292274475 2.084317684173584
388 5.363105773925781 5.230576038360596 4.224908828735352 4.283105373382568 1.565919280052185 2.0492494106292725
389 5.40438175201416 5.260469436645508 3.9464352130889893 4.179731845855713 1.7767640352249146 2.0402607917785645
390 5.470719337463379 5.267233371734619 4.2076520919799805 4.043731689453125 1.6684433221817017 2.2329728603363037
391 5.97043514251709 5.83921480178833 4.753828048706055 4.118079662322998 1.8013380765914917 2.3245902061462402
392 5.957249641418457 5.830358028411865 4.720020294189453 4.25126314163208 1.983615756034851 2.275120496749878
393 6.191323280334473 6.091261863708496 4.86273717880249 4.115110397338867 1.527849555015564 2.188164234161377
394 5.980982780456543 5.8325347900390625 4.890013217926025 4.178893089294434 1.8196015357971191 2.458559513092041
395 6.155096530914307 6.06204080581665 4.624043941497803 4.460480213165283 1.910323143005371 2.2919046878814697
396 5.917500972747803 5.805815696716309 4.856787204742432 4.360034942626953 1.9752635955810547 2.228102445602417
397 5.8141045570373535 5.708684921264648 4.970669269561768 4.519256114959717 1.8062947988510132 2.2988290786743164
398 5.478005886077881 5.370291709899902 4.750999927520752 4.549192905426025 1.6873246431350708 2.1978671550750732
399 5.661620616912842 5.533238410949707 4.3474578857421875 4.30704402923584 1.6572821140289307 2.2727887630462646
400 5.5346879959106445 5.395638942718506 4.77508020401001 4.4023919105529785 2.2057628631591797 2.124239206314087
401 5.632925510406494 5.515142440795898 4.601110935211182 4.282519817352295 1.7728307247161865 2.256027936935425
402 5.8478922843933105 5.733383655548096 4.720909595489502 4.263792037963867 1.5837986469268799 2.276491403579712
403 5.8494086265563965 5.731298923492432 4.699671268463135 4.271014213562012 1.8516459465026855 2.336764097213745
404 5.65794038772583 5.53045129776001 4.823343753814697 4.135883808135986 1.7668911218643188 2.1975080966949463
405 5.64373779296875 5.52446985244751 4.865185260772705 4.057464122772217 1.7810722589492798 2.1162781715393066
406 6.11936616897583 6.033562660217285 4.801944732666016 4.410708904266357 1.8565086126327515 2.3248777389526367
407 6.254560947418213 6.21421480178833 4.5942063331604 4.207416534423828 1.248199224472046 2.336679697036743
408 5.971199035644531 5.896925449371338 4.687906265258789 4.185620307922363 1.1310511827468872 2.29177188873291
409 5.914734363555908 5.803341388702393 4.703889846801758 4.240610599517822 1.3379268646240234 2.3122947216033936
410 5.804313659667969 5.716453552246094 5.0487060546875 4.356361389160156 1.8729602098464966 2.215780735015869
411 5.97490930557251 5.944238185882568 5.152285099029541 4.235347270965576 1.836661696434021 2.369096279144287
412 5.841522693634033 5.751889228820801 4.9773054122924805 3.8692538738250732 1.5281485319137573 2.1443281173706055
413 5.864686489105225 5.7751054763793945 4.990767478942871 3.947944164276123 1.4303884506225586 2.304851770401001
414 5.975616455078125 5.935030937194824 5.450741767883301 4.140115737915039 1.5970500707626343 2.174546003341675
415 5.9752373695373535 5.937037944793701 5.097778797149658 3.9650678634643555 1.6462814807891846 2.366649627685547
416 6.0026702880859375 5.952369689941406 5.0808281898498535 4.487449645996094 1.2881613969802856 2.2633259296417236
417 5.758065700531006 5.705708026885986 4.970400333404541 4.378905296325684 1.3602336645126343 2.2090368270874023
418 6.0228190422058105 5.926651477813721 4.9435319900512695 4.320252895355225 1.3972550630569458 2.2285232543945313
419 6.124220371246338 6.093489646911621 4.954318046569824 4.283596992492676 1.2235647439956665 2.281416893005371
420 6.007697582244873 5.89682149887085 5.146355152130127 4.159839153289795 1.3303827047348022 2.2225778102874756
421 6.025245189666748 5.9579057693481445 4.953842639923096 4.430237770080566 1.327252984046936 2.420431137084961
