1 	 20.49713706970215
2 	 18.371116638183594
3 	 16.09968376159668
4 	 13.969220161437988
5 	 13.135211944580078
6 	 11.873576164245605
7 	 9.453660011291504
8 	 9.236124992370605
9 	 6.801560878753662
10 	 7.587400436401367
11 	 6.246155738830566
12 	 4.417201995849609
13 	 2.630718946456909
14 	 2.089787006378174
15 	 2.265692710876465
16 	 2.847385883331299
17 	 2.7090954780578613
18 	 2.8347058296203613
19 	 2.3430416584014893
20 	 2.3918678760528564
21 	 2.5097670555114746
22 	 1.9205347299575806
23 	 1.690271258354187
24 	 1.7050073146820068
25 	 1.829094409942627
26 	 1.7663789987564087
27 	 2.1383168697357178
28 	 2.445418357849121
29 	 1.8236414194107056
30 	 1.735419750213623
31 	 1.3710124492645264
32 	 1.2695437669754028
33 	 1.2255998849868774
34 	 1.389939546585083
35 	 1.5160694122314453
36 	 1.3876538276672363
37 	 1.385536789894104
38 	 1.5872833728790283
39 	 1.7575992345809937
40 	 1.7950427532196045
41 	 1.5469783544540405
42 	 1.4819095134735107
43 	 1.709845781326294
44 	 1.6568312644958496
45 	 1.3811360597610474
46 	 1.3936270475387573
47 	 1.5724520683288574
48 	 1.408854365348816
49 	 1.2483181953430176
50 	 1.1779365539550781
51 	 1.462537407875061
52 	 1.3372188806533813
53 	 1.2859493494033813
54 	 1.0519421100616455
55 	 1.111796259880066
56 	 1.1300106048583984
57 	 1.190168023109436
58 	 1.0249354839324951
59 	 0.9144407510757446
60 	 1.0198800563812256
61 	 1.191515564918518
62 	 1.122816801071167
63 	 1.176391839981079
64 	 1.4986480474472046
65 	 1.8272721767425537
66 	 1.7356635332107544
67 	 3.303323984146118
68 	 3.4145407676696777
69 	 3.5013787746429443
70 	 4.735896587371826
71 	 4.868627548217773
72 	 3.7618319988250732
73 	 2.6490883827209473
74 	 1.5544058084487915
75 	 1.0385634899139404
76 	 1.0196027755737305
77 	 0.89675372838974
78 	 0.8164888620376587
79 	 0.8125073909759521
80 	 0.8362288475036621
81 	 0.9128783941268921
82 	 1.036038875579834
83 	 1.1161141395568848
84 	 0.987191915512085
85 	 1.012662410736084
86 	 1.1570539474487305
87 	 1.1615450382232666
88 	 1.079712152481079
89 	 1.125614047050476
90 	 1.2441014051437378
91 	 1.1275275945663452
92 	 1.0534499883651733
93 	 1.200291633605957
94 	 1.2796066999435425
95 	 1.1652153730392456
96 	 1.084747076034546
97 	 1.3455551862716675
98 	 1.5256528854370117
99 	 1.5284748077392578
100 	 1.77678644657135
101 	 2.381620168685913
102 	 3.1073038578033447
103 	 2.8110594749450684
104 	 2.833509683609009
105 	 2.9328696727752686
106 	 2.9248385429382324
107 	 2.2321724891662598
108 	 1.7251653671264648
109 	 1.3124704360961914
110 	 1.6905537843704224
111 	 1.8726301193237305
112 	 1.7449235916137695
113 	 1.2042218446731567
114 	 1.2034626007080078
115 	 1.1055790185928345
116 	 1.2370527982711792
117 	 1.131698489189148
118 	 0.9615216255187988
119 	 1.2185215950012207
120 	 1.6446595191955566
121 	 2.241957426071167
122 	 2.343519449234009
123 	 2.465923309326172
124 	 2.848120927810669
125 	 2.60469126701355
126 	 2.1419782638549805
127 	 1.4106309413909912
128 	 1.1208093166351318
129 	 0.8780930638313293
130 	 0.942284345626831
131 	 0.7825533151626587
132 	 0.7934882640838623
133 	 0.7022135853767395
134 	 0.6592851877212524
135 	 0.6376761794090271
136 	 0.6233397126197815
137 	 0.6495077013969421
138 	 0.6559867262840271
139 	 0.7372288107872009
140 	 0.7890349626541138
141 	 0.9341698884963989
142 	 1.0948433876037598
143 	 0.8409551382064819
144 	 0.7909201979637146
145 	 0.7426242232322693
146 	 0.7452211976051331
147 	 0.8390451073646545
148 	 0.8592754006385803
149 	 0.7906820178031921
150 	 0.866382360458374
151 	 0.9101406931877136
152 	 0.9222908616065979
153 	 0.8040797710418701
154 	 0.7742214798927307
155 	 0.8134508728981018
156 	 0.8224859237670898
157 	 0.7413401007652283
158 	 0.7735945582389832
159 	 0.8613454699516296
160 	 0.8673065304756165
161 	 0.8053472638130188
162 	 0.8504440784454346
163 	 0.9679232239723206
164 	 0.9355119466781616
165 	 0.8945437073707581
166 	 1.034782886505127
167 	 1.1417236328125
168 	 1.143877625465393
169 	 1.4184430837631226
170 	 1.6404467821121216
171 	 1.5593562126159668
172 	 1.0882349014282227
173 	 1.0313653945922852
174 	 0.8296080827713013
175 	 0.9099238514900208
176 	 0.7864459156990051
177 	 0.757279098033905
178 	 0.7765356302261353
179 	 0.8454784750938416
180 	 1.0936869382858276
181 	 1.6073739528656006
182 	 1.4332122802734375
183 	 1.879900336265564
184 	 2.1997199058532715
185 	 2.3353993892669678
186 	 1.7194627523422241
187 	 1.4825217723846436
188 	 1.8727208375930786
189 	 1.6856138706207275
190 	 1.2624404430389404
191 	 1.4982080459594727
192 	 1.6906238794326782
193 	 1.4731853008270264
194 	 1.4000630378723145
195 	 1.241583228111267
196 	 1.403087854385376
197 	 1.9034266471862793
198 	 2.0905392169952393
199 	 2.2745110988616943
200 	 1.9673322439193726
201 	 2.046203136444092
202 	 1.5990298986434937
203 	 1.4981759786605835
204 	 1.218793511390686
205 	 1.094811201095581
206 	 1.219422698020935
207 	 1.0824744701385498
208 	 0.930925190448761
209 	 0.9845535755157471
210 	 1.074225664138794
211 	 1.1552587747573853
212 	 1.007691502571106
213 	 1.0314854383468628
214 	 0.8976494073867798
215 	 0.8584038615226746
216 	 0.8276936411857605
217 	 0.7564085721969604
218 	 0.6623905897140503
219 	 0.8457754850387573
220 	 0.6792768836021423
221 	 0.6455920934677124
222 	 0.665151059627533
223 	 0.7392292618751526
224 	 0.9335252642631531
225 	 1.0207850933074951
226 	 0.9256067872047424
227 	 0.9416989684104919
228 	 0.6922985315322876
229 	 0.6371891498565674
230 	 0.5843668580055237
231 	 0.6258301734924316
232 	 0.6681718826293945
233 	 0.6343815922737122
234 	 0.787487268447876
235 	 0.7015843391418457
236 	 0.6254724264144897
237 	 0.6041461229324341
238 	 0.5801670551300049
239 	 0.5611460208892822
240 	 0.5584006309509277
241 	 0.5690739750862122
242 	 0.6639949083328247
243 	 0.7195343375205994
244 	 0.7838228940963745
245 	 0.8720796704292297
246 	 1.2272248268127441
247 	 1.3590757846832275
248 	 1.2110992670059204
249 	 1.003826379776001
250 	 0.9271451830863953
251 	 1.003541350364685
252 	 0.9256446957588196
253 	 0.7650727033615112
254 	 0.839069128036499
255 	 0.8880738019943237
256 	 0.7644222974777222
257 	 0.8018914461135864
258 	 0.8888708353042603
259 	 0.8160446882247925
260 	 0.7736291885375977
261 	 0.8975582122802734
262 	 0.886027991771698
263 	 0.8465192914009094
264 	 0.8918818831443787
265 	 1.0057388544082642
266 	 0.972103476524353
267 	 0.9850773811340332
268 	 1.1234077215194702
269 	 1.296402096748352
270 	 1.3144325017929077
271 	 1.213692545890808
272 	 1.0162959098815918
273 	 0.9859214425086975
274 	 0.8359515070915222
275 	 0.8658484816551208
276 	 0.9406756162643433
277 	 1.0809924602508545
278 	 1.1517363786697388
279 	 1.1416398286819458
280 	 0.9853620529174805
281 	 0.8226737380027771
282 	 0.795005738735199
283 	 0.7827568650245667
284 	 0.6991283297538757
285 	 0.695939838886261
286 	 0.7277950048446655
287 	 0.8061459064483643
288 	 0.9256888031959534
289 	 0.8553230166435242
290 	 0.8397833704948425
291 	 0.8131964206695557
292 	 0.8893296718597412
293 	 0.7669277191162109
294 	 0.6688680052757263
295 	 0.712096631526947
296 	 0.7112511396408081
297 	 0.8589386343955994
298 	 0.7172684073448181
299 	 0.8435531854629517
300 	 0.904960036277771
301 	 1.179366111755371
302 	 1.3307472467422485
303 	 1.8256702423095703
304 	 1.6610770225524902
305 	 1.4299505949020386
306 	 1.5426236391067505
307 	 1.8277150392532349
308 	 1.679908275604248
309 	 1.8449277877807617
310 	 1.7517361640930176
311 	 1.4797556400299072
312 	 1.5169601440429688
313 	 1.6150743961334229
314 	 1.38224458694458
315 	 1.1711400747299194
316 	 1.3729183673858643
317 	 1.466128945350647
318 	 1.3352937698364258
319 	 1.2430652379989624
320 	 0.9051415920257568
321 	 0.9293783903121948
322 	 1.0287621021270752
323 	 1.196352243423462
324 	 1.8813351392745972
325 	 3.4502885341644287
326 	 4.928200721740723
327 	 6.462522029876709
328 	 7.722323417663574
329 	 8.274188041687012
330 	 8.196769714355469
331 	 8.199212074279785
332 	 6.8146796226501465
333 	 5.449164867401123
334 	 3.4502665996551514
335 	 1.97976815700531
336 	 1.4086041450500488
337 	 1.187121033668518
338 	 1.0566304922103882
339 	 0.8102436661720276
340 	 0.8530099987983704
341 	 0.8552634119987488
342 	 1.0405566692352295
343 	 1.2174538373947144
344 	 1.1316685676574707
345 	 1.0627881288528442
346 	 1.3105987310409546
347 	 1.0551010370254517
348 	 0.9711546897888184
349 	 0.8331349492073059
350 	 0.8638423085212708
351 	 0.9409428834915161
352 	 0.9021972417831421
353 	 0.813890278339386
354 	 0.8649867177009583
355 	 0.9584493637084961
356 	 0.9450422525405884
357 	 0.8932044506072998
358 	 0.9272405505180359
359 	 1.0000122785568237
360 	 1.0158346891403198
361 	 1.0263112783432007
362 	 1.0641249418258667
363 	 1.0859318971633911
364 	 1.196887731552124
365 	 1.3242480754852295
366 	 1.3408699035644531
367 	 1.484346866607666
368 	 1.7011085748672485
369 	 1.7705717086791992
370 	 1.8408795595169067
371 	 2.107630729675293
372 	 2.3408114910125732
373 	 2.3275146484375
374 	 2.088097095489502
375 	 1.9637264013290405
376 	 1.6665717363357544
377 	 1.9662654399871826
378 	 2.036214828491211
379 	 1.6122658252716064
380 	 1.62989342212677
381 	 1.9718791246414185
382 	 2.976475954055786
383 	 4.214742183685303
384 	 5.76410436630249
