1 	 16.922836303710938
2 	 15.024696350097656
3 	 13.017510414123535
4 	 11.036813735961914
5 	 8.962775230407715
6 	 8.021309852600098
7 	 5.934791564941406
8 	 5.461969375610352
9 	 3.2640836238861084
10 	 2.8530075550079346
11 	 3.524103879928589
12 	 3.1162285804748535
13 	 2.2715601921081543
14 	 1.4546072483062744
15 	 1.3698227405548096
16 	 1.7432109117507935
17 	 1.7224690914154053
18 	 1.788382649421692
19 	 1.4290395975112915
20 	 1.5272284746170044
21 	 1.5954991579055786
22 	 1.2023944854736328
23 	 1.0297577381134033
24 	 1.0516504049301147
25 	 1.1381137371063232
26 	 1.0913889408111572
27 	 1.472908616065979
28 	 1.5245890617370605
29 	 1.1907908916473389
30 	 1.2885419130325317
31 	 0.938678503036499
32 	 0.9131476283073425
33 	 0.8825342655181885
34 	 0.9436400532722473
35 	 1.087633728981018
36 	 0.9892223477363586
37 	 0.8799882531166077
38 	 1.0582667589187622
39 	 1.147067904472351
40 	 1.238838791847229
41 	 1.0450546741485596
42 	 0.922086238861084
43 	 1.1214957237243652
44 	 1.168068528175354
45 	 0.9594037532806396
46 	 1.016964316368103
47 	 1.1285077333450317
48 	 0.9935713410377502
49 	 0.9518267512321472
50 	 0.9404720067977905
51 	 1.1655919551849365
52 	 1.1237503290176392
53 	 1.0777332782745361
54 	 0.8907719254493713
55 	 0.861634373664856
56 	 0.7927141785621643
57 	 0.8871105909347534
58 	 0.841607391834259
59 	 0.6965270638465881
60 	 0.725159227848053
61 	 0.9025000333786011
62 	 0.8906242847442627
63 	 0.8667553067207336
64 	 0.9378325343132019
65 	 1.2945761680603027
66 	 1.3239725828170776
67 	 1.5083913803100586
68 	 1.6176271438598633
69 	 1.9407355785369873
70 	 2.386337995529175
71 	 2.4278159141540527
72 	 2.111748218536377
73 	 1.5054984092712402
74 	 1.0709140300750732
75 	 0.8390569686889648
76 	 0.7568437457084656
77 	 0.6772038340568542
78 	 0.6958474516868591
79 	 0.7337597012519836
80 	 0.8126710653305054
81 	 0.8585087656974792
82 	 0.9297298192977905
83 	 0.9114092588424683
84 	 0.7936194539070129
85 	 0.8205980062484741
86 	 0.8721834421157837
87 	 0.8205534815788269
88 	 0.782437264919281
89 	 0.8509798645973206
90 	 0.9626047015190125
91 	 0.820605456829071
92 	 0.8385923504829407
93 	 0.8533658981323242
94 	 1.045768141746521
95 	 1.1509324312210083
96 	 0.9804508686065674
97 	 1.0472519397735596
98 	 1.4283103942871094
99 	 1.6165968179702759
100 	 1.595657467842102
101 	 1.6371159553527832
102 	 1.1732779741287231
103 	 1.317432165145874
104 	 1.1585749387741089
105 	 1.4577456712722778
106 	 1.6377142667770386
107 	 1.379996418952942
108 	 1.0828403234481812
109 	 0.8398366570472717
110 	 0.9981371760368347
111 	 0.8705881834030151
112 	 0.8171974420547485
113 	 0.9034444093704224
114 	 0.9720844626426697
115 	 1.111226201057434
116 	 1.435752034187317
117 	 1.2933779954910278
118 	 0.9870657920837402
119 	 1.3409866094589233
120 	 2.461290121078491
121 	 3.1738572120666504
122 	 2.6180145740509033
123 	 1.9400920867919922
124 	 1.8089762926101685
125 	 1.7351715564727783
126 	 1.4365499019622803
127 	 1.1655852794647217
128 	 0.7627214789390564
129 	 0.6939436793327332
130 	 0.7379422783851624
131 	 0.6548711657524109
132 	 0.5447977781295776
133 	 0.4619738757610321
134 	 0.45158466696739197
135 	 0.4544376730918884
136 	 0.5168795585632324
137 	 0.656189501285553
138 	 0.6465200781822205
139 	 0.7389569282531738
140 	 0.8387631773948669
141 	 0.9738339781761169
142 	 1.1456114053726196
143 	 0.9340392351150513
144 	 0.9082224369049072
145 	 0.8214520215988159
146 	 0.8724526166915894
147 	 0.9228758811950684
148 	 0.9169531464576721
149 	 0.9030870199203491
150 	 0.9626027345657349
151 	 0.9878542423248291
152 	 0.9807593822479248
153 	 0.880774736404419
154 	 0.8396693468093872
155 	 0.8840636014938354
156 	 0.8963726162910461
157 	 0.8221750259399414
158 	 0.8300794363021851
159 	 0.932741641998291
160 	 0.935619056224823
161 	 0.8114259839057922
162 	 0.8492437601089478
163 	 1.0074464082717896
164 	 0.9488644003868103
165 	 0.8361546397209167
166 	 0.9355162382125854
167 	 1.0573360919952393
168 	 1.0746386051177979
169 	 1.3312870264053345
170 	 1.5267950296401978
171 	 1.4408665895462036
172 	 1.0687575340270996
173 	 0.9497548937797546
174 	 0.7870789170265198
175 	 0.8759217262268066
176 	 0.7424225211143494
177 	 0.7125577330589294
178 	 0.7615543007850647
179 	 0.9019372463226318
180 	 1.1638538837432861
181 	 1.2331187725067139
182 	 1.305068850517273
183 	 1.6628589630126953
184 	 1.7983739376068115
185 	 1.8792061805725098
186 	 1.5097616910934448
187 	 1.2761650085449219
188 	 1.4897514581680298
189 	 1.4215608835220337
190 	 1.1062268018722534
191 	 1.1777191162109375
192 	 1.3772118091583252
193 	 1.2631826400756836
194 	 1.0764093399047852
195 	 0.9550020098686218
196 	 1.0051740407943726
197 	 1.2645282745361328
198 	 1.4099760055541992
199 	 1.5065058469772339
200 	 1.822300672531128
201 	 2.578538656234741
202 	 2.119610071182251
203 	 2.435307502746582
204 	 3.0902414321899414
205 	 2.5605854988098145
206 	 1.9895213842391968
207 	 2.913299560546875
208 	 3.1969285011291504
209 	 2.609360456466675
210 	 2.4600634574890137
211 	 1.7109869718551636
212 	 1.4417973756790161
213 	 1.124752402305603
214 	 1.0944125652313232
215 	 1.0288540124893188
216 	 0.8549289703369141
217 	 0.7341983318328857
218 	 0.7313116192817688
219 	 0.8799036741256714
220 	 0.6360195279121399
221 	 0.6023079752922058
222 	 0.6008764505386353
223 	 0.6930856108665466
224 	 0.8590195178985596
225 	 0.9327006936073303
226 	 0.8175294995307922
227 	 0.7289355397224426
228 	 0.5673526525497437
229 	 0.5354845523834229
230 	 0.5488947629928589
231 	 0.5731604099273682
232 	 0.6650934815406799
233 	 0.6764095425605774
234 	 0.698427140712738
235 	 0.7019485235214233
236 	 0.7723885774612427
237 	 0.6653501987457275
238 	 0.7790493369102478
239 	 0.7051369547843933
240 	 0.6144452691078186
241 	 0.46752047538757324
242 	 0.5149990320205688
243 	 0.5702493786811829
244 	 0.7005376219749451
245 	 0.789810061454773
246 	 0.849518358707428
247 	 0.9131602644920349
248 	 1.0772602558135986
249 	 0.8232724666595459
250 	 0.9157796502113342
251 	 0.8851747512817383
252 	 0.6842098236083984
253 	 0.6718089580535889
254 	 0.859283983707428
255 	 0.7966631650924683
256 	 0.6876636743545532
257 	 0.8106721043586731
258 	 0.8831505179405212
259 	 0.7912547588348389
260 	 0.753494381904602
261 	 0.8997802734375
262 	 0.8932014107704163
263 	 0.8472777009010315
264 	 0.906366765499115
265 	 1.0318052768707275
266 	 0.9854860305786133
267 	 1.0032730102539063
268 	 1.2031469345092773
269 	 1.4043749570846558
270 	 1.4139455556869507
271 	 1.342781662940979
272 	 1.0395818948745728
273 	 1.0484877824783325
274 	 0.8558734059333801
275 	 0.867314338684082
276 	 0.8748617768287659
277 	 0.8560180068016052
278 	 0.9217150807380676
279 	 0.9339467883110046
280 	 0.7755258679389954
281 	 0.6987836956977844
282 	 0.6780548691749573
283 	 0.695328950881958
284 	 0.610928475856781
285 	 0.6566030979156494
286 	 0.6616710424423218
287 	 0.6703192591667175
288 	 0.6667611002922058
289 	 0.5927261710166931
290 	 0.6239643096923828
291 	 0.6388342380523682
292 	 0.5864593982696533
293 	 0.5623860359191895
294 	 0.5199258923530579
295 	 0.5309807062149048
296 	 0.4482666552066803
297 	 0.622062623500824
298 	 0.5299159288406372
299 	 0.6290683150291443
300 	 0.6296114921569824
301 	 0.7902465462684631
302 	 0.9443072080612183
303 	 1.364225149154663
304 	 1.0673986673355103
305 	 0.8885646462440491
306 	 1.1222528219223022
307 	 1.4076725244522095
308 	 1.317649245262146
309 	 1.7334160804748535
310 	 1.5881400108337402
311 	 1.1781338453292847
312 	 1.2492786645889282
313 	 1.3633160591125488
314 	 1.0779542922973633
315 	 0.8380156755447388
316 	 1.1158814430236816
317 	 1.1997365951538086
318 	 0.9795083999633789
319 	 0.9947496056556702
320 	 0.6900568008422852
321 	 0.7162956595420837
322 	 0.8476996421813965
323 	 0.9383695125579834
324 	 0.9675607681274414
325 	 1.3978010416030884
326 	 1.7527989149093628
327 	 1.754418969154358
328 	 1.5350699424743652
329 	 1.7841033935546875
330 	 2.0146336555480957
331 	 2.9274864196777344
332 	 2.496807336807251
333 	 2.332026958465576
334 	 2.0861964225769043
335 	 1.5038384199142456
336 	 0.9294728636741638
337 	 0.7584649920463562
338 	 0.6012782454490662
339 	 0.45521867275238037
340 	 0.4620782136917114
341 	 0.5347291827201843
342 	 0.6979023218154907
343 	 0.7196442484855652
344 	 0.6120680570602417
345 	 0.7013695240020752
346 	 0.8122531771659851
347 	 0.7164379954338074
348 	 0.6889453530311584
349 	 0.6085983514785767
350 	 0.6360341310501099
351 	 0.6316120624542236
352 	 0.572570264339447
353 	 0.5436779856681824
354 	 0.6098247766494751
355 	 0.6381553411483765
356 	 0.5613529682159424
357 	 0.6127951145172119
358 	 0.658673882484436
359 	 0.6401262879371643
360 	 0.6161139011383057
361 	 0.7126306891441345
362 	 0.7242738008499146
363 	 0.675614058971405
364 	 0.7522255182266235
365 	 0.8771680593490601
366 	 0.8713871836662292
367 	 0.9439692497253418
368 	 1.150036334991455
369 	 1.2149964570999146
370 	 1.2516840696334839
371 	 1.4820871353149414
372 	 1.7356963157653809
373 	 1.7609223127365112
374 	 1.5551873445510864
375 	 1.5254206657409668
376 	 1.2591124773025513
377 	 1.6331839561462402
378 	 1.716386079788208
379 	 1.2937335968017578
380 	 1.3347830772399902
381 	 1.6271147727966309
382 	 2.380810022354126
383 	 3.670652389526367
384 	 5.3150458335876465
