0 2.8450218343986955
1 4.625299998760501
2 5.168066640591289
3 3.3861179368062015
4 6.734415712830332
5 5.7149737946122485
6 3.846063407043501
7 3.33794829900718
8 4.199524454888304
9 3.040298924672939
10 3.050392311582988
11 2.9898669151915955
12 3.6098466502661712
13 2.996597453313779
14 3.2940855098449227
15 2.972759524460236
16 3.5412551296580967
17 5.893191181343501
18 5.600116729895568
19 6.250663580684635
20 4.231193285610258
21 3.8455285179830705
22 4.172720590928984
23 5.567817190665585
24 5.1004898231508635
25 5.012074939777087
26 4.765313157939768
27 5.726297688240169
28 3.5950480036796764
29 3.09064696466092
30 4.021851552781094
31 6.143778090316076
32 4.906779962303766
33 8.127814873700022
34 6.662650879445374
35 7.0559902504674135
36 9.291140082796481
37 4.606268574696002
38 5.260853164980817
39 6.334776970526233
40 3.784981533903338
41 6.100114370027022
42 3.7913899375898894
43 3.180266842331812
44 4.340448958095444
45 3.1635750394142694
46 5.120220603298668
47 3.270551624543352
48 3.2655296908603337
49 3.220524466555578
50 3.601182878460311
51 6.431892322967171
52 3.8270352932798386
53 3.710937340289357
54 3.319777280831735
55 3.919901201989116
56 3.1676258005529507
57 3.865348753236291
58 3.802455948464046
59 5.9407085144775085
60 5.261614713677879
61 3.891297536206729
62 2.9623296628801823
63 3.1055772634038705
64 4.357636178318965
65 4.3485720027318076
66 3.457944111641238
67 5.177835410960844
68 3.505338952402616
69 4.186181005217417
70 2.930886806612595
71 3.5653498895609723
72 2.8828087459902556
73 3.815023589158684
74 2.997964354760074
75 3.8005375415197777
76 3.460245701879567
77 3.6477517903767938
78 4.050694478605838
79 3.105915539204295
80 3.01720196172544
81 5.991367139982555
82 3.1638382473177757
83 2.8105178011389396
84 4.077277436149826
85 4.686679178787437
86 5.636918052663303
87 5.810931885591193
88 5.551460497465875
89 5.657776106069743
90 6.38451150534806
91 5.491299126623666
92 5.422636926882275
93 3.790794475600023
94 5.010809896798901
95 4.653411265624599
96 4.621918135188981
97 4.547019432150368
98 5.139687852278015
99 4.923518482245127
100 6.070321639211522
101 5.274049108843126
102 5.288558699772248
103 3.946655626051749
104 4.52292964101454
105 4.830189405509775
106 3.9850491000183315
107 5.505868465825579
108 4.299407685025878
109 4.860433964361198
110 5.2471890854277605
111 5.983415328800751
112 5.2962349896788785
113 4.600283567939322
114 5.915163606224539
115 6.5046511205004816
116 4.687036400522924
117 3.134086394966062
118 7.438311204976986
119 3.9247285919648913
120 5.717360002520712
121 7.931646482562522
122 6.934134736506025
123 7.100006856616662
124 6.642807002617952
125 7.705899222949796
126 6.097555818541148
127 4.821874828404646
128 7.564111853932793
129 7.563987050726277
130 8.20466992317092
131 6.9203330131608
132 7.498731411570206
133 5.652795734704824
134 7.329509386215311
135 3.734528519058864
136 6.62555688699107
137 6.720094101318723
138 6.261953798807651
139 5.25298834976487
140 7.634310166957329
141 6.238983959715814
142 5.1091591343669025
143 4.637305803726533
144 7.325332247236608
145 7.712022624990345
146 4.337995001286904
147 7.549152296030881
148 5.107731064080051
149 5.63067567578418
150 8.051593981645626
151 4.8415440999093216
152 7.6938945886787335
153 7.055030658569235
154 5.517072799045226
155 7.474551345840523
156 5.829099035382736
157 2.939031373142761
158 4.912128602550274
159 3.1124749832940974
160 6.3024269113782285
161 8.587481420966927
162 5.338640802743114
163 7.06822432258255
164 6.268851304052204
165 6.886610640149119
166 7.281674087400988
167 6.740228860323797
168 7.651873745581891
169 3.584046620376306
170 5.777559887604981
171 8.029451688887725
172 6.254349953205317
173 8.118794372988367
174 6.254349670924491
175 5.285045121945273
176 7.957877352582977
177 4.778032683689439
178 5.909027715663524
179 5.17363513722043
180 5.050949181466929
181 7.167949080975305
182 6.119549667929649
183 6.800713373493573
184 7.015881617231301
185 4.902212897028049
186 5.829614920433904
187 5.674345361492165
188 6.13684582149407
189 5.948133507255893
190 5.5800916275370485
191 4.996720099301145
192 6.292648050834623
193 7.309542099986438
194 3.860594189106846
195 6.969361051341279
196 6.402007870434602
197 6.148991470322466
198 5.9413867886004885
199 4.908472847642945
200 3.080080382128861
201 4.739935771107514
202 5.406794019555247
203 8.047188708161961
204 8.081690712930696
205 4.111969823176649
206 4.219977492625443
207 5.325159468577856
208 3.4800152915525726
209 3.4987565074629337
210 4.5481515614412915
211 4.233638218412173
212 3.674151472922326
213 4.462430918394108
214 3.7227693425008375
215 3.5930215414031452
216 3.8820224783856285
217 5.901686788622587
218 2.9708572929423376
219 3.7607594204407397
220 3.62349252530662
221 3.4891267398259935
222 3.4781179791374917
223 5.0334972271344425
224 3.803970783067344
225 5.332804103961376
226 4.924630190033228
227 3.6933190944242114
228 5.136172159777033
229 3.987404942897729
230 6.82600874700638
231 3.9158151965134147
232 4.330288685715973
233 3.169070202842943
234 3.750064876472995
235 4.422556114266139
236 4.791408106380162
237 3.0252768927178075
238 3.688765402658566
239 6.351881110482453
240 3.104996352954844
241 3.6453944306623653
242 4.294199534611149
243 3.0368322520186872
244 3.3757429288132172
245 3.6794845660726163
246 7.432270962358017
247 8.843008504757023
248 5.101510927287605
249 7.792275236051054
250 6.600603050338045
251 6.803783134239621
252 5.946275696119373
253 7.176877645490986
254 4.95852851086984
255 6.833344002925466
256 8.488873461502438
257 7.360738959684203
258 4.477611442236976
259 4.996898995148795
260 4.502544822836288
261 5.309286271028193
262 8.186754028842813
263 7.940560469786494
264 9.957920236544767
265 7.656483022932
266 5.223583148879623
267 8.219273052463405
268 6.355238463692194
269 7.480305053030294
270 7.87568957056057
271 9.743197533494174
272 9.15212393103914
273 4.781105798808475
274 9.837134759816834
275 4.824902233547053
276 3.65224509485669
277 5.222176043783172
278 7.2530056092338056
279 5.8217753980462215
280 5.642925643248804
281 5.728779858054459
282 5.961638652866981
283 5.621251819678887
284 6.186999030378112
285 6.760336203468959
286 8.4813347346264
287 8.22180064031921
288 9.219073347248678
289 10.170792745101451
290 7.169556118674884
291 6.189828899925486
292 7.066171032479489
293 9.329037006327795
294 8.308093886989159
295 9.757642606703687
296 9.555881683176477
297 9.308454774193683
298 7.359964515057384
299 7.611472146480832
300 8.74138150597804
301 9.797133614186368
302 7.696628197284214
303 7.814203270405691
304 10.702278221311179
305 8.476689211048836
306 5.083344148755102
307 7.195145567848405
308 6.814579765592332
309 9.532441220494501
310 10.14372494822669
311 6.328578053779643
312 5.257707325878531
313 4.758551593381692
314 9.633836049834894
315 12.063419888378967
316 7.578951117741998
317 8.796141657921794
318 8.917582979420782
319 10.461896650809841
320 10.435368854437684
321 8.271493324738403
322 10.021955949567063
323 9.096606727694061
324 11.173510304656736
325 8.273510406723565
326 6.106006692084004
327 6.680854154494045
328 9.590997256341323
329 7.57971644132564
330 7.552306703740115
331 7.442672152591603
332 8.893080492869048
333 6.584817750911081
334 7.879882169155462
335 2.7875594453163526
336 7.425657885995452
337 6.626914093801421
338 8.303936872749302
339 5.2576992658048844
340 6.29372560109914
341 6.988748876112
342 6.290956480965448
343 7.840087252340178
344 6.940902792823342
345 8.381944551386749
346 6.808977481651148
347 9.508025331972762
348 8.766286998444349
349 6.136837899280211
350 8.995714991650248
351 5.317598816860884
352 8.452415544177882
353 8.463827968920846
354 9.460200875576145
355 7.835267794570661
356 7.277148370724539
357 9.218374710783324
358 7.2758996163069325
359 8.93968343227292
360 8.387200536248201
361 9.275608277279199
362 7.824155123959845
363 8.524324203041285
364 7.49543996016877
365 6.418738438556783
366 6.479283383556192
367 6.3663841817885825
368 6.52007885456537
369 9.170180620022032
370 8.098052389418019
371 6.4737051757000055
372 5.560692435294756
373 4.132600867699562
374 3.441013906283887
375 5.712072664347577
376 5.7621140569772225
377 5.883611977848324
378 10.755380598517714
379 6.333548041706976
380 5.591678619039131
381 7.176162581651007
382 8.059242940096638
383 8.446784718061002
384 9.071385963157592
385 6.5142015776739814
386 7.217447076688732
387 6.825879344406975
388 7.216947660244408
389 5.560883910558641
390 5.435640358141128
391 6.474518090752226
392 5.304424333256113
393 6.929346556480692
394 6.525187165316153
395 5.17421382759395
396 4.9013246071724295
397 4.068328713278727
398 4.947653386981431
399 8.432968629262396
400 6.34361096793694
401 11.501886407490627
402 6.25358050210113
403 5.600970372311456
404 6.706150888873864
405 5.742178943407362
406 5.532718920125791
407 6.438400802798024
408 9.02145218778052
409 11.313692812738742
410 3.8989255821013873
411 4.389783069737884
412 8.655569798435716
413 7.793890710789573
414 9.867958069531024
415 8.664238790869366
416 7.619518855634552
417 5.594497390870912
418 4.998236462863434
419 4.930691282939568
420 8.789160656828056
421 126.61551037271893
