0 4.745051998878575
1 4.299976521132764
2 4.919968367671479
3 5.922812976983667
4 6.141937843432559
5 5.305667228264962
6 4.819842902479593
7 4.878005513078187
8 4.8504558936324065
9 5.632592097798129
10 4.669659482453366
11 4.622876174528586
12 4.876569664497739
13 4.77113216383483
14 4.1783005702096885
15 3.7519174033976137
16 4.253574803295289
17 6.668957111092609
18 5.798516257190495
19 3.3690137023686373
20 3.803958485882356
21 5.430413906231091
22 5.024191753835062
23 4.832277219063872
24 4.8351224455234405
25 3.547434435810866
26 4.153577994957409
27 3.9827997770617
28 3.470721312896734
29 5.0032145895008995
30 3.832362729367433
31 5.572057220428247
32 5.194324108606355
33 5.010680051817684
34 4.283292984501786
35 7.539261452665859
36 4.068290547899832
37 5.336104109590474
38 8.18602383303661
39 7.498518256343023
40 9.137709862545925
41 7.265320010774516
42 6.64470348302018
43 9.52383578323949
44 9.201759707834425
45 8.737211490254134
46 6.599045381821243
47 7.365451840722028
48 10.003266233985286
49 6.659664813896746
50 8.550844432337197
51 3.6787077833428454
52 4.4647755658349855
53 8.631189045825494
54 7.614474148501806
55 3.401131144252862
56 6.39070650464701
57 5.7735704802246985
58 6.352151953417701
59 7.828022953291811
60 6.632367233284918
61 5.985264342849338
62 5.006126979327308
63 6.457158198107545
64 6.054964963406659
65 5.21999955525197
66 7.881408730813393
67 5.978501837733464
68 7.503979842969865
69 6.204604381615547
70 6.074357138225265
71 6.408930404101165
72 5.700149227832081
73 5.417683474630682
74 5.3355779577482325
75 8.217219067408994
76 6.993919342529318
77 6.718235351081357
78 7.560356992907905
79 7.296658038633933
80 7.866690248965887
81 6.646038734055946
82 6.874759797861003
83 7.082845543325823
84 4.674923533577547
85 7.794510252999128
86 6.553120717459803
87 6.492533633216917
88 6.711976392481382
89 5.454731905450089
90 6.428889476085135
91 5.4685813618354215
92 7.334856636637954
93 8.056231873302247
94 7.222556779852101
95 7.146427540485688
96 9.903948716433211
97 7.999570782610911
98 7.546276424245342
99 5.807933695894471
100 6.56700892397515
101 6.243189135530956
102 6.494035323425032
103 5.9708819047950605
104 4.863591283594867
105 7.204909273178251
106 5.7620288420643915
107 6.751270356153658
108 7.731851973387452
109 7.124750385894546
110 6.795216670806568
111 7.6336431887448635
112 3.988404413047439
113 7.268787318406342
114 7.884403853197318
115 6.411376398346392
116 6.313184470984231
117 5.235783108738224
118 5.685945575291842
119 4.832287464322357
120 7.133609921048726
121 6.081066725108155
122 9.184014142034183
123 7.411200965508509
124 9.191328739340483
125 7.730241630870498
126 7.632468434524974
127 7.157284922395776
128 5.100010624717741
129 6.185165385312603
130 7.564009295643238
131 6.6012402850866065
132 6.9545229890148885
133 5.327570784069569
134 6.037000571190293
135 7.833323818139002
136 8.03358527550465
137 8.19629922406998
138 4.660419750337205
139 5.007863569132918
140 5.169401401085477
141 5.087090682273159
142 4.579323299863613
143 4.971246153350909
144 5.04825949368584
145 4.882723872632211
146 6.394497544469421
147 9.1197801869251
148 7.864414570858709
149 6.19456372708796
150 5.356399707349078
151 5.9712798461131165
152 5.803238377035575
153 5.609044210890441
154 6.090727334621899
155 7.229838578569544
156 5.72595780408797
157 6.340750911762336
158 5.386363910537272
159 5.701026444810989
160 5.959313920815784
161 6.690845822299464
162 5.532575816233174
163 6.636959251313225
164 7.820356763350266
165 3.416695234757999
166 3.606787291986797
167 5.49785560471328
168 7.70029965919245
169 7.868385927924779
170 7.664319979178117
171 7.209675344654009
172 6.43345312031366
173 7.125123420948603
174 6.579808881825287
175 7.81723452498455
176 8.013912997741283
177 7.813462975032271
178 7.169915960641352
179 3.4534173118221987
180 7.55149454755649
181 6.5822188060163604
182 7.697846569316385
183 7.11930837613586
184 7.221506340016508
185 6.270986556663255
186 6.934882407593871
187 6.740966023265152
188 5.973834828746809
189 8.290604942693925
190 6.698879785499173
191 6.161760618688088
192 8.505110245766215
193 7.000807140823227
194 7.0840880139870235
195 6.4969660835117695
196 7.7048630142980885
197 6.459885448178501
198 8.378116250017024
199 7.294551155620382
200 7.294250584619852
201 4.83079661275703
202 7.267166267537511
203 6.69717056215822
204 7.258672867509585
205 7.4889537586121895
206 6.710990208037984
207 6.624295690050291
208 7.068839437147635
209 6.407955138848746
210 7.694340572800396
211 6.618315288473521
212 5.685007300945569
213 5.743186085974017
214 7.066291627498874
215 7.335479797753515
216 8.1902043493921
217 7.931386972242208
218 9.579359981030699
219 8.459656580791862
220 9.660990270548375
221 8.400339287967201
222 8.041696512691706
223 7.099582958878933
224 7.965455922695799
225 8.218814691104175
226 6.782636633183955
227 6.535840872292096
228 6.39240696301321
229 7.737151204458862
230 7.0215762492478575
231 8.610666835386105
232 8.700125859745768
233 8.021273753767309
234 9.769432455965168
235 7.54337325896515
236 8.686285464560932
237 8.068215881911783
238 6.980595176040245
239 8.177523471439365
240 7.108960250500601
241 5.835911554939025
242 9.925372263045793
243 7.632566428979933
244 8.400199650617958
245 8.34748930926007
246 8.036889064881327
247 8.567950103035427
248 7.805207347615932
249 7.6600815650866005
250 6.928923979241311
251 8.210553215742433
252 7.410053073794653
253 8.754415331295936
254 7.967144813755762
255 6.3791925314767255
256 8.600749282274892
257 6.142395019713078
258 8.943608384461708
259 7.796162752482719
260 8.193888100249438
261 7.133197793146856
262 6.746102431378596
263 7.122335747432654
264 5.620063690550982
265 6.704640970856278
266 9.289811022731222
267 6.223415512841931
268 8.752217721690911
269 8.288823657017186
270 7.294664495108728
271 8.342135156717193
272 6.854142131504667
273 7.052660361632448
274 7.415565128400047
275 9.093254704198758
276 8.607920136129826
277 7.57985354176393
278 7.6230552643578005
279 7.125367394644629
280 6.906877623461806
281 8.085555366695072
282 8.0397183653022
283 9.002025901979106
284 8.310919571371166
285 6.427019922221671
286 7.051152571986358
287 7.169218006681147
288 7.472122318388125
289 7.745509079893255
290 7.49846724101908
291 6.920093581398961
292 8.398785392229813
293 7.691527812978483
294 6.794327931213273
295 8.128717704720417
296 7.4383539678852895
297 7.633411715550396
298 6.886332786451584
299 7.459552593694516
300 6.792303503234425
301 6.9912026372777145
302 7.382910842943361
303 6.58277950411081
304 7.620958947239444
305 7.245888900377892
306 6.957802389601829
307 8.056400138630979
308 8.764617137022533
309 8.632340715688136
310 8.392223128549041
311 10.180314266420263
312 8.225501467369801
313 8.18790496888733
314 7.827809066609891
315 5.677578556809065
316 8.630661424727474
317 9.204960162374743
318 8.198049872532513
319 6.787024462452491
320 6.8543774239121085
321 7.077895122214016
322 6.479168199301094
323 8.220104365195118
324 7.466519158093238
325 6.836184833324246
326 5.484862147292558
327 8.546420160329648
328 8.479298414197647
329 7.489070619574741
330 7.948974381221776
331 8.061680928074408
332 5.530225110981605
333 9.49253172910741
334 8.970652936960438
335 7.451179742139393
336 9.257505714468651
337 7.29453000594345
338 8.432577447797144
339 9.360794832693259
340 8.214067504304495
341 7.936679907192631
342 8.801104065520052
343 7.616960200334961
344 9.542348208299206
345 8.544647295625273
346 7.258702506481986
347 7.840160571922672
348 9.332470553367916
349 8.299003692567549
350 9.08177348912587
351 8.680361759691678
352 6.660112657708695
353 7.289827032075336
354 8.083836265160821
355 8.324170250440236
356 8.09721500795069
357 8.242409624159063
358 9.067327263880852
359 8.132409832706719
360 5.58708235913064
361 9.077753514983431
362 4.636747150452947
363 7.749568935011066
364 7.294273718446715
365 7.6171142295072904
366 7.681172389872846
367 7.971747927056859
368 7.01379631922799
369 10.850047306917087
370 8.10301846689158
371 10.164028169998206
372 6.586978229590657
373 7.8955149434888945
374 7.554717256978645
375 5.815860255902156
376 7.23484887562406
377 9.766887235137764
378 6.9487862078781095
379 4.666270637820517
380 8.790371762654619
381 9.376812909488857
382 8.978980752252365
383 8.384276396943273
384 5.691687055373944
385 8.204931532993005
386 9.684774609677772
387 8.339919433997249
388 7.037065103921069
389 10.529856162578266
390 9.651949741166854
391 4.361021899266009
392 9.001576875576681
393 6.746990842077522
394 7.0905285273259935
395 8.198083660149607
396 7.094707597923342
397 5.688162285300165
398 10.034669953137499
399 4.393105649131368
400 8.232727993466604
401 8.064897631712116
402 9.752236295092366
403 9.466536373146473
404 8.95759562592068
405 9.728153534561178
406 9.90410783305209
407 6.72351159000918
408 7.936432112515767
409 7.887774031661985
410 7.766985360917718
411 7.448249702567154
412 7.738178617166138
413 7.526819597642705
414 8.605379149678395
415 3.1922093592256577
416 7.227094447225103
417 8.694809607277891
418 8.567641620453061
419 7.766738846913404
420 10.72155288360165
421 120.35266185206048
