0 2.8511780117461565
1 3.777008578108096
2 4.217807600598428
3 4.734396202431884
4 4.284531145538481
5 3.2121162736163877
6 3.3132909042687935
7 5.647680551339671
8 2.950426318872127
9 3.595233973943111
10 3.4861722353215
11 2.876734583500957
12 2.9962300252290244
13 2.882588399739241
14 3.3529840875204
15 3.7862248881502216
16 5.771307734082188
17 4.850266692437762
18 3.9261297228670395
19 3.23201629779029
20 4.287257719016391
21 5.785515302219439
22 4.859929444067621
23 2.807242058919196
24 3.4444440352076824
25 3.903612826347044
26 3.4209640410267608
27 3.922014384462642
28 3.459306197574988
29 2.953273080217826
30 4.626521842665756
31 3.4715704144310275
32 3.2638764673926173
33 2.9437567007176666
34 4.239292136233402
35 5.9359331805396565
36 5.452428293568124
37 5.030884601372953
38 9.460497514505187
39 8.247266084052402
40 7.374283746863027
41 8.81290623290767
42 5.883502157831609
43 9.67152791202454
44 7.2450411431950865
45 8.370356251358743
46 7.524821715965369
47 5.479471251276096
48 8.264434343474369
49 6.916332867938042
50 8.441656976584948
51 5.678979340510287
52 6.365699702946886
53 6.625413087545217
54 6.298969141663727
55 5.628665450803479
56 6.641852268710653
57 6.058829814329121
58 6.33836678352189
59 7.037050504656784
60 6.9571498514947105
61 4.063163843222116
62 4.6840813336813785
63 5.1581591099908035
64 5.2865177788452
65 4.211045814381584
66 6.807795521877486
67 5.244483631049513
68 6.61293774044385
69 5.781285129571531
70 5.840755067604919
71 4.7028202090161635
72 4.7915109906711395
73 5.5500802323829825
74 4.12298443971992
75 6.779017123848337
76 6.6095840024096475
77 5.207744328542189
78 6.733571668958941
79 5.830014768865009
80 8.00020616642301
81 5.901019738414393
82 6.886874216255962
83 5.925025789017368
84 3.724475338456734
85 7.092397011587956
86 6.7137619321131465
87 5.329970934581747
88 4.760051870588934
89 6.747924816026742
90 5.53098577494969
91 3.5368474266033436
92 5.300726918615455
93 6.370792534271541
94 7.3293727734566065
95 5.112914195292338
96 9.681057701866678
97 6.49975369990013
98 7.334413068423279
99 3.7153697729326893
100 5.573995633907369
101 5.063448914232136
102 4.711969344739831
103 5.674216883458392
104 5.023143352903789
105 5.912208003888113
106 5.0389389575158035
107 5.810284583441322
108 7.592164183180035
109 6.644139382614806
110 7.087740188742064
111 7.859363591556643
112 5.709412975610006
113 6.006063424318892
114 9.028873742176655
115 5.943828227909495
116 4.709702407925711
117 4.363863785792121
118 3.7201867820552246
119 4.959790328742743
120 5.3521120455045885
121 4.145235565955387
122 8.241048554274549
123 6.9285913225136335
124 7.633627017865683
125 7.754542248134923
126 5.896253134706874
127 5.478230960928586
128 3.7087201240122405
129 4.212718644031469
130 7.274077994331325
131 5.594761790460347
132 7.270063545809518
133 5.5965073908425635
134 7.034785727528781
135 8.376170027579041
136 7.631374018382095
137 7.9134330684831715
138 6.048643595973087
139 3.412463570804145
140 3.5478180179471113
141 3.2721395205996227
142 3.565023172540371
143 4.595191614584081
144 4.062819803773449
145 3.201890950548735
146 4.66212171113541
147 8.115743589792222
148 6.30532412657222
149 5.150766989819931
150 3.6788873802537
151 5.161443448287081
152 4.138091181102807
153 4.548162455127936
154 4.827100108544181
155 5.4608226478526785
156 4.9807611403947
157 6.346190659900141
158 5.574808779896664
159 4.9954485686268155
160 3.804484416282592
161 5.272491000451284
162 4.842752668709947
163 5.211779492697204
164 5.815672687190811
165 5.521548444533585
166 5.827228718962969
167 5.534086792746236
168 5.979206078295118
169 8.428884571531308
170 8.342297433087504
171 6.287701690070785
172 6.053890748073634
173 7.090846678702146
174 7.286507206232476
175 8.460407537004189
176 6.691471737998853
177 5.84891484409971
178 6.5885638342078705
179 5.363078066857415
180 6.848429820356624
181 7.218933087666224
182 6.386937722451304
183 6.633278874527151
184 8.56507990623816
185 5.670952541450089
186 7.4960926948310584
187 6.800273601490386
188 5.111125969705459
189 7.25184023786798
190 6.580470162444481
191 7.017235090207918
192 7.199623972826292
193 5.051079246445881
194 5.011247088890855
195 6.295917531551943
196 6.387527887356715
197 4.821350764732242
198 6.34082969750458
199 6.512656382683472
200 6.8278833300211925
201 3.000150750427427
202 5.502455629334605
203 6.008712122258529
204 5.437573724946915
205 5.94524194482497
206 7.461971621760662
207 5.860255846715155
208 7.314345593230945
209 5.20696445079577
210 8.229149340532459
211 5.156850139482832
212 5.874741392603035
213 6.817864235125284
214 5.2373267998567785
215 6.133235785210898
216 7.486478856342408
217 9.218773337412028
218 9.990814206846554
219 6.60307481239475
220 7.816302490749272
221 7.269519142612535
222 6.539463748400673
223 8.394907128191253
224 9.294411662005682
225 6.853859657736396
226 7.815023309372383
227 8.019428408862876
228 7.569836901066017
229 6.002559970156642
230 8.373921193569274
231 7.716570605001538
232 6.739600915207125
233 7.368787256576045
234 8.182095244895855
235 8.809274007420434
236 9.64717644089177
237 6.961441054819799
238 5.220601371484601
239 6.375626978111845
240 7.27897647951697
241 6.786418986747396
242 8.696260667260256
243 6.236842171050991
244 8.073299566689677
245 9.055985935445412
246 6.141732186733674
247 8.693617264355947
248 5.920902645132024
249 7.121648680483915
250 6.60685867151367
251 8.980942162303167
252 5.980240095699023
253 8.022398098191738
254 9.102268916799048
255 4.525284201893552
256 6.694036125326853
257 7.171291082615504
258 9.059560384999987
259 7.885751590162703
260 6.3634034080380335
261 5.383763918830077
262 5.684618407362074
263 8.006919602688155
264 4.452202585008393
265 6.90107944878694
266 7.974215373672134
267 7.7124639949964395
268 7.520572848730478
269 6.307375177266017
270 5.568786347378754
271 6.4584917680785185
272 6.9169784235670955
273 7.397581269702899
274 6.49888651133417
275 8.307921888217175
276 8.188235211596579
277 5.898694309237614
278 6.959039346992784
279 8.431048866320072
280 6.183695247922646
281 7.344242170039724
282 6.0023169440600315
283 7.886456707991743
284 7.971887482102343
285 5.272655544502779
286 7.053253699977259
287 7.205620208705861
288 6.92260424767633
289 6.223359766708012
290 5.698008892036312
291 5.164348686968728
292 7.269312530210401
293 5.723863212557891
294 6.296492328487109
295 8.020182015622703
296 6.832519027070688
297 8.176117452578838
298 6.19061469520033
299 6.260065016216613
300 7.209568108222661
301 6.713605242613847
302 5.552539321876935
303 5.900457783101158
304 7.557274627818275
305 7.06564874789681
306 8.03753091835205
307 8.708536324158759
308 6.968982115753399
309 6.983108706979198
310 7.212801250383785
311 9.867699351974933
312 7.40983749143149
313 8.82161606137062
314 6.207335608764569
315 4.160708936643633
316 7.505975372477073
317 8.683097332045381
318 6.892469042863634
319 7.2526002180552105
320 7.307372905448947
321 6.661675052314025
322 4.481015217023921
323 8.194814003963064
324 6.401648233310721
325 5.5458905324397705
326 4.0797189292934055
327 7.270617528554397
328 6.596126483271604
329 5.9027040364967
330 6.984884151866715
331 8.73380902410719
332 7.128428898648256
333 8.394407170359882
334 8.51795771540696
335 7.296472245964131
336 7.3072989871816985
337 6.4483933292801625
338 8.284526763237745
339 8.711538403327559
340 8.084955739280094
341 6.039767276579189
342 7.06057354655223
343 8.329141513917259
344 8.095108021301874
345 8.1044860410205
346 8.683741588487662
347 7.66097351022553
348 8.58117766424056
349 9.842320514881742
350 8.21901887087521
351 9.567412531808763
352 8.085991909687074
353 5.397267337848683
354 9.12166824703876
355 7.332339383029483
356 6.493574189567598
357 7.017985049496794
358 7.271320970923992
359 6.294283754939993
360 5.776270272515445
361 8.131159905132566
362 5.198251662489159
363 8.1386631606807
364 6.122383442240483
365 7.701228793083542
366 6.347044229961255
367 6.43208123518283
368 8.181424228869854
369 9.14908001472022
370 6.353125348560351
371 9.089447664373628
372 4.86114905368863
373 7.538613136659825
374 8.317511854145195
375 4.9085695695475255
376 7.5295212113863235
377 8.290231137813088
378 5.329841629029211
379 3.008088692156709
380 7.8760196551032875
381 7.644938939900482
382 8.690800139413893
383 9.367378114654395
384 4.6401932530536545
385 6.970262709807092
386 7.800805472939304
387 6.259172947175427
388 7.600524803953524
389 9.015380634076246
390 9.606636821799494
391 5.93230932699757
392 7.302740773785692
393 5.272218590933532
394 7.7428803635684895
395 7.059876061681968
396 6.97867983301195
397 4.110875121285602
398 8.630021436201762
399 2.9481864632744434
400 6.866659189877764
401 6.181009940031464
402 8.3321420297796
403 8.322463510984894
404 6.933147964360516
405 8.716428731174142
406 8.209638430720403
407 6.823181953750415
408 6.22315613868665
409 8.893042431175646
410 7.505691134711146
411 8.29796010779011
412 5.784582773196059
413 8.47206075842627
414 9.37680737777106
415 4.68624623949307
416 5.772312509699368
417 6.762868703111317
418 8.16241426930026
419 9.048588593553815
420 9.337855463171323
421 119.36008919882701
