0 4.740130584826278
1 5.697770650570777
2 4.5057866803114335
3 5.112817377375548
4 7.421783613428487
5 6.027471439770004
6 5.945533927466397
7 5.456692240751274
8 6.371262596807197
9 4.917837334836246
10 5.082764450845887
11 4.659110261077924
12 3.733924726812476
13 4.400056372743624
14 5.249659054658459
15 4.895938944626031
16 3.510441478043298
17 7.440871707943707
18 5.8736194830281425
19 4.792138350229282
20 4.829502796396319
21 4.563121940374299
22 4.9018164807616955
23 5.045046329597262
24 6.4290380490504475
25 6.545112843814709
26 6.714210331249041
27 3.967191732203663
28 4.232979176094861
29 4.756234065694671
30 4.870574258810265
31 6.847341264853648
32 6.846091876291342
33 7.254577322953575
34 8.18706920146392
35 6.300888231149178
36 8.537828294875604
37 5.475490931247434
38 6.637090394304115
39 7.494300315397196
40 5.5426063250041215
41 4.735260999440502
42 4.294273964099596
43 4.643759898925201
44 4.360386764886239
45 4.623916520184528
46 3.6541253148308557
47 4.791545724209673
48 4.705791064371212
49 4.9191349750301585
50 5.290537451481978
51 5.4441370473892565
52 3.751225602057383
53 4.779836293019471
54 3.853651154352189
55 4.3045682867140025
56 4.210157976453835
57 4.337258167440935
58 4.661982949844225
59 4.874206833449487
60 7.138625630018228
61 5.960273085886005
62 4.750776929797584
63 4.4794642393621995
64 4.917947980921455
65 4.3118762419156145
66 3.6666307777655085
67 4.062448649433138
68 5.011029160751259
69 3.6462189785021777
70 4.828002438881726
71 3.8159671624364693
72 4.7129706677485
73 5.080030483180214
74 4.299257530981713
75 4.955371180816607
76 4.50871758500119
77 4.083842679558617
78 3.3727342266725118
79 4.1932081443670794
80 4.4235039501468485
81 7.58293628976692
82 4.909519298680468
83 4.476225788495815
84 5.238298793900951
85 6.084149680393747
86 5.023914085197619
87 7.724168896541791
88 5.696322393091541
89 6.802268922481105
90 6.215569108833032
91 6.401543548896883
92 6.22408360564666
93 5.277918454254535
94 6.80601033342759
95 6.407408575624074
96 5.481972488328864
97 5.789169519529503
98 6.451729725247551
99 5.655447589852754
100 6.934818683114449
101 6.548733651045608
102 6.514582475612014
103 5.645120775560989
104 5.980081630229336
105 5.949395671061026
106 5.995147654737677
107 5.89659325276969
108 6.339251135120869
109 5.848297911353431
110 4.714667859454913
111 7.228122570016205
112 7.223663521587694
113 6.405014111714945
114 7.164097242392088
115 6.172048545887476
116 5.299754263972723
117 4.80863462939399
118 7.7868077918086485
119 5.297056310282012
120 7.609790115973141
121 7.243742380937505
122 6.0475539800446
123 8.459237238524025
124 8.27196570107363
125 6.678487755540723
126 7.747811682348914
127 6.234337892584877
128 6.629486595509697
129 9.620006037364602
130 7.05504291087282
131 7.581306324627538
132 6.741452595951327
133 6.883102418300335
134 6.7931516885976055
135 5.519258885093387
136 6.627902972143183
137 6.6626488339103505
138 8.276627381380097
139 6.6405807928576115
140 9.290625282125621
141 6.850905115779255
142 6.785942561100991
143 6.716865813508196
144 7.263262961913047
145 7.619876947212676
146 5.115908535082803
147 6.283708843201663
148 5.931882773128476
149 6.885478102723348
150 7.414001235510559
151 6.511909001105986
152 6.945019843569439
153 6.325982785324018
154 7.3336693078072654
155 7.110055715145068
156 6.283898544505482
157 4.990309251450652
158 4.585476234598436
159 5.071418356179139
160 7.484610386151528
161 7.799194074337306
162 3.4860584381055237
163 6.775699581901509
164 6.877165452322709
165 6.938919076813278
166 7.307091934252452
167 7.3205243222335055
168 8.255507388244808
169 5.536408215866435
170 7.217511372534422
171 6.935143382971164
172 6.809007827985301
173 8.415094882964995
174 7.557494281487343
175 6.3389668363779235
176 6.963778944261354
177 4.234028397566702
178 6.404006688743292
179 6.549237973264418
180 6.896165287405414
181 6.260653223166789
182 7.355092217607929
183 6.679266594038842
184 6.620733878836085
185 6.702609963717125
186 7.549713562498446
187 6.2961182444648465
188 7.058744520274144
189 7.240862705499704
190 6.386517260263707
191 4.627721550688047
192 8.229342613130479
193 6.681175799159161
194 5.300291709038067
195 7.413946413310889
196 7.711036499245027
197 7.628392670545762
198 6.74036087746433
199 6.6963489761321355
200 3.811574939860028
201 5.874060270354775
202 5.922997619662321
203 9.185490392231182
204 6.861875031017651
205 5.123619086682974
206 6.19645057844591
207 5.309033268231236
208 5.5474866724801135
209 5.563758930202372
210 6.5828100053079055
211 6.336544237521078
212 5.784783682407403
213 5.94940536395403
214 5.634680430709311
215 4.969999782788487
216 5.911826784941965
217 5.530334738114228
218 5.054630513005877
219 5.514281684243729
220 5.807072078582694
221 5.367643067701825
222 5.549639237155018
223 5.500198699102162
224 5.898924847188194
225 4.828530122940046
226 6.8084114470608545
227 5.799697819033975
228 5.235616526518999
229 6.0605122009272785
230 6.947441532712137
231 6.066605688417727
232 6.2755164610147895
233 5.324602811871898
234 5.854375225298684
235 6.708175281010687
236 5.217249214289386
237 4.973098109618169
238 5.487202555793781
239 6.56579899050723
240 5.032037204190429
241 5.744454044090045
242 6.350825466103951
243 4.9728998560125275
244 5.4156389828568035
245 5.377313584991501
246 8.683969997459497
247 7.98206595922948
248 6.501517231228267
249 8.994137220248648
250 8.382875565572691
251 8.956100227167141
252 6.993915174288935
253 8.370028993328658
254 6.3590711086482425
255 6.173204518834717
256 8.242873731521406
257 9.49790444699427
258 6.293130106321228
259 6.199961041468187
260 6.507824245695058
261 6.988411787471596
262 9.689212258413649
263 7.652983320579615
264 9.484697274297222
265 6.864560716113077
266 7.1726288484057905
267 7.728339737912336
268 5.789145784747791
269 9.679611307692182
270 10.014632549740918
271 11.777136485954
272 10.7904985507952
273 4.726953236064491
274 9.657124859264599
275 5.709595992629343
276 3.4659056693793873
277 3.9013140652378215
278 8.942311950106857
279 5.876072167097431
280 6.919922839642327
281 6.4237298231192606
282 6.409474188829042
283 6.492178128613624
284 6.494100492620583
285 5.833946281084549
286 10.307014186868912
287 9.939358073559731
288 10.726043316442974
289 10.094091528600252
290 6.128769929380363
291 7.048784291509984
292 9.222252165410138
293 11.526587064334544
294 10.031591709671337
295 9.939661659604766
296 9.0627488577903
297 10.097496443122601
298 8.747528010519929
299 9.57825448330266
300 9.157832139447288
301 9.122656413634582
302 9.8361108987495
303 9.633792981630346
304 12.001305830577998
305 10.37995378302888
306 5.226184221510257
307 8.465503697555336
308 6.996240207747639
309 9.107515994884205
310 11.377959073453393
311 4.19291082082856
312 5.177412992001544
313 5.071185493690321
314 11.455110151791368
315 13.623840293624518
316 9.110358172613347
317 10.695579018924498
318 11.120747071451406
319 9.54415837117807
320 12.389730835899288
321 10.269344900524795
322 9.439036718260395
323 8.206366867058756
324 12.04155679203824
325 7.582049196627284
326 8.042271780122746
327 8.739708053782099
328 11.281723953325349
329 9.42021677175275
330 9.737526890652903
331 9.63239497069551
332 10.264714888270623
333 5.361662588427494
334 7.633940592216056
335 4.806727060719141
336 8.920839426348431
337 5.199280480709404
338 10.442781915855571
339 7.178132876254012
340 7.939987532772346
341 8.913569693365783
342 8.455611109172219
343 8.501016569469416
344 9.022243829376436
345 10.537215893370787
346 9.008554884896203
347 10.594117436451098
348 10.95837091086077
349 8.258531315643603
350 10.2378934537748
351 6.9595178488566045
352 7.796824210452274
353 8.428698444105876
354 10.375127525696957
355 10.01470247235966
356 9.335343272352965
357 10.04347583023734
358 9.39970036614015
359 7.9353773234503615
360 9.679036192067061
361 9.693532352744105
362 9.292760277212043
363 9.803023967812445
364 9.538037804136149
365 6.845628634183936
366 8.739036622047179
367 5.713225978777796
368 7.067170181148217
369 8.732656941972085
370 8.268550572579038
371 8.528490387081181
372 7.678371726608445
373 4.430056340222407
374 4.019777101242645
375 6.5493839407828105
376 7.622735641101197
377 5.817128318903733
378 10.795967415704114
379 8.559886790782825
380 7.7809335944472195
381 9.354032689192703
382 10.184880225674462
383 10.53585552162592
384 9.936364342910394
385 8.549182151902027
386 7.756161521234649
387 8.249661193308802
388 8.501579053366305
389 5.4838688185636615
390 5.577276957178688
391 6.061013953153192
392 5.947865995286615
393 6.248615640977954
394 8.607034593532353
395 5.031683114751133
396 6.604944920953145
397 5.909545270841055
398 5.923453283723277
399 10.408972911757315
400 7.716081107672841
401 12.021386418141452
402 6.284026311277745
403 5.957069304802922
404 6.563186755522708
405 6.474270310277611
406 5.578106784716026
407 4.976488404369665
408 10.976166550234883
409 13.419484095673516
410 5.385938091666906
411 6.184454763144395
412 10.514091984611635
413 9.52854227220408
414 10.842980053476746
415 9.155945983604493
416 9.543564804534277
417 7.765109638732029
418 7.139213372311626
419 6.553864472268916
420 10.743097237877341
421 127.50876265408662
