0 2.6450626891841766
1 11.535339262278947
2 14.931063339557433
3 21.487408926431304
4 19.835332353597252
5 19.222667848656453
6 14.851754803433694
7 13.564969128267606
8 16.704154570805816
9 11.251030346788513
10 16.55777644388041
11 15.013498640514266
12 15.884279110660675
13 18.801021485160923
14 15.832237704668714
15 16.67250861130506
16 18.817943931076847
17 15.848635114134744
18 15.21875651444214
19 12.911462218816753
20 12.354845969379603
21 6.710012419146363
22 7.620782427170495
23 8.94141491979687
24 10.902636674992738
25 8.759654636078672
26 7.266705867317231
27 8.895700173636122
28 7.196541894875025
29 9.839924167421765
30 6.784771814992269
31 6.868688338256852
32 6.145260453320205
33 6.485254799723028
34 9.976947216405323
35 8.868552584162599
36 15.222792552595253
37 17.013491732297258
38 12.755992343174098
39 14.441409802030526
40 13.975347420807774
41 14.903980002988716
42 17.417721659818746
43 15.541597880933496
44 15.18341060781853
45 16.959060002052187
46 10.29861712574016
47 10.584557027580335
48 10.945657201885828
49 12.365388824486052
50 16.81114421827639
51 17.63053302732718
52 10.534025140252387
53 9.703773697553272
54 12.661516639145246
55 11.544458748943836
56 9.269243855829957
57 9.59490751607106
58 8.413249937591356
59 7.4647935501250675
60 12.768028686146488
61 10.595018888325908
62 10.470544136691151
63 8.430979425851755
64 9.674806920229106
65 10.44038924508277
66 9.824791613899336
67 11.225357487029243
68 10.011649962507084
69 7.22450386939339
70 6.420891714866114
71 5.9989834488613685
72 5.395585724340512
73 9.788283978799015
74 6.520960050700814
75 5.125634714498324
76 7.641168627917493
77 4.852524521795576
78 5.509641889648038
79 6.5668667563754495
80 8.265054455604178
81 3.8404325084667468
82 5.826576223694795
83 5.5399892968927595
84 7.669032478175914
85 6.763507383150425
86 7.269289800484505
87 13.063695982771756
88 14.822717691464966
89 16.1927084198138
90 14.596774667457886
91 14.03388195267489
92 16.065600354389144
93 11.322418439974847
94 5.981675294507993
95 9.17451312483892
96 10.895402930992804
97 6.850386894785228
98 6.465190050162836
99 9.088852650807993
100 10.312571531062598
101 7.4342925508476645
102 8.50367326770639
103 8.611282718813042
104 8.415190019150007
105 9.008101966763002
106 10.906915125749636
107 13.950950776519411
108 14.726646148920022
109 14.014857909314017
110 15.108178688620862
111 16.340466209392176
112 13.800697900984474
113 8.417148022638248
114 6.213003675942735
115 9.233772377323518
116 10.105282007140882
117 10.002257374227835
118 9.182008364934157
119 9.621633328216395
120 9.32407015202876
121 6.050920509781611
122 11.29435708837732
123 7.426698952542347
124 14.869362183929576
125 11.17888795291211
126 14.469018398553215
127 13.837986380836808
128 15.100448421618484
129 14.738050370492829
130 13.339110370252822
131 15.96288234062612
132 15.119095693657444
133 13.52816784000644
134 12.57117084287557
135 13.74971998959839
136 10.928391317469
137 13.855535401022902
138 15.678782228310684
139 14.549739223888384
140 15.8698283363715
141 18.462047630945055
142 17.370687362220774
143 13.482503937750668
144 15.242688228628817
145 13.484638774269584
146 13.787634089610657
147 15.364834314678799
148 14.634002659868539
149 15.38079658429526
150 15.259842827196344
151 10.964052906792338
152 14.775823665125051
153 13.30760702602606
154 14.828570618545642
155 9.284924151120212
156 9.705727567632675
157 15.536761649239217
158 9.190991165850349
159 7.929352259203707
160 10.88800739898033
161 9.70439625552572
162 9.148120378003469
163 8.046311094975245
164 9.867764894333801
165 6.548649840268585
166 8.93111099398441
167 10.593546929601809
168 9.395287726271262
169 9.87201585564755
170 8.29543838893653
171 7.606994410352331
172 6.512675023323143
173 12.210961970859124
174 11.578843148195556
175 12.912630042795895
176 10.948548559132588
177 14.03461087284231
178 11.382986036061022
179 16.01731818238671
180 17.70387679211992
181 18.04987797912216
182 15.273729563561337
183 18.08729468158203
184 20.691633163984616
185 19.56210866634123
186 20.023454827904413
187 15.080082571451886
188 16.19887453477715
189 21.211052913179895
190 21.249223436925163
191 18.55220334968826
192 17.900481170781806
193 16.896259848594614
194 20.295447989786172
195 15.7010339860176
196 14.6412494015863
197 16.96766644208142
198 17.46327972432896
199 17.201796744007122
200 18.923234007971228
201 17.221071016784983
202 14.476651913716482
203 15.541339829521261
204 18.084076632852977
205 20.312562939963865
206 18.81357473047739
207 19.30575997052281
208 16.88436876996142
209 17.235092831314763
210 19.24361351764208
211 18.34688505978579
212 18.941160031335116
213 16.992423873148706
214 14.948224370383894
215 19.128004676051
216 17.22573750186958
217 15.664884502378074
218 13.183647480752551
219 14.542784464760608
220 17.104739431620892
221 18.32395551863063
222 19.94772717081918
223 19.02158135969754
224 22.414419448431072
225 20.08689259372616
226 20.373519284191495
227 20.344122737046987
228 17.59338605089257
229 17.404869008474876
230 17.337622934924642
231 20.089208246516417
232 20.753430486032393
233 19.562053351477424
234 17.42272367294289
235 17.80708414922837
236 16.94418093055594
237 15.177019371940583
238 16.090839329187876
239 17.391385254642874
240 15.707312633574071
241 16.643101567786676
242 14.593039685622008
243 16.69482456281601
244 20.187989433217457
245 14.624475379072008
246 17.027128098970504
247 16.621073699509246
248 18.619663967206442
249 16.661252940019263
250 16.44270813400825
251 20.175604971169033
252 20.014672161669743
253 20.687246925820446
254 18.988568181151255
255 20.14120574211789
256 16.205549446543156
257 18.044019182975486
258 17.722537477263327
259 15.2079816144343
260 15.963987524114666
261 18.709927622864797
262 20.047769651893553
263 17.14570281981331
264 16.958967382883248
265 17.996545721511403
266 16.25999878129406
267 17.048732192661234
268 18.999429560862943
269 15.341548006480437
270 17.176471949680096
271 14.905450515715795
272 13.973048389975675
273 13.107358264107978
274 12.783902705523328
275 14.835237729089949
276 14.08800119916512
277 14.06901099906099
278 13.36507319252234
279 14.060555396934475
280 16.068422811682733
281 16.974476242580884
282 20.695496565812245
283 20.888181501302633
284 18.877172807389034
285 17.82520483628138
286 17.200496985357603
287 18.544226953219834
288 16.461623365409704
289 14.691013817772136
290 15.775560215105443
291 17.797889889019235
292 16.619265937809047
293 16.621934620620674
294 18.543241654132416
295 15.57585326668039
296 13.290473061893676
297 14.366309763339457
298 18.34892148582566
299 15.69313003719918
300 15.032413198065363
301 14.8052112483146
302 13.381547874393025
303 15.087093173469714
304 17.480698168483485
305 16.872908254178096
306 15.275770815181179
307 14.569096311240866
308 12.74654827737966
309 10.9908540021445
310 12.429514167153698
311 13.588993684087926
312 12.358541434953251
313 11.48021014496459
314 12.152695558690189
315 13.163164299619499
316 13.987345541258048
317 11.716767918719944
318 12.508416326799422
319 15.179117538485793
320 15.023285378694519
321 14.91987445272535
322 13.16883011128402
323 13.544393560102002
324 14.376786646494521
325 13.844960808433209
326 12.817667229945972
327 11.789711573730248
328 12.168673338285807
329 10.77580706960056
330 10.583672042445027
331 7.575333914593114
332 10.474003733047617
333 13.781969893493363
334 9.908234519898656
335 9.707170841508326
336 11.143602695090506
337 14.11586147956456
338 12.049122767253875
339 13.460511489031838
340 12.152392116385489
341 15.965344101417646
342 13.245000199534163
343 12.949080681286581
344 14.101954402541997
345 12.404611322205868
346 10.282864758908953
347 13.894900282545901
348 16.232296818673454
349 15.160730755340627
350 18.94021668492837
351 17.406112143795532
352 18.120249648041504
353 11.207973074721965
354 11.577466894799025
355 13.480282844630569
356 16.31375532434546
357 18.337429931336626
358 15.275549390199755
359 11.91122526578823
360 17.568846593188443
361 21.061853416715646
362 19.624063274846186
363 16.03308320299704
364 17.492756975996873
365 14.1138556507514
366 14.272356889680093
367 16.629050212264232
368 13.817457327335426
369 16.195466585065994
370 20.2225605608074
371 19.183317435834656
372 18.02152917561919
373 17.879609940454834
374 19.745813860934476
375 18.583865512664968
376 21.00880447888645
377 14.033528076235399
378 18.393608347211373
379 15.520805785046266
380 14.916684907980848
381 13.103430147169409
382 14.493000609049881
383 17.11099361726271
384 19.32617172693843
385 17.647273577707537
386 12.748178468661932
387 10.32396915175363
388 14.702797779180903
389 15.879742905341514
390 16.083185353110466
391 16.516802358810082
392 16.841140892947088
393 16.34067774077053
394 17.642426620361977
395 16.979556794291316
396 16.83815583533454
397 16.99432971632255
398 14.285316510825783
399 15.496428578166526
400 12.100851404881208
401 15.835587570119367
402 12.679877676412508
403 13.39964669931152
404 18.260672719857173
405 17.166477168787402
406 18.222819625857777
407 13.172122002528608
408 16.59813881302729
409 15.578416873684061
410 15.827526996944052
411 19.215770975052497
412 16.281591952814193
413 13.492227430925972
414 16.043244194028514
415 16.01977573183047
416 16.614586186648864
417 15.137384303813823
418 16.44644221295038
419 14.235084293413658
420 16.12941476050307
421 14.44410966926673
