0 2.7166076834767794
1 3.0067390126558426
2 3.9931381047615604
3 2.20096442489458
4 2.9553928447510605
5 2.614220885333305
6 2.4859255011927055
7 3.4111399839880043
8 2.275329127093267
9 4.71703738883025
10 3.21746405492739
11 2.4309922243070656
12 3.8401718192824927
13 2.6242048007710204
14 4.103684133761413
15 2.2532752450176052
16 2.010589626552209
17 3.677841378596891
18 4.58321348129169
19 5.196871059663955
20 3.8886522204088183
21 5.0700763220890295
22 5.935458423641859
23 4.130176191296933
24 4.626686836332653
25 6.3392298334600845
26 5.645292403660331
27 3.25912217911648
28 3.268502571091661
29 2.975780184444007
30 3.225484508397122
31 3.6569995020331763
32 3.0940980312495223
33 2.932703811081039
34 4.262140724846335
35 5.230295674770991
36 5.563981356335191
37 4.321128662040312
38 5.354177128513283
39 3.2598891762858897
40 4.256726864936236
41 4.870243248050216
42 4.0250298609341275
43 4.862634747075576
44 4.504695052548008
45 3.4753639477718696
46 4.279915963605804
47 2.934918599598142
48 5.525760187601761
49 3.277230607145729
50 5.515561559565478
51 3.470579849539345
52 4.9754788194024115
53 4.338196804539429
54 3.638272309586769
55 2.349312983765006
56 2.3884353434580436
57 2.269856078768321
58 4.093565314857876
59 3.8349885380566193
60 3.152285342151956
61 3.4475053510347267
62 4.3899273574957585
63 3.7194960783878748
64 2.427551134043235
65 5.299065074995303
66 3.606773407247071
67 4.929587886943617
68 3.710689857135548
69 3.625938029737193
70 4.182014476728982
71 3.583519388835034
72 5.572510949955966
73 1.1935656073125716
74 2.3050854098407663
75 2.200261947610259
76 3.6209975415427698
77 2.7308480477166186
78 4.8338032928514805
79 3.203739137940611
80 2.415338210232861
81 5.577394772050106
82 3.181911772770507
83 4.859149243207927
84 1.3510538855905614
85 3.1599762583334607
86 5.028421537360711
87 4.026983307615401
88 3.1893822028914185
89 4.72922160068379
90 3.1621949820354875
91 3.6004108400572234
92 2.4469054814646154
93 4.3409131740951565
94 4.39781997962786
95 4.6824809582421265
96 2.8600561604968897
97 4.244582397858854
98 3.6986548308948204
99 3.8661616686529077
100 5.485756317828232
101 3.10022542488325
102 2.793706669130139
103 2.3690369020415636
104 2.609470447006707
105 4.518574712722006
106 1.4762543586991186
107 3.320369068272639
108 4.541227487348627
109 3.4078797991981347
110 4.6708618314543235
111 2.8586812699869864
112 3.5408629508241236
113 4.591377718224521
114 4.12341449020159
115 3.426645297502454
116 3.1540557061206047
117 3.991973015032198
118 3.2599558689270642
119 2.2147344944648624
120 3.9030965398631356
121 5.171607804840637
122 3.266867174583853
123 4.200437037297067
124 5.0727562761279525
125 4.911392731780644
126 5.5376820605051
127 3.441400498120949
128 2.6264295796373003
129 1.6477169079757805
130 4.717245063237232
131 2.7902099234092916
132 3.4466258217140906
133 4.125124848721636
134 4.705527028819305
135 3.9712054989913246
136 5.53326627467664
137 4.105990150839521
138 6.453162742740997
139 5.254045817536356
140 4.966959302326768
141 5.998366821968146
142 6.847271899596463
143 3.875777865420533
144 4.458190823009069
145 3.9700593780022073
146 2.9674675367934635
147 3.4611945312978065
148 5.516280502430128
149 6.204951030245725
150 5.196513986047051
151 5.237321136811734
152 4.675257563311706
153 4.9858320005422545
154 4.970642188378043
155 4.894257387003148
156 4.337352037707811
157 4.718743422115568
158 6.298128937989776
159 7.814650825026994
160 9.897072559650649
161 8.506421860753754
162 5.559867357650884
163 7.1422646390915805
164 8.946712422955562
165 8.147833090981782
166 8.193152390676019
167 6.4325242208386335
168 6.275907592284061
169 4.425635205154953
170 5.532715648045266
171 6.203505307013388
172 9.189108673220844
173 6.811245068656845
174 5.88746852708304
175 6.477735419149111
176 5.780221349073966
177 6.074904107356787
178 6.832720672842598
179 6.871669679128903
180 4.430313973029301
181 7.092400652321504
182 5.606581194642391
183 2.934881890061234
184 6.837697054265918
185 6.345262741352553
186 7.833829512551704
187 6.848904684126802
188 6.017161240907507
189 7.733667489639535
190 6.056916448210565
191 4.89990688276803
192 7.247509963960098
193 5.072135465880655
194 5.663211015995667
195 2.6437708238749114
196 4.023065082657328
197 6.079342188578345
198 5.554320413904604
199 4.8871309816587205
200 6.798539241181053
201 4.289906768020643
202 3.888560037149261
203 5.399334330712167
204 4.880011538408824
205 6.153815991627101
206 4.202231527484972
207 3.6673281079417523
208 4.298876583016567
209 3.1405933567526017
210 2.6648117121266544
211 1.9120159899594305
212 2.9691434415348694
213 4.988728679465132
214 5.346745234519088
215 3.1104099223383943
216 4.090264509881863
217 7.930872606215186
218 6.950363107837011
219 4.536749383578639
220 5.4061772357598175
221 5.9407693605050875
222 5.784641714221831
223 3.995326451031805
224 6.378709746663722
225 6.6805242095159665
226 6.166347581767471
227 4.86258678455897
228 3.5355995883351676
229 5.70605656781909
230 6.729778265029789
231 7.008597948674202
232 3.692659809465357
233 3.8964887145060394
234 4.644917098117103
235 3.5272389738133434
236 4.538987409700024
237 4.808693144854636
238 4.549617422836561
239 5.45515791786102
240 6.346854103724714
241 6.528989762110779
242 6.184514875143559
243 6.130483862408652
244 4.611110217746189
245 3.880885848541158
246 6.491018348063032
247 6.028664778878976
248 5.1934591482747745
249 3.09516324423328
250 5.701657647338484
251 3.71215872041583
252 4.387097118591975
253 3.868198624299284
254 4.623254169834883
255 4.634400987640358
256 4.1390385696540415
257 1.572648868439341
258 4.005250871884712
259 3.40198858643215
260 3.4615248175951927
261 3.2919431426582384
262 3.1984929073071227
263 5.358068051949099
264 5.706348868946736
265 5.9951707831901135
266 6.482603044434754
267 8.291786350639297
268 2.876299511170702
269 1.182005727958297
270 2.653433192034346
271 2.9300863527216507
272 5.274697506527069
273 2.4008482667621274
274 3.287351667684409
275 3.3816977406673963
276 2.823990097350103
277 5.52858499658051
278 3.949918091754248
279 3.549995060091721
280 4.372973051062573
281 6.245346967123877
282 6.464620574011212
283 3.2953338612090057
284 3.422818911813377
285 6.210138107292812
286 4.634964199939778
287 4.863710335126947
288 4.974359202054157
289 5.8821553869576855
290 5.754893287956135
291 5.395505120973843
292 6.938365470819867
293 7.014997757295135
294 1.5038180126580716
295 3.012499451149026
296 4.189551473930475
297 4.317200734077372
298 4.279866595151856
299 6.217172191898977
300 4.408722666448547
301 5.631999538754289
302 6.664204702225584
303 5.307956504012307
304 5.357725302193517
305 5.3120479907413065
306 4.753971079055681
307 1.3928522584547023
308 4.276698059940005
309 3.593887536571672
310 5.230461436485419
311 1.9598197281307828
312 2.9489376902590734
313 4.084234772948389
314 4.707463422233009
315 4.289232305021673
316 6.583269282627183
317 6.0492014543839625
318 4.433661075512777
319 4.996382440965004
320 2.8898266497107072
321 3.756253814501731
322 1.9851286506383146
323 0.5452266030673125
324 2.485523447201466
325 2.5409494722434536
326 3.6410196469894283
327 2.178446930184711
328 2.4676375563425923
329 3.626217709916073
330 3.8754819829190565
331 4.305790564229029
332 3.921183137578065
333 4.176674717910163
334 2.2277188231842504
335 3.7254424768794587
336 2.7691975054235742
337 2.8817414802124617
338 2.2146869904504167
339 4.6490989139854735
340 4.428722058590698
341 4.508074728209282
342 3.612246569417598
343 3.669911241236131
344 3.2361449142571064
345 3.911397571630269
346 3.198569407994829
347 5.2658443561309465
348 2.637164362395843
349 2.469518497793338
350 2.9466328803416766
351 3.2177160939830247
352 3.8284304254630337
353 5.256040041461837
354 3.617363808014099
355 3.498315923933269
356 5.667302183288057
357 6.544462952654277
358 4.094953115262825
359 6.593679719385635
360 5.143614390200191
361 5.87732513954782
362 6.530289228442687
363 5.341174737000294
364 3.4212790956298162
365 3.1399554134496643
366 2.8275536255338354
367 5.061270617026652
368 4.767777973365667
369 3.2809203495657524
370 5.063414251168877
371 6.275063712153172
372 4.7450670498198555
373 4.329520560980823
374 3.499161777309334
375 4.667572190766814
376 4.1974565561844415
377 4.231526116613435
378 2.8243303422191395
379 3.7466461154044093
380 3.9978057795627095
381 2.9427144402389667
382 2.639169537092187
383 3.037207631514379
384 3.5465567943736396
385 4.166350748529308
386 2.4961271800155593
387 2.7195826176748854
388 1.4367716573326195
389 5.042595907473701
390 3.569757895401791
391 3.5678753400508723
392 1.8945080172141917
393 2.8013983374531457
394 1.920133775607016
395 2.9532435096197642
396 3.3564287239430537
397 1.958709739228453
398 3.423147753044953
399 2.9124291640557796
400 1.9013479734349854
401 2.774972575042925
402 2.630898923984509
403 2.2320453815309502
404 4.258726759772253
405 2.876636178663039
406 2.2247365778326085
407 2.3582099755911243
408 2.4528136257882505
409 4.203131326857257
410 4.260814405687801
411 2.5086286694568534
412 4.093722515858639
413 2.6971882447433115
414 3.747884110765027
415 3.307017120370466
416 3.919526328652305
417 4.110618645135746
418 1.0837404770346468
419 2.4804746234521153
420 2.807939864997308
421 2.4701092804177835
