0 6.697045773487694
1 14.541253462393898
2 17.514181132948952
3 23.697535957496793
4 23.043404751181804
5 21.98023109886133
6 17.217291470841353
7 14.518512353841217
8 19.292238410157474
9 15.978187474185045
10 18.839583454492153
11 17.405113193472037
12 19.033541554163772
13 22.31996216187079
14 19.80172348521889
15 18.87963559612949
16 18.991020334833316
17 18.258152913005585
18 20.096659569890242
19 16.76222324713884
20 16.70704476839504
21 9.927662529816715
22 13.718540193558594
23 12.046473899148195
24 14.746387254523608
25 15.252631206506686
26 10.488343240924356
27 9.974772686809873
28 8.897764302313137
29 10.005801453712103
30 7.951570971478067
31 10.43964019648197
32 9.101464718658573
33 9.382759618062025
34 14.530777180080582
35 14.512513930698988
36 19.023147222760617
37 21.35039374197086
38 18.727951731229727
39 18.058512334287265
40 17.325961181471655
41 18.669260331420574
42 19.828071950493836
43 20.00786191329623
44 19.460364270766615
45 18.52012263367121
46 14.412046778375833
47 14.448620455476057
48 14.304060307223443
49 15.505905871675456
50 19.76959992273393
51 19.802752196426496
52 16.129857682974766
53 13.210666592758002
54 16.4993731243876
55 14.48233800901876
56 12.09923522623921
57 11.98164928230292
58 12.313942305524696
59 11.88542078673087
60 15.746973904685667
61 12.466379381489347
62 11.844024891516804
63 11.01085051496447
64 11.283792647239515
65 9.452102468795161
66 10.289890925445087
67 10.823099427108437
68 10.78097564209171
69 9.051378960110902
70 7.003895006476776
71 9.611171607211931
72 8.852640059623011
73 10.852952445714708
74 7.913762574735883
75 5.552640966210445
76 8.479949529295082
77 8.11285068912658
78 8.211427134784316
79 10.288732868851143
80 10.499993798792582
81 7.3729437515572895
82 8.731474669359688
83 10.153919493216556
84 8.783008599949955
85 8.836776661026502
86 9.816241721395803
87 16.46626727064391
88 18.257293240368053
89 17.812492766646553
90 16.742911852683232
91 17.921460039325783
92 18.633083242172013
93 13.302099784040204
94 10.26984853061378
95 13.219706733145655
96 13.00628095469131
97 10.183399187764524
98 10.71084527888334
99 13.437869205870655
100 15.013869018311713
101 11.035055252700516
102 10.559623450687186
103 9.329958262415998
104 10.786772597876316
105 11.762685895257489
106 13.039477990007713
107 17.294634417342987
108 19.78864441668231
109 17.26735213816664
110 18.615190133671167
111 18.183109760747016
112 16.434778071862752
113 12.154041321807023
114 8.708998311795648
115 12.488504883985241
116 13.506987229973117
117 13.938657325188107
118 11.874621764610746
119 10.391421053650353
120 11.814835987207728
121 11.488548600003647
122 11.561972882193219
123 10.050827751400394
124 18.033361628028224
125 14.475358642468377
126 16.554127402656032
127 14.657933154744262
128 17.938391090094314
129 15.947723538648237
130 15.362178366599483
131 18.362626372825808
132 17.143308786012494
133 16.239102052278376
134 14.978632808421949
135 17.641509088058513
136 14.32102273475765
137 15.726718738891966
138 16.706313535060964
139 17.491056396986988
140 18.757580801985448
141 18.601992888226032
142 19.706691289342167
143 17.062691413799413
144 16.07184220021665
145 16.940183564106974
146 15.663644211845368
147 17.147605929333412
148 15.473662313138098
149 16.187061247273423
150 17.95161255746554
151 14.196107536084163
152 14.308322715130464
153 17.06837330758815
154 16.650791446331727
155 12.913539044510378
156 13.909713012014718
157 19.13246362192528
158 13.03069409549322
159 12.389057703586179
160 17.181105805821748
161 14.369769583087187
162 12.316049331333902
163 12.20264621502138
164 11.759939874507564
165 12.910000689461386
166 12.890355760410594
167 14.947032797563267
168 14.68697282618434
169 12.998129364052241
170 10.093503029274613
171 10.51588873416231
172 8.368368544664193
173 16.71553727421328
174 16.63510077532291
175 16.45081964195106
176 15.942912927858565
177 13.216868999342656
178 13.76730902559612
179 16.494085853266927
180 18.482020284118974
181 18.39235604846949
182 18.30189310298052
183 18.84124613058858
184 20.652723123915226
185 19.289995742369197
186 19.70664240596124
187 10.618157371101406
188 13.059363047992532
189 20.06347832358783
190 18.970787187286202
191 15.967350428831143
192 14.662619626126874
193 13.636519289369142
194 16.45748216971138
195 14.481151918737593
196 12.066395210067974
197 13.845756529600633
198 13.73409260416362
199 14.980023468055286
200 14.096910367977335
201 14.355180769614968
202 10.780099304642981
203 14.187350064085937
204 14.444749120358674
205 17.521961716813838
206 15.129762624281366
207 15.717186386113669
208 13.214420933425851
209 14.606240450139529
210 17.251656058052664
211 16.945554104557697
212 17.212884058564562
213 19.524580968170294
214 19.412796606610485
215 20.676949727419135
216 21.342441089262607
217 20.496078789430765
218 17.641260038839825
219 17.703860235679876
220 20.11599156612527
221 21.473942281401236
222 23.646372189308313
223 18.439465657367045
224 23.285322204302798
225 20.57828241886299
226 24.507393071997114
227 23.792504114296985
228 19.412876840902197
229 21.43559795013775
230 20.026600842930556
231 25.037519496831575
232 22.84220089591202
233 21.897553011488373
234 19.407111375893795
235 18.665964471242145
236 17.50707012057275
237 17.55171762266988
238 19.094890941796585
239 21.058417365033215
240 19.62933076331106
241 18.136964873941643
242 19.07893528353618
243 21.363274351570162
244 23.354101578303492
245 18.62179320132482
246 19.802745430339517
247 20.7631113122532
248 19.064121663719064
249 18.799674387829103
250 20.47878418803853
251 23.599337730108033
252 22.62773680473469
253 22.869965544023234
254 20.023331327567988
255 20.771236112868376
256 19.54326935863207
257 17.60313415989169
258 17.38369405731282
259 14.88316373415367
260 17.190991287041037
261 17.803838409771014
262 19.39844989286184
263 17.509381612287907
264 16.909735572061102
265 19.35458550374703
266 19.61650967550701
267 19.916611580861815
268 19.348146794371964
269 14.447715100077795
270 17.39575547781222
271 16.20262983451298
272 14.819861488156569
273 15.714589696280663
274 16.394825739241984
275 18.31757154325714
276 16.711474519747714
277 19.626384151297298
278 16.976550326753262
279 17.115147939140414
280 19.19353762629897
281 19.766265543130395
282 20.593534259193635
283 21.231843663794972
284 20.8912997388757
285 21.56058624495209
286 20.45732229343484
287 20.555206189081705
288 19.850147753525306
289 19.132827711978774
290 21.920914296330114
291 21.48194210153542
292 21.076617202891853
293 22.38724697685702
294 19.974130451222322
295 18.440374769692824
296 17.786375135525198
297 19.891793377754013
298 22.97421039456617
299 23.418788879918566
300 20.45873548937689
301 19.951212120369885
302 18.373165842360653
303 19.564626116324266
304 21.595164394323817
305 20.766069535044675
306 19.964115194731733
307 16.871777007412657
308 17.405012759780224
309 15.20453457820245
310 17.790742017482536
311 15.342278258380798
312 16.312579875506596
313 17.154267390412375
314 18.48560491750941
315 17.218223922799446
316 21.24610121559753
317 18.73287474103758
318 17.118350884095353
319 20.80719724663672
320 19.093120398726814
321 15.6343188828302
322 15.179369417435044
323 14.832849347902135
324 16.89566951687899
325 16.406669464082533
326 15.7988391888196
327 14.485788971568063
328 14.710064871445137
329 14.28431632225196
330 14.334966154831703
331 13.072408163197052
332 14.89485475634669
333 18.8959621030892
334 13.495823576128341
335 14.806662681924276
336 15.04853786092528
337 15.931375612051102
338 13.407339473970971
339 17.310556400414633
340 16.309664791483367
341 20.297358332589997
342 16.518663222121013
343 16.422394762513495
344 16.598111416831923
345 16.170913984226026
346 13.982430456620627
347 16.3869650691257
348 18.623441329909085
349 17.437224518243422
350 21.89451596806539
351 20.5059122522983
352 16.795031081534756
353 15.45746883192332
354 15.664721312351471
355 15.940411282412366
356 17.610388208004988
357 17.990714563951023
358 18.46152011800211
359 16.852623853773608
360 19.06837415688802
361 20.57136510192278
362 19.930860668505304
363 19.214442989270502
364 18.701494777010595
365 15.437882582875806
366 15.918480484022394
367 18.676566196957417
368 15.840537650246771
369 17.291653932749302
370 20.69479651906342
371 19.736474992621975
372 18.297510700493792
373 16.549137128878215
374 18.99294630084548
375 21.051923278375078
376 22.502582327741795
377 16.2942240154234
378 20.03863814463984
379 18.420641555737294
380 15.913325984045333
381 12.341215242424305
382 15.220334854448408
383 17.72949468520519
384 19.549661240028396
385 18.375539605794213
386 13.173996907325247
387 12.55680140155718
388 14.262900932824639
389 18.191341516837557
390 17.228832497938196
391 17.582352571462927
392 16.727250005149116
393 17.18215828741191
394 18.596432466783174
395 19.81830398936535
396 16.797706890818084
397 16.87872225290076
398 17.137012187928093
399 16.022619698701774
400 13.488871169014013
401 16.460551600812163
402 12.041586339066312
403 16.18842754004358
404 18.128668573159313
405 18.431810305043047
406 20.78959311761734
407 15.28383023174435
408 17.24575277273973
409 19.043869273482866
410 19.30239162710982
411 20.33174949067384
412 18.488691807496878
413 15.985067402078078
414 18.062117823420973
415 16.487257028265994
416 16.580257689900073
417 16.12886238602481
418 15.773918760130135
419 14.485378446610504
420 15.33297912115844
421 16.934677421418943
