0 2.7161054397057103
1 2.723476880770264
2 3.635067516202164
3 6.371382564060586
4 3.4699639616596127
5 2.247115093369844
6 3.764498922807696
7 3.141790634531791
8 5.39927280345758
9 4.574569460376458
10 3.7147745756000896
11 4.660649750619886
12 5.886103001476414
13 4.532818894138515
14 5.095711613162676
15 4.092492914182103
16 4.645666858818477
17 3.4374105382481055
18 3.795226913288351
19 2.8667490055537184
20 2.46015142353459
21 4.752467239485229
22 5.459510697652475
23 4.124543320513639
24 3.502697768682436
25 6.333609241997264
26 5.769702221160384
27 4.329043836772798
28 4.309793465957194
29 3.8733567117310725
30 4.60832059072301
31 4.522930102255557
32 5.009332188004416
33 5.657297997365743
34 4.978666806252771
35 6.155827805870649
36 4.307942947398164
37 4.952344076620895
38 7.132694468379428
39 2.9572527601069694
40 4.7593074890489655
41 5.041945728630573
42 4.1339411683276825
43 6.884567305732891
44 6.512556462930435
45 5.977989939891785
46 4.356975330131968
47 5.750132224158625
48 5.323690567036309
49 5.926503784367408
50 4.629242201539279
51 2.6149291399036225
52 3.779900450293375
53 2.629515184013336
54 3.308515317629746
55 4.869214244352224
56 2.8918840207906795
57 1.9236931317907604
58 4.892138493404449
59 7.262526612506738
60 5.647054657084586
61 4.468112202455579
62 4.165721902512025
63 4.052287926541948
64 2.541480801899426
65 3.117412292858064
66 6.185340577655179
67 3.63553633612627
68 3.3205608890938048
69 4.214072679131998
70 3.626186945790262
71 7.219337748500952
72 4.253453610534399
73 4.920635061506776
74 4.487898246148786
75 4.695744504353155
76 5.582816080365405
77 3.9544420977713406
78 5.18979972913118
79 4.143622084609096
80 3.90456536426109
81 3.0582219068179386
82 3.395529659892373
83 6.434574803988566
84 5.8240203531317185
85 4.94968054027704
86 5.5476918515927345
87 5.182058731403909
88 1.659781655865663
89 4.845681818106596
90 3.947584732017107
91 5.223729461222199
92 4.980929115792589
93 7.563718621085198
94 5.07753235362528
95 4.02788216349625
96 2.42479429855553
97 4.260287089719117
98 3.088859001378297
99 4.00163877601664
100 3.4546355778429754
101 1.9617840602238923
102 3.644989080614886
103 4.4121227287773115
104 3.1836471706205285
105 4.962467140711236
106 0.7875288653111754
107 1.7515786774796365
108 1.6633327825971138
109 2.4512290842612976
110 1.0618492504524493
111 2.8346440714711965
112 1.6421085155036512
113 3.1827020676430755
114 2.6472781933643534
115 2.8409597776605473
116 2.6120871542470447
117 2.4470655189150388
118 4.822110618521999
119 5.146299589606424
120 3.7336782371494524
121 1.8495614742514157
122 4.697688622752346
123 1.5885988491247027
124 5.185857361016381
125 3.9123042049187737
126 1.913023020220366
127 3.050829435326366
128 2.0302761819327455
129 4.927481026027297
130 3.3773877861862167
131 3.963540404576068
132 4.507379989264507
133 1.516609375004298
134 4.614528039087428
135 3.4021740674010297
136 2.3837058540764247
137 1.7088300419204379
138 3.2286762930461577
139 3.015325919332591
140 3.8961299755158514
141 3.6529201910355282
142 4.429424506135212
143 5.422383096268328
144 3.0610010230838145
145 3.992795289432713
146 3.592707155311608
147 3.1588218862889184
148 5.059786393638483
149 5.783512645242305
150 5.008373073001612
151 5.334941847170815
152 2.8434271708336576
153 4.589171650810197
154 4.599596156187734
155 5.269439274285307
156 5.204062442073421
157 5.5453888227467765
158 4.382000241724234
159 5.108808616569056
160 6.472793604328244
161 6.589916660657717
162 6.951917324500958
163 7.7474274406385435
164 6.594933276530436
165 6.686977513727366
166 7.13011466835816
167 5.532179521154968
168 6.015598525889498
169 4.4701056810046795
170 4.832212583243904
171 2.608950025656494
172 2.3754620278532657
173 5.225030903727257
174 4.405066788324678
175 3.790350152099178
176 3.919571574692406
177 3.674822106391958
178 3.47967568746983
179 3.0187952190595113
180 3.6631294707454303
181 3.271460311884046
182 2.033530675199728
183 3.0707048616285824
184 1.9192585211182764
185 4.679752093551457
186 0.9707076364198637
187 4.698235237143285
188 5.05891997311517
189 6.2192975991556985
190 3.575817278253197
191 2.744475341910951
192 6.600221167300487
193 2.8016115208559977
194 2.5839169562068425
195 4.3238695286594115
196 5.150391365079166
197 2.4161022843830553
198 3.0604085873209406
199 4.130483834436687
200 2.5996387312375946
201 2.973406639633217
202 2.5200246604425423
203 3.3591277184914166
204 3.4823126338690895
205 6.466298894281164
206 4.3406293950715344
207 4.3885119161472845
208 5.481716778116719
209 6.391809405838996
210 3.739047138709358
211 7.689300356522091
212 7.201263756098158
213 6.082319891164219
214 4.75414295511275
215 5.300674137021046
216 4.886299095051074
217 5.922309398193616
218 4.946419549864087
219 5.013210772336647
220 4.416123010897713
221 4.075499538744048
222 3.186289970474124
223 4.410965300274478
224 3.93672470319962
225 4.351674496081409
226 6.206144004416615
227 5.611418144366838
228 1.7258247292189235
229 3.552549209946557
230 5.158963356046399
231 4.168300709771844
232 3.8173456500356187
233 5.913248212176057
234 3.870678380161179
235 2.0496400642650334
236 4.406484320110007
237 3.9231218837466733
238 5.18126192880084
239 4.102724387646294
240 6.14116239060078
241 4.383300058701653
242 3.2078696488927942
243 3.422496569368609
244 2.129255854169701
245 4.347669639700475
246 4.4702731295782465
247 3.4325094379281422
248 7.463960026026225
249 4.963126863411144
250 4.4177738170431535
251 4.052136499580642
252 6.0748447292697385
253 6.451191130571406
254 4.271314921963124
255 4.914652025961382
256 4.7224405716531335
257 6.55867493450464
258 5.558752611411687
259 5.163895033546441
260 5.9566665507743295
261 6.025384545948904
262 6.4448221723223895
263 5.265155504865767
264 6.369631368811504
265 5.434539065046487
266 5.515019359713222
267 4.778460561289481
268 4.6814127546944135
269 6.463361670656876
270 5.400928174913343
271 7.057790245532406
272 5.6585934377659095
273 5.06224728905458
274 7.150224383452918
275 6.35423140937346
276 8.396983840275382
277 7.419663621041179
278 6.236356453550805
279 6.164394986846956
280 6.310580389394054
281 6.856059132325095
282 7.523512171870922
283 5.341507684294994
284 4.5496913786178865
285 5.224500244191564
286 3.062420845108741
287 3.640833702442456
288 4.852632169439296
289 2.7262810319017947
290 4.487231761624828
291 4.722338110205023
292 5.11175518125527
293 1.5488722203203578
294 2.929646374385021
295 4.830946858462902
296 5.551993049169377
297 4.426905654094698
298 4.045633815312107
299 3.5378974370687497
300 3.8992429638318336
301 2.5960877631536565
302 3.405472674832314
303 4.010265579027953
304 5.513868079029733
305 5.491584959558706
306 4.290975795985456
307 2.5171546876496182
308 5.791298668651632
309 4.285411973212962
310 5.479251640076645
311 2.8416380053942376
312 5.342269537387067
313 4.464125340853225
314 4.05851222696216
315 4.1628240332649575
316 3.468009620840852
317 4.007972606640594
318 4.321775467244904
319 5.452797783634433
320 4.845939876484177
321 4.17215450913269
322 4.719162793066047
323 4.863623714518029
324 5.29975720537458
325 5.598972895452639
326 5.886736792089597
327 5.954816822566755
328 4.710634488975261
329 4.113358883460888
330 4.46652490461782
331 4.82266662135846
332 4.552508726318107
333 5.246411623568454
334 6.737088676468928
335 4.308028207187899
336 5.765067854262412
337 4.493714710230948
338 3.1808743569065254
339 4.28339647149682
340 4.17558937311813
341 5.217908143892213
342 5.255772731023207
343 6.226174793915004
344 3.1286840390967026
345 2.854317152939975
346 2.9903852504062827
347 1.4903014292752959
348 1.8056180610538395
349 3.37708732278451
350 2.901493595810649
351 3.3209229830588263
352 5.570413527468086
353 5.574784754888379
354 2.5329665089271822
355 3.329280533389987
356 3.5743453653323978
357 3.5052164908799526
358 2.6975011445044887
359 3.78175126014118
360 2.808032052400108
361 3.3663739011026985
362 2.0857161281239676
363 3.1928702188617137
364 3.315406692654716
365 3.273376338006388
366 2.1509886332775645
367 1.0601055472969962
368 2.961465856426416
369 2.045537764539646
370 4.297673976397381
371 4.420673323304366
372 4.032782640818137
373 5.118880993269945
374 3.10672451346187
375 3.539236283457693
376 3.0694013744242366
377 4.001334585258465
378 4.626885716619234
379 4.402923644616512
380 3.37824409446105
381 5.383597755212893
382 5.2946313411505805
383 4.3264722480245
384 3.191883979421641
385 5.827031104434419
386 4.745909344252573
387 4.585368090932734
388 4.073224503615352
389 4.773499950775756
390 3.8804354411658415
391 4.143178492475959
392 3.646556387396719
393 4.306975050728648
394 3.728383560300881
395 3.867097740273305
396 2.7369496531350905
397 4.120355509031513
398 4.1833047251636595
399 4.521884746869621
400 5.703039370430328
401 6.322326340952629
402 3.08530958482339
403 5.52606692170509
404 4.930704629413244
405 4.675234631941676
406 3.8791129519326706
407 4.4734001463655595
408 2.995655052603701
409 3.11581097937301
410 4.44579699489248
411 6.440117141655513
412 5.089115205086958
413 5.512915864288439
414 5.4702170198184
415 5.554152933587003
416 5.148519078091657
417 7.067475070112822
418 5.618602255951485
419 5.917319745743338
420 6.255780801878196
421 6.377851234566335
