0 2.6450670960735536
1 5.075786646221476
2 9.24382562273965
3 8.596075712095306
4 11.05291256785296
5 8.431827368225365
6 10.504629412469761
7 9.426803770979722
8 7.909174930315105
9 13.173092110098906
10 12.75258664257036
11 14.050629560375647
12 15.11890031901236
13 18.371502680736608
14 13.863697730455891
15 11.95251934850887
16 9.10568224063528
17 14.990424422057533
18 13.983135893094193
19 13.878755602680714
20 17.298148970822186
21 13.15839203728822
22 16.0733626936071
23 16.236830218826533
24 14.791728855303736
25 11.849935721037165
26 13.08072089181459
27 13.661602562671867
28 14.816898832719849
29 14.365765394460812
30 16.11343193157053
31 13.919155766285364
32 12.995557772433905
33 13.869741186389009
34 13.922747881664353
35 12.510652395932842
36 15.083717475127202
37 16.35116856580211
38 16.826983090096018
39 14.387911634844011
40 15.25548038305062
41 16.88771855310007
42 13.066952207876685
43 13.875614821503524
44 13.244950783844127
45 14.076345249558758
46 14.556964448856263
47 14.979007989442975
48 17.255801079992512
49 13.047356082641722
50 17.957319134735773
51 16.71204414541298
52 18.23699984861524
53 16.72372283690612
54 15.374403904302618
55 14.566631851464262
56 14.962776999988641
57 16.321932365368976
58 15.834282604649495
59 16.62821522763674
60 15.057906007958703
61 15.418360636475347
62 16.959081480599124
63 14.279939027722731
64 17.49961856633227
65 17.295226157672836
66 16.581115318822086
67 14.975942367505679
68 16.460729582718823
69 15.802995193557255
70 14.29828607166226
71 16.46745330237832
72 16.25281555932985
73 16.515205685897868
74 16.574707734489486
75 17.544345164723023
76 16.34998494017301
77 15.770909960640644
78 13.952283933741096
79 16.739333721986014
80 16.827038075908295
81 19.596213138893503
82 17.694784330423033
83 17.991119639267204
84 17.306948454177856
85 19.502423684649905
86 21.977648006264275
87 16.019278867120637
88 17.901971858811493
89 16.807288716969172
90 19.260833510488453
91 18.39877669403525
92 17.180233223795735
93 14.187229400120712
94 16.208297157829442
95 20.29990674969357
96 17.31670557180988
97 18.916559731278124
98 14.245288710962283
99 14.951791666231836
100 15.163476959964795
101 13.103543547330116
102 12.51850031972598
103 16.554329652214523
104 16.569957024067534
105 20.840458785502463
106 18.344851227734996
107 15.791963562941772
108 21.27496503562877
109 11.696118194783017
110 10.845848271757644
111 10.856919389347839
112 14.003648363579016
113 15.006803810975734
114 14.627047886711011
115 12.421602669696673
116 11.912861958797679
117 10.493744994544377
118 7.543569305317969
119 11.959067400764814
120 12.487396141175157
121 9.926559468397112
122 7.314020974886023
123 12.260093244384569
124 13.537234625117033
125 11.50275647870005
126 15.717988482117304
127 16.045287958010313
128 18.09087011761535
129 17.638917633849765
130 14.96402875169105
131 12.98096130796759
132 15.270869030026027
133 14.349256036298721
134 15.268560819754319
135 11.266500749091215
136 14.780686265385231
137 11.344886283035098
138 12.075739251267306
139 13.513874412732818
140 13.548690722662212
141 12.564982750903743
142 10.608263232726758
143 14.948223820897091
144 14.819706430564047
145 15.659208619182403
146 13.479340538136734
147 9.06778017832318
148 12.663548012080856
149 12.491640397308766
150 13.221915636586642
151 14.8002099234709
152 19.11099365057823
153 16.637316656258857
154 16.038902625940924
155 17.59047548438793
156 16.296640178392636
157 13.688110344145572
158 18.129372813506
159 17.065635436959212
160 16.81331111326401
161 15.492874755554663
162 13.860328047804925
163 16.7168727017476
164 16.458631358157465
165 20.459100366732432
166 16.539355844875725
167 17.822173314078366
168 18.169134404839568
169 16.831292728110224
170 17.498160633411608
171 15.058920840213332
172 17.118287660671744
173 15.970922012046417
174 13.514813117276203
175 15.413196530966395
176 15.047866691723852
177 17.091071685640923
178 16.34107975842257
179 14.690397921390378
180 15.276107379713286
181 16.002229013977743
182 16.80894996610183
183 15.172024785610054
184 13.055727238582413
185 12.618194999319025
186 16.40908984957267
187 12.705645283210183
188 16.74753970345403
189 17.282143575493564
190 16.438368914323426
191 16.200016858063794
192 17.546700708737916
193 16.150259548525668
194 15.3296683043066
195 16.350893096153182
196 14.45744951084913
197 17.79938671686431
198 17.290234734763455
199 17.96903103849324
200 17.223019450563584
201 20.484507044779388
202 16.52257430475213
203 14.11246604561862
204 17.17377095100133
205 16.352507187213437
206 12.326501695739923
207 17.966087285971078
208 19.224038340298094
209 15.886947453041712
210 18.67650003756343
211 17.653695545428363
212 16.724296245332308
213 17.097433751301168
214 19.87742153668366
215 18.822091734979686
216 20.013419379506967
217 15.926057090786799
218 16.84411678767875
219 14.268286855055914
220 15.74483170931382
221 13.777208783997633
222 10.866281858238652
223 13.862227497707936
224 10.780709931376208
225 16.633785136191335
226 13.906441436680222
227 15.870643829822672
228 16.79189775102305
229 12.423385031487832
230 16.065714301960675
231 17.14850269889087
232 19.002723480598576
233 16.470720605448037
234 18.890334783168043
235 17.678362586722994
236 20.216775677109553
237 20.1960538297235
238 21.994772373746173
239 20.076158723090806
240 19.61481902956555
241 21.65017655534067
242 21.40171280119336
243 21.583479500389906
244 19.35351656614189
245 17.671042521410055
246 19.543736713764023
247 17.997214579105243
248 16.480996019806142
249 20.514985040956024
250 18.875986731410816
251 18.731225306799306
252 17.2815983453849
253 19.31751396389092
254 14.123740428435047
255 16.32492721141632
256 15.694883028227018
257 16.349424719835138
258 13.616068214219617
259 15.846176724250748
260 17.41420973655796
261 15.33106806100332
262 13.842204862036505
263 17.54849925448502
264 12.451694458735895
265 14.561224487495519
266 16.021776483022748
267 14.669917184201083
268 14.26262768342785
269 12.386854157561254
270 13.336911555363649
271 14.34408900237589
272 13.371640101143583
273 15.107437722196675
274 17.50555877505048
275 17.627646863158162
276 20.702347040545924
277 19.306633559340025
278 15.08197543468649
279 14.345097555021423
280 14.23584481450326
281 19.47470219711964
282 18.56150098697566
283 16.633930241529143
284 14.547641801639369
285 17.178496384915565
286 19.495527988290203
287 21.503755143549537
288 20.343003038477747
289 18.322871234554686
290 15.650162257154035
291 15.797481894669932
292 14.334934702413664
293 14.966356269091358
294 17.595933443925407
295 12.217759003460507
296 13.376189274640447
297 10.654293991687288
298 13.982990925645087
299 13.359903548712829
300 13.967804537561134
301 15.455321189190968
302 15.081188882604597
303 9.800949583920909
304 10.758350032751155
305 13.24414094936911
306 9.058220182007146
307 10.582583638487563
308 13.832748495912352
309 16.758753823554507
310 10.053009669354044
311 14.04019386618868
312 15.025898101093485
313 11.182358326210439
314 12.14057000221405
315 6.775227657370493
316 10.189872062656741
317 9.830528186300237
318 4.780880851546686
319 12.505808271854164
320 17.02906943140581
321 18.096627474531232
322 17.57306043565984
323 18.110140605211118
324 16.378598739440378
325 15.937110908611247
326 19.27789863751259
327 18.009552287357053
328 20.830551939095084
329 15.915219716267162
330 18.569978756187826
331 19.91233680836576
332 18.483630901881202
333 17.00730273251618
334 15.784577620822331
335 18.423561922634768
336 17.184362235727235
337 18.10882924814475
338 20.8467974174804
339 18.550375245366585
340 18.935359082244563
341 18.95079949485817
342 18.277119085108737
343 20.96636068972185
344 11.009948133094055
345 13.141204798635336
346 14.954320025268565
347 12.349862707259927
348 11.984409841339009
349 13.31448144244461
350 12.387522679582588
351 11.50573100348785
352 21.16658723394583
353 14.027312733158679
354 10.070344206621243
355 16.894307319950197
356 11.433047152694
357 12.147281694262952
358 11.786299310681445
359 12.824595988896272
360 14.041127755722439
361 8.226859473493045
362 11.940076259689482
363 9.718224899572217
364 8.364232095824239
365 7.8909093455653165
366 8.786763483944373
367 7.447278105465673
368 7.286140721433463
369 6.843955674806181
370 6.9122023823302445
371 9.619868075258644
372 6.7605638818388085
373 5.774052096751492
374 10.036322198093476
375 7.570869723180274
376 7.3739993268080815
377 8.328122655811347
378 7.426166815394449
379 5.799552828874055
380 5.724793014017873
381 5.080013629957802
382 6.010726970677396
383 7.611147077829861
384 4.555824894913721
385 7.21957994831747
386 6.884260104676862
387 6.0354094863366905
388 4.850301059824214
389 5.380710784917282
390 6.605280986959036
391 6.873852078747488
392 6.8220161785131594
393 3.647241720653325
394 3.874494644188809
395 3.0807271862739993
396 5.961705902382298
397 4.574858869298713
398 5.27289946349838
399 3.7682421445485756
400 3.0276199256472194
401 3.924276091973547
402 6.094375035503839
403 8.860581460025896
404 9.637183567972613
405 10.275493025123662
406 7.594814829153995
407 4.706733067854289
408 8.902383941840188
409 9.304494969344631
410 10.229703188959034
411 11.049652032502726
412 11.284935433670839
413 10.89747995527249
414 12.502809136564979
415 11.239698685009914
416 10.60517592444945
417 10.251806906219356
418 11.637906599418814
419 11.35564685326036
420 6.798290809063298
421 8.640942821283163
