0 6.696547342627883
1 7.364550879381429
2 12.868710472651205
3 13.964599429779135
4 14.729125613227838
5 10.21417544670916
6 15.629299286190612
7 12.538988178736222
8 10.563821641872126
9 16.52686524287755
10 18.038132702373684
11 20.28235671260879
12 21.12057570288723
13 23.267502507791978
14 18.515213486243347
15 14.126562017424042
16 13.73600052141742
17 17.848402961766837
18 17.249633794840296
19 16.06079310882407
20 19.671157788712257
21 18.181526698052277
22 21.176830637862665
23 19.936980674651128
24 18.484854063160107
25 17.770608153731228
26 19.0833055894056
27 17.90840067502957
28 18.581974849327427
29 18.46377619525667
30 20.25172762361557
31 18.78614448491609
32 18.5393962144773
33 18.13709369887909
34 18.467070956743402
35 19.27490115529371
36 18.365878780544975
37 18.495715787794477
38 16.45592063305627
39 16.75536063775416
40 17.38913738334097
41 19.393000663782953
42 17.68894192831175
43 20.343190537700714
44 19.62064180421634
45 20.246660616691482
46 18.065243040313586
47 17.739883167562816
48 21.542952860391456
49 19.06912306224616
50 21.023740908407966
51 19.28846827696943
52 21.476821512769735
53 19.265937745491435
54 19.09732772159578
55 19.855728560541788
56 18.340884437068627
57 18.122551086055793
58 17.722556568074843
59 18.819228171539194
60 18.023120837805777
61 19.260295812606017
62 21.481435810164776
63 19.072622931080307
64 20.236516058153025
65 20.266012679231885
66 20.666424911726878
67 18.097049673098226
68 19.706279206164343
69 20.555400914490672
70 18.316776524809224
71 22.21156069999698
72 21.45658689842319
73 20.80060399182547
74 20.57948544460174
75 22.460637858583453
76 22.648787564074716
77 19.94642565560947
78 19.560890636965425
79 21.120398588411955
80 20.48423513459015
81 22.52022684059795
82 20.59699984596335
83 21.351827469765826
84 23.270142372907383
85 23.074012751475777
86 25.105539897407205
87 21.598601906283395
88 19.034389510912185
89 21.995937238921528
90 23.11267230092308
91 22.90636615177558
92 21.84572799490825
93 20.64648542189699
94 20.69724978147321
95 22.195112141851585
96 19.423076116046655
97 19.809910358531454
98 16.978275400832775
99 17.96431629374203
100 19.086032533727884
101 13.413701107862607
102 17.60186744488061
103 15.489024060860862
104 19.38439356739936
105 20.076771041493434
106 18.690324991051916
107 15.274165567876722
108 22.004701178162996
109 12.705943895424456
110 12.26342149896368
111 14.362857091626054
112 15.053080918306346
113 18.03383747296769
114 17.264395266620834
115 14.536673956424892
116 13.78083666261452
117 12.87792870904782
118 10.204683261358344
119 14.98789579812441
120 15.437991278919027
121 10.939795433090442
122 10.768338556055996
123 14.400945260164152
124 13.962926742534242
125 13.134250187052384
126 14.642774602261063
127 17.20211975233622
128 18.766790936435473
129 16.58158890901619
130 17.175252509878625
131 15.895453543372955
132 18.154471674507572
133 16.22289522418339
134 18.191787183387127
135 15.29947628737535
136 16.497939544877365
137 12.936527256623455
138 13.994385425463454
139 16.30429054101878
140 15.7511611407021
141 16.210407395039976
142 14.1362807198715
143 18.749578540040268
144 17.20168862770468
145 20.107396353319288
146 17.720566286847102
147 11.421786749384072
148 17.101532843651544
149 17.978957920604397
150 16.675163259441124
151 18.610744044799187
152 21.687914837899854
153 20.947144556972106
154 16.838895395550985
155 18.966060893263403
156 20.055851148662796
157 19.226893265086566
158 19.83322904521559
159 21.28581651111169
160 22.63553125013986
161 17.624263326527288
162 19.908576704082613
163 19.65170206313919
164 18.026753336090884
165 20.79368082055676
166 20.61239885776103
167 20.17635822944424
168 20.72642466175683
169 17.692692691361724
170 21.548861319205326
171 17.814335420475683
172 19.450774211740644
173 19.09612053660579
174 15.60852975385917
175 16.74706154325086
176 16.917520384714297
177 20.16381161866305
178 19.927515212063835
179 18.246436351319737
180 18.36312698442786
181 19.254102102002307
182 18.7151060584248
183 15.968239194354934
184 15.4125013447043
185 17.05162082894608
186 18.169916180625794
187 16.99945974703729
188 16.846999970175858
189 17.536777061373684
190 17.868362635789303
191 18.77915621750421
192 15.627468043115814
193 18.731071420065778
194 17.27700108261592
195 16.44748573013428
196 13.98922911565608
197 18.696180433061716
198 17.95736926144488
199 16.54680704653763
200 19.012925123732856
201 22.711790152671647
202 19.853418876302303
203 16.36317006222471
204 18.011690198920245
205 16.949351106651175
206 15.088347606965272
207 19.93540543848561
208 20.828693769084385
209 17.717868368444076
210 20.651471650104178
211 19.204004846118814
212 20.280544389719967
213 20.359855454266096
214 21.412258463149193
215 19.975261059668767
216 19.98497429822999
217 16.893411642204583
218 16.27137664120161
219 18.78249786846399
220 19.601734913837873
221 16.820802273535424
222 13.459274291138037
223 16.065605056442198
224 15.380843144902713
225 19.954952690022832
226 16.52606546476026
227 17.296817509904805
228 16.891853714440852
229 13.499161247667066
230 18.744849704072394
231 14.597809586853328
232 21.139280367541637
233 16.076044355355368
234 20.581269105590742
235 19.613346704399177
236 21.92572688715698
237 20.642133342784227
238 22.99532946841306
239 20.96047644172177
240 22.813756192744982
241 21.721371267863777
242 23.59780045631603
243 21.03654481320538
244 19.948642624674978
245 20.21823794873008
246 22.348710185326336
247 20.79163578810096
248 18.065159535120298
249 22.246716014142
250 19.90416653832087
251 20.38688632365223
252 22.07358281873143
253 21.438237799776722
254 17.6698414141439
255 20.92904496421571
256 20.73835137815159
257 21.985912547220487
258 19.388126120989618
259 20.516844636223997
260 21.288009251842244
261 20.23062656092328
262 18.895947329650124
263 21.029455165946782
264 17.743005917398108
265 20.373431188622337
266 19.857312623809534
267 18.58716638209763
268 19.496599093298954
269 16.373351179862038
270 18.691779864746508
271 20.97454733285463
272 18.516058998418085
273 20.010830841578418
274 19.86657543641683
275 23.21890065496103
276 22.500940789080115
277 21.981882335958495
278 20.54432042106417
279 18.355007753600507
280 17.401549075341677
281 21.314237286639585
282 18.579116370073
283 20.818073283975828
284 18.194428816040254
285 20.341119577088346
286 23.313227425018248
287 24.050983445265878
288 22.457629898222184
289 21.00048307985698
290 19.820608041283908
291 20.202263924346877
292 18.96481379595995
293 16.25772167224538
294 16.841499885827712
295 17.606900651644473
296 18.01896817629526
297 14.616371665906918
298 15.60445678490043
299 16.238904541819778
300 14.718195029516833
301 18.87414559427241
302 19.30637930211344
303 12.978597262744573
304 12.266851954910711
305 14.012714831209497
306 14.963730854023302
307 14.167040718527256
308 13.78663853018524
309 16.007415176545436
310 14.1875855115981
311 15.716768338935038
312 18.249201705383644
313 16.803308033033286
314 17.428042879967215
315 11.46372013221716
316 14.405702194943911
317 13.87322909765584
318 9.414455993053298
319 17.576558432970927
320 23.20108473813174
321 23.170423867937416
322 22.02327635288053
323 22.773591222116824
324 23.05554053885603
325 22.838887577528794
326 24.61712180217075
327 23.345551383123702
328 24.992952199567487
329 19.781568455472634
330 22.086945290923488
331 25.689928421461662
332 22.3421171464997
333 20.774005252616753
334 21.95829506957979
335 23.42911364959583
336 20.009831484620424
337 23.527835359529234
338 22.695972084049192
339 21.20638743475523
340 22.106564079227066
341 20.286565528668966
342 21.73157996252745
343 21.654378501924302
344 14.868182104165983
345 17.435761283089334
346 15.57459650686691
347 13.719511279374336
348 15.339405990802817
349 14.958061939440123
350 14.390460501844238
351 15.747231186024655
352 22.458269545616538
353 18.19081074868995
354 14.167857692722322
355 16.970240147222043
356 14.053507887619643
357 15.767052479399963
358 14.77695534470252
359 13.824562303224466
360 16.84104163141137
361 12.390340839019938
362 15.14849672483339
363 13.63594867587648
364 12.033431432106143
365 10.880067083576572
366 10.107706546472745
367 8.278346243860122
368 9.04725134691439
369 7.988223700304473
370 11.080543456665128
371 12.211177968028306
372 8.60326130634394
373 7.717703533520597
374 9.84701292805556
375 11.265499983358845
376 11.18128023235209
377 12.248815569623085
378 11.012551242866166
379 9.807184688604353
380 8.50209843955698
381 8.698801181129397
382 8.190689555801407
383 8.791241043429475
384 7.984424371877763
385 9.820404827305106
386 7.817788596963166
387 8.334027003550771
388 8.162688446387756
389 9.802008965999882
390 10.140340453935098
391 10.480256612774411
392 10.213270293912368
393 8.57018470890317
394 7.266149550282608
395 7.446001209022856
396 7.925294776913852
397 8.37024594814212
398 8.553955966644754
399 6.40985730684533
400 9.015071923098244
401 10.416515267221916
402 9.329880992834397
403 11.301878192056115
404 11.399432522705569
405 11.029412267583744
406 8.38783826141736
407 7.175319532124389
408 7.753985341099689
409 8.303715206594486
410 8.708107349711248
411 7.319205369885191
412 9.409971275710616
413 8.549901406030418
414 9.931124544426613
415 9.143061998845655
416 8.57475447182375
417 8.695223227257488
418 12.270167556912481
419 12.467744253033318
420 10.7474692814526
421 10.485676656208883
