0 81.73384618106249
1 74.14178322579426
2 79.73994808391095
3 81.44623746152887
4 85.08887919630361
5 80.56262306570545
6 84.59418629575852
7 88.32417345492414
8 75.77708997433393
9 78.0825969915793
10 80.62613686296847
11 77.01924207381172
12 82.64828880861407
13 86.4287402967916
14 89.22475832327
15 88.40547846289047
16 88.98703091573095
17 89.03086499465635
18 86.21193646823055
19 86.85183725403476
20 82.31186245329415
21 86.93206534523264
22 80.74106172470327
23 89.90611423667347
24 87.1435402769333
25 89.89524633761206
26 87.09624364110199
27 85.24243058446999
28 86.43568814333935
29 89.17141810084371
30 86.33794310119242
31 87.76725599597552
32 85.04502710755861
33 87.67520130843408
34 86.61714730003635
35 82.38049332732064
36 82.69067579451408
37 82.38642145547679
38 83.182456948454
39 87.79665418719149
40 87.54646488947365
41 89.06204484070345
42 87.4308653420229
43 88.05062995979284
44 87.916531427621
45 82.54238792968147
46 84.06261038603903
47 89.40508656765962
48 89.46701890888755
49 86.11201150538062
50 83.78774605540009
51 85.2027350732471
52 81.13171191480943
53 82.88476398989759
54 83.59498591015763
55 87.7004082043266
56 88.0451770593946
57 87.7812758934818
58 88.02658010847941
59 87.46026440202115
60 86.97081925425833
61 82.91862635636707
62 82.6209947438923
63 87.71423060100199
64 81.19388006654894
65 85.52569318243647
66 85.49241787225054
67 86.2285471773402
68 85.85300323274454
69 79.7932165609768
70 87.74955076157556
71 89.70007539874068
72 89.69360595384023
73 85.6413552840954
74 85.26048193788696
75 85.32520249427279
76 89.89164447374287
77 84.76527949637071
78 89.95425241648368
79 89.33855330818291
80 88.81879971572363
81 89.68204913822537
82 87.26326214698754
83 84.34014162498278
84 83.5063301512979
85 83.51914754925119
86 84.08723129981522
87 87.61974744424967
88 86.0346372759588
89 76.42158177733737
90 79.55854834122051
91 82.94108098391295
92 83.40348328456814
93 88.37173841536378
94 80.8156177717545
95 82.33007109504341
96 84.8848415628629
97 77.67543754232732
98 78.16331955492532
99 77.28717335417383
100 85.05782518639455
101 84.54938558188607
102 85.82944492223618
103 88.20059421773853
104 84.14619145855886
105 80.87082743680087
106 82.2032573343183
107 85.54196669277093
108 85.70355078151768
109 83.81407516866086
110 87.49644692631064
111 85.75160084367391
112 84.24037959220087
113 85.2469933408392
114 78.18094653048544
115 87.49864963816202
116 89.85820673548102
117 86.58324873030226
118 87.04734533345585
119 83.50648884897406
120 80.34175135848108
121 80.61891453609829
122 84.02966999762472
123 84.90374754858867
124 84.47060531813635
125 84.97055150112176
126 77.80779019538065
127 83.52888172970802
128 81.13235653551584
129 85.47665509704639
130 79.28318852992355
131 85.68576779685775
132 80.92618167832016
133 74.66297667038394
134 77.38883775641473
135 85.9250076827589
136 77.09644627465572
137 70.94012390222912
138 81.25979040309201
139 83.70233459277344
140 82.81976172706442
141 81.54460299128488
142 77.27530621232005
143 83.98615501820932
144 82.00908469784538
145 86.62333932696544
146 78.1638892092339
147 82.75312541300295
148 81.91116389452533
149 86.30324672148006
150 88.53917259915045
151 87.23878387145598
152 88.94645584916935
153 82.22482332318236
154 82.74605260908004
155 82.00559406503746
156 85.2251747342391
157 80.90867916239968
158 84.22118801021291
159 89.65085764231814
160 85.89212109885315
161 89.11259285384428
162 89.61255547288516
163 79.29092754790564
164 87.811225252458
165 88.155408137321
166 87.51360576443686
167 86.14060918284459
168 85.79597808524171
169 79.50008202569917
170 78.86137945562142
171 78.15311860185253
172 87.06258590038252
173 84.36941986497816
174 88.09098145302637
175 87.49054047838824
176 85.39267649007107
177 76.82360394118841
178 83.04718030552701
179 74.61847230363882
180 77.82220534773649
181 78.44364469641532
182 79.31804290660908
183 86.52236083688238
184 79.41220357448013
185 82.82568554037681
186 76.88460539121519
187 77.96866929274782
188 71.4313903316234
189 81.309032789308
190 75.99080539396796
191 80.59869526777139
192 81.04736300278019
193 75.71082033298724
194 72.04095561141
195 73.44826460921448
196 78.87940779676501
197 73.59012064070039
198 69.28886412823982
199 80.71440873139387
200 80.58616783309465
201 77.29152887046617
202 76.52382139035161
203 73.07406187493316
204 85.9565669074952
205 75.82143602390677
206 78.48608102812449
207 77.35158173616001
208 79.46787267253997
209 78.719449577405
210 78.63844035254706
211 73.75225513965457
212 79.1215123847107
213 88.44932578205098
214 89.07123554943821
215 84.66457045395363
216 82.68669690274828
217 81.95398878533675
218 84.70483932412893
219 78.29322279813982
220 80.41163765391767
221 78.631982171634
222 79.56950479443775
223 79.56924106191312
224 73.70189433955551
225 75.23869934369658
226 77.57735899581728
227 75.25336857898417
228 79.23808587543422
229 82.78402167443716
230 79.1019635554428
231 82.27772220829075
232 82.85342516552858
233 81.39424954595943
234 82.74373815829824
235 81.47660460511322
236 79.25356721682289
237 78.7489986684989
238 78.31466489855752
239 75.41299665087283
240 75.93932135316359
241 85.59882926129366
242 86.59541258094985
243 88.52073317126863
244 87.4774378725194
245 85.73302521994708
246 79.98773068499705
247 81.87050747055326
248 84.65547577509892
249 89.85974344539981
250 86.01824228728387
251 86.5428144146965
252 86.57301299531743
253 80.03308687383311
254 77.6926057926577
255 81.84633275340167
256 86.03625501355968
257 85.32265948215301
258 85.51502411370423
259 89.02482516230995
260 85.36448775970445
261 80.79446837011682
262 84.43074006754333
263 82.84433796161426
264 80.16646982196667
265 79.88876421636168
266 77.47670643520206
267 79.46519928695017
268 83.9421813167574
269 76.57598283441891
270 80.0897292348029
271 84.0292662790265
272 88.50273381409848
273 87.73157182534982
274 89.59183177454761
275 87.07902138729841
276 84.96149691869488
277 81.78515821030898
278 78.62815417115328
279 79.44052083897274
280 82.45959082358125
281 81.72746980971252
282 83.13121656763117
283 86.76202299063117
284 80.24321099966208
285 79.72625011454801
286 78.0263444797182
287 83.72654388567463
288 80.78565819795874
289 83.72927397684937
290 77.83840709217067
291 75.43868456546831
292 77.82363729789323
293 77.30300477625053
294 76.869693607352
295 76.38597330878245
296 76.14696113309037
297 75.87556085969767
298 76.4429888681181
299 76.73950217341823
300 82.21302061456736
301 82.78097988549014
302 81.0770356651184
303 86.62009365144662
304 82.3795067407856
305 88.13830367794014
306 83.08325249965873
307 78.8704310891147
308 89.28770187410916
309 85.75350764913023
310 81.2030318613996
311 81.4010575759288
312 83.43793280728966
313 81.77782483200329
314 81.82825552641097
315 86.31552537681587
316 86.38031266201259
317 84.60961050925181
318 81.37169249287861
319 88.68426577178253
320 83.03318609020796
321 85.65152335615686
322 84.5878540988743
323 83.36435761681909
324 82.7766577266819
325 81.77031562210009
326 85.77069861606641
327 82.7396425827555
328 85.64173366132295
329 82.74404184193683
330 88.29005666695605
331 77.50425176274312
332 81.73385419338155
333 89.44057040946288
334 83.48616011703459
335 88.58547850385551
336 88.41418699555217
337 89.29645901466988
338 88.99864190015172
339 86.79270772565084
340 86.37127021466765
341 82.96579636850294
342 84.15459757981824
343 85.50016362378466
344 88.09515407053227
345 83.75655804825654
346 79.45639760476121
347 77.1296372345395
348 77.05378680567972
349 79.49611084413421
350 79.39222185840495
351 89.00467566144064
352 77.16277858200266
353 81.37384634112719
354 82.18533959232767
355 77.85973211434816
356 84.70637171732966
357 79.69010450469871
358 85.23560044620449
359 76.13656107882933
360 82.03283635468235
361 83.0827434613654
362 89.06446649431247
363 87.55630388527432
364 86.8024655960986
365 85.37218750585805
366 78.17739743166746
367 86.18503773404693
368 87.81036190054617
369 87.0610882190371
370 83.807273550578
371 81.91560290341945
372 89.1753259640562
373 82.66205577383516
374 85.91272201748272
375 87.29642237957421
376 82.16127109501552
377 89.08134471773951
378 84.94964881266138
379 84.37665288858203
380 86.97813925889177
381 83.50760783871756
382 82.76656478570048
383 78.98266385077656
384 77.88445952204536
385 80.49192633515891
386 77.54094870601534
387 78.46078284096026
388 87.173202343512
389 79.73599853142191
390 83.25066420043159
391 80.71200351461808
392 84.15723551599571
393 84.14933178713221
394 83.23723211366823
395 85.63899205000885
396 86.09254079709824
397 85.87359012355776
398 87.71318407535377
399 88.29079575439896
400 86.54299753360274
401 89.34654170943226
402 84.37486946755965
403 88.16791242049082
404 87.16533937656153
405 84.95664271059911
406 86.31187790155411
407 84.21287392627269
408 88.77645904910273
409 84.6131755826466
410 77.88399171168028
411 75.53768765436348
412 72.35808373936598
413 86.07848468482162
414 81.02974572988961
415 79.60437747282762
416 83.02577520647726
417 78.77171792170371
418 72.56337190274441
419 75.60837949033235
420 74.21336996939134
421 73.2266165937826
