1 3.5141782760620117 3.2711706161499023 2.183480739593506 2.72139048576355 1.166570782661438 1.1430835723876953
2 3.365914821624756 3.0578272342681885 2.703381299972534 2.1158697605133057 1.0817910432815552 1.0085813999176025
3 3.4812052249908447 3.296782970428467 3.4840924739837646 2.361600875854492 0.9654039740562439 1.150967001914978
4 3.2972097396850586 3.0142662525177 3.1495163440704346 2.5978786945343018 1.0234720706939697 1.0770732164382935
5 3.124565839767456 2.7965524196624756 2.745736837387085 2.577298164367676 1.3372772932052612 1.2200570106506348
6 3.7432029247283936 3.4857075214385986 2.9578697681427 2.5087976455688477 1.0313204526901245 1.511086106300354
7 3.2575695514678955 2.971031427383423 3.4492485523223877 1.9854522943496704 1.5562142133712769 1.1949533224105835
8 3.555493116378784 3.2186431884765625 2.5691006183624268 2.4070029258728027 1.1109505891799927 1.6459187269210815
9 3.327454090118408 3.0070061683654785 3.1633222103118896 2.0627686977386475 1.3149523735046387 1.209692120552063
10 3.4225430488586426 3.0680954456329346 2.937685966491699 2.354977607727051 1.0669145584106445 1.508215308189392
11 3.401857376098633 3.1775081157684326 3.2919623851776123 2.1352150440216064 0.9043563008308411 1.3622671365737915
12 3.545727252960205 3.2226996421813965 3.489885091781616 2.4138600826263428 1.091668963432312 1.529856562614441
13 4.1285552978515625 3.909745693206787 4.219665050506592 2.5497195720672607 1.3236087560653687 1.670852541923523
14 3.852191209793091 3.629354476928711 4.0650634765625 2.1657583713531494 1.3203446865081787 1.4235517978668213
15 3.8022286891937256 3.5147705078125 3.7977001667022705 2.370307683944702 1.1389076709747314 1.7057291269302368
16 3.8552775382995605 3.6302177906036377 4.38194465637207 2.1689202785491943 1.1751594543457031 1.5003249645233154
17 3.508051872253418 3.2024710178375244 3.7297523021698 2.1545259952545166 1.3842568397521973 1.4266420602798462
18 3.566535472869873 3.3118598461151123 3.7668368816375732 2.4501876831054688 1.3185579776763916 1.8047878742218018
19 3.6189496517181396 3.3083817958831787 3.889500379562378 2.3648698329925537 1.3966888189315796 1.7484972476959229
20 3.9304168224334717 3.682145357131958 3.9642510414123535 2.381596803665161 1.3439595699310303 1.7974933385849
21 3.7723608016967773 3.4382758140563965 4.0667219161987305 2.425652265548706 1.5732680559158325 1.8321970701217651
22 3.725003719329834 3.5114479064941406 4.12599515914917 2.369061231613159 1.451778769493103 1.8025354146957397
23 3.722757577896118 3.4367761611938477 3.9472265243530273 2.271573066711426 1.6258286237716675 1.7889589071273804
24 3.8868653774261475 3.6201329231262207 3.9457123279571533 2.511023998260498 1.243870735168457 1.8940705060958862
25 3.833117961883545 3.626959800720215 4.067315101623535 2.386373519897461 1.2470585107803345 1.726195216178894
26 3.7553088665008545 3.466489553451538 3.8877737522125244 2.4584102630615234 1.1863524913787842 1.9425021409988403
27 4.211754322052002 3.9716567993164063 4.267117023468018 2.5344367027282715 1.2567518949508667 1.7514375448226929
28 3.7016983032226563 3.4010729789733887 3.778917074203491 2.546734094619751 1.3113930225372314 1.8735302686691284
29 3.7400193214416504 3.4007110595703125 3.73421311378479 2.5962085723876953 1.4748992919921875 1.9617817401885986
30 3.8788816928863525 3.6087305545806885 4.132665157318115 2.5156338214874268 1.277753472328186 1.659036636352539
31 4.12682580947876 3.904839038848877 4.3927531242370605 2.674053430557251 1.5090888738632202 1.941283106803894
32 3.938922166824341 3.6836020946502686 4.25587797164917 2.687565565109253 1.394461750984192 1.8008451461791992
33 3.974954605102539 3.762450933456421 4.352432727813721 2.5498297214508057 1.3235307931900024 1.8421297073364258
34 4.023141860961914 3.79975962638855 4.443375587463379 2.5858147144317627 1.401179313659668 1.974115252494812
35 3.795588254928589 3.5388388633728027 4.245118141174316 2.0746757984161377 1.452716588973999 1.7186702489852905
36 3.9783101081848145 3.715498924255371 4.377676010131836 2.420992851257324 1.2808367013931274 1.8703540563583374
37 4.037031650543213 3.8212318420410156 4.36655855178833 2.484576463699341 1.512684941291809 2.1218247413635254
38 3.8833444118499756 3.698298692703247 4.301501274108887 2.167032480239868 1.361960530281067 1.8004423379898071
39 3.915576457977295 3.717191696166992 4.460407733917236 2.2189629077911377 1.733189582824707 1.7584244012832642
40 4.116722106933594 3.9458770751953125 4.61527681350708 2.156510829925537 2.3005619049072266 1.504272222518921
41 3.9740562438964844 3.7637367248535156 4.365438461303711 2.519881248474121 2.0042972564697266 1.7152392864227295
42 4.097971439361572 3.872328758239746 4.368019104003906 2.447035551071167 2.038163900375366 1.8566854000091553
43 3.9690470695495605 3.794076442718506 4.3808088302612305 2.4948792457580566 1.69687819480896 2.0156874656677246
44 4.034444332122803 3.8907032012939453 4.55549430847168 2.6099741458892822 1.8938277959823608 1.8490992784500122
45 3.8793187141418457 3.7333014011383057 4.273004531860352 2.693171501159668 1.4767625331878662 1.6869710683822632
46 3.8183434009552 3.669814109802246 4.316549301147461 2.453571081161499 1.4483271837234497 1.5526597499847412
47 3.812403678894043 3.553497076034546 3.984055280685425 2.5966246128082275 1.3260782957077026 1.7976922988891602
48 3.796274423599243 3.552727460861206 4.052709579467773 2.551523447036743 1.553605079650879 1.8675673007965088
49 3.9172420501708984 3.6844544410705566 4.103323459625244 2.56453800201416 1.4892128705978394 1.9663833379745483
50 4.268769264221191 4.071801662445068 4.451590061187744 2.327003240585327 2.0354247093200684 1.5982766151428223
51 4.022826671600342 3.805199146270752 4.187904357910156 2.4399003982543945 1.6047242879867554 1.7648882865905762
52 3.945387125015259 3.7238805294036865 4.16094446182251 2.3790271282196045 1.3855724334716797 1.5562117099761963
53 4.279847621917725 4.089056968688965 4.416462421417236 2.5422050952911377 1.7622424364089966 1.4981781244277954
54 4.315260887145996 4.078161239624023 4.325197696685791 2.263737440109253 1.693965196609497 1.574089765548706
55 4.115197658538818 3.8831372261047363 4.124095916748047 2.6224701404571533 1.066888451576233 1.9966847896575928
56 3.9797611236572266 3.6987178325653076 3.84316086769104 2.598569869995117 1.3118023872375488 1.939963459968567
57 3.853963613510132 3.619138717651367 4.1052985191345215 2.4608211517333984 1.5485469102859497 1.6548799276351929
58 3.9681389331817627 3.6637368202209473 4.125239372253418 2.440352439880371 1.209852933883667 1.4916577339172363
59 3.9026706218719482 3.519223928451538 4.049856185913086 2.327272891998291 1.466131567955017 1.6948018074035645
60 4.231551170349121 3.9553260803222656 4.386082649230957 2.6720242500305176 1.5240024328231812 1.6482398509979248
61 4.430761814117432 4.161982536315918 4.495997428894043 2.5834288597106934 1.2916604280471802 1.7391585111618042
62 4.15662956237793 3.8890373706817627 4.473889350891113 2.5327794551849365 1.4214102029800415 1.943334698677063
63 4.232424259185791 3.9596290588378906 4.483301162719727 2.554034471511841 1.8552062511444092 1.5700368881225586
64 4.6457109451293945 4.438155174255371 4.573129177093506 2.7935197353363037 1.833634614944458 2.001535415649414
65 4.539757251739502 4.282020568847656 4.5758280754089355 2.7783432006835938 1.8731932640075684 1.9612606763839722
66 4.445453643798828 4.248378276824951 4.524458885192871 2.726740837097168 1.8727108240127563 1.8996961116790771
67 4.368470668792725 4.144838333129883 4.405672073364258 2.5224478244781494 1.6411986351013184 1.7334388494491577
68 4.426377296447754 4.197362422943115 4.448922634124756 2.5843703746795654 1.535672664642334 1.774257779121399
69 4.520187854766846 4.308293342590332 4.56198787689209 2.486665964126587 1.8549364805221558 1.6678125858306885
70 4.309815883636475 4.009199142456055 4.443458080291748 2.489717721939087 1.7037354707717896 2.0288679599761963
71 4.28571081161499 4.019710063934326 4.359835624694824 2.961134672164917 1.7437130212783813 1.3766541481018066
72 4.341250896453857 4.104608535766602 4.406383037567139 2.8739795684814453 1.1947709321975708 2.1257808208465576
73 4.088357925415039 3.7897491455078125 4.284176826477051 2.5334789752960205 1.2001135349273682 1.639101505279541
74 4.127689361572266 3.8206253051757813 4.093174934387207 2.979860782623291 1.4428714513778687 1.9275163412094116
75 4.521481513977051 4.296932697296143 4.628030300140381 2.687795400619507 1.9878603219985962 2.141510486602783
76 4.111037254333496 3.8219265937805176 4.165333271026611 2.7217254638671875 1.2761955261230469 2.1541340351104736
77 4.207940578460693 3.9976096153259277 4.350849151611328 2.9729855060577393 1.293708086013794 2.2891762256622314
78 4.534743309020996 4.345134258270264 4.46318244934082 2.996666669845581 1.4557533264160156 2.271713972091675
79 4.365480422973633 4.210724830627441 4.611046314239502 2.471885919570923 1.5221476554870605 1.4479776620864868
80 4.2971882820129395 4.077883720397949 4.44436502456665 2.7377185821533203 1.219605565071106 2.085282564163208
81 4.426337242126465 4.219931602478027 4.613256931304932 2.9266138076782227 1.354249119758606 2.332282066345215
82 4.184520244598389 3.9371724128723145 4.2725605964660645 2.889287233352661 1.103718638420105 2.0019469261169434
83 4.129538536071777 3.95180344581604 4.663578033447266 2.4820709228515625 1.3204790353775024 1.6816703081130981
84 4.185787200927734 3.9898464679718018 4.420825958251953 2.9509878158569336 1.411281704902649 2.0171215534210205
85 4.140534400939941 3.92461895942688 4.610598087310791 2.5820868015289307 1.6421793699264526 1.7500598430633545
86 3.9973063468933105 3.811903715133667 4.416362285614014 2.684831142425537 1.4127516746520996 1.7773884534835815
87 4.01893424987793 3.787466287612915 4.363020896911621 2.552797317504883 1.3292673826217651 1.9943256378173828
88 4.140321731567383 3.8823647499084473 4.51339864730835 2.403160810470581 1.3572821617126465 1.7200453281402588
89 4.064999103546143 3.8118865489959717 4.408613204956055 2.6641368865966797 1.373476505279541 1.5841612815856934
90 4.338253498077393 4.031274795532227 4.726129055023193 2.7126965522766113 1.597923755645752 2.0835018157958984
91 4.236166477203369 3.9977080821990967 4.6752095222473145 2.696202516555786 1.3355488777160645 1.9720959663391113
92 4.270078182220459 3.932464599609375 4.4020795822143555 2.680623769760132 1.2534422874450684 2.2446212768554688
93 4.245110034942627 3.955012559890747 4.657299041748047 2.6348917484283447 1.5561550855636597 1.9127075672149658
94 4.139148235321045 3.885847330093384 4.724319934844971 2.245231866836548 1.548215389251709 1.4781948328018188
95 4.449071884155273 4.245845794677734 4.927709579467773 2.7960681915283203 1.722715973854065 1.6845084428787231
96 4.268996715545654 4.003635406494141 4.839619159698486 2.435727834701538 1.4568454027175903 1.4843995571136475
97 4.452786445617676 4.1873321533203125 5.04171895980835 2.602638006210327 1.81615149974823 1.8114067316055298
98 4.3697733879089355 4.115301132202148 4.723835468292236 2.716620683670044 1.5739680528640747 1.8871057033538818
99 4.530115127563477 4.287478923797607 4.726309776306152 2.7228517532348633 1.8605051040649414 2.031341314315796
100 4.458002090454102 4.179295063018799 4.888971328735352 2.638178825378418 1.8633304834365845 2.2669966220855713
101 4.363162994384766 4.138467788696289 4.9107208251953125 2.5709228515625 1.632067322731018 1.7891359329223633
102 4.360196113586426 4.092149257659912 4.957395553588867 2.556109666824341 1.6610338687896729 1.7177238464355469
103 4.575608253479004 4.3373637199401855 5.177860736846924 2.779895544052124 1.9218543767929077 2.3241562843322754
104 4.492762565612793 4.251709461212158 5.016580581665039 2.7865850925445557 1.5731236934661865 2.1412994861602783
105 4.326542377471924 4.081883430480957 4.823616981506348 2.5895464420318604 1.6782140731811523 2.0122973918914795
106 4.403411865234375 4.195017337799072 4.808940410614014 2.9805328845977783 1.4685163497924805 2.124601364135742
107 4.312387943267822 4.069511413574219 4.835811138153076 2.568512439727783 1.2705696821212769 1.7711008787155151
108 4.384517669677734 4.098296165466309 4.845081329345703 2.619405508041382 1.723207950592041 1.9554443359375
109 4.482328414916992 4.2382988929748535 5.165250778198242 2.560173511505127 1.782628059387207 1.8403958082199097
110 4.576988697052002 4.329066276550293 5.159146308898926 2.729545831680298 2.0066404342651367 2.117966413497925
111 4.4173994064331055 4.174684524536133 5.0310444831848145 2.5635337829589844 1.723780632019043 1.9958049058914185
112 4.3994669914245605 4.131453037261963 5.056291580200195 2.4708914756774902 1.8764097690582275 1.7557767629623413
113 4.475037574768066 4.229386806488037 4.926577091217041 2.6917548179626465 1.6329540014266968 1.8584648370742798
114 4.215114116668701 3.9281251430511475 4.720843315124512 2.3895528316497803 1.4583441019058228 1.4887677431106567
115 4.605072498321533 4.348155498504639 5.108645915985107 2.6870169639587402 2.1158039569854736 1.735404372215271
116 4.604093074798584 4.364146709442139 5.147497177124023 2.5819356441497803 2.0360443592071533 1.5999630689620972
117 4.58195161819458 4.341633319854736 5.00081205368042 2.65812611579895 1.7841386795043945 1.930607795715332
118 4.579489231109619 4.297396659851074 5.068058013916016 2.5899245738983154 1.855983853340149 1.8666573762893677
119 4.503681182861328 4.285915851593018 5.143599033355713 2.517416000366211 1.9996163845062256 1.6057097911834717
120 4.401259422302246 4.152893543243408 4.719089508056641 2.8061063289642334 1.498133659362793 1.9711591005325317
121 4.321540832519531 4.109632968902588 4.784968376159668 2.4726386070251465 1.850369930267334 1.54586660861969
122 4.268924236297607 4.063358783721924 4.965333938598633 2.4852423667907715 1.7957582473754883 1.2285155057907104
123 4.237212181091309 4.020429611206055 4.938173770904541 2.3996522426605225 2.0359082221984863 1.2739415168762207
124 4.288706302642822 4.100196838378906 5.024333477020264 2.3375277519226074 1.6431025266647339 1.1708576679229736
125 4.282355785369873 4.047565460205078 4.94284200668335 2.4071061611175537 1.8296345472335815 1.2250117063522339
126 4.5379719734191895 4.27621603012085 5.083704948425293 2.810244560241699 1.824747085571289 1.8057588338851929
127 4.526203155517578 4.274954319000244 5.047610282897949 2.9103498458862305 1.7386174201965332 1.2770532369613647
128 4.4447102546691895 4.198711395263672 4.984647274017334 2.808131456375122 1.7445284128189087 1.152105689048767
129 4.4564032554626465 4.225801944732666 5.126166820526123 2.5251333713531494 1.8077573776245117 1.3442364931106567
130 4.480750560760498 4.257303714752197 4.9647393226623535 2.871340751647949 1.9346452951431274 1.3740273714065552
131 4.7808732986450195 4.631881237030029 5.0063886642456055 3.6374764442443848 1.8396459817886353 1.417977213859558
132 4.826103210449219 4.675621032714844 4.867018222808838 3.3444371223449707 1.837140440940857 1.3277701139450073
133 4.769484519958496 4.586264610290527 4.865443229675293 3.464982032775879 1.839309573173523 1.2551074028015137
134 4.827939510345459 4.646481990814209 4.642627716064453 3.2975189685821533 1.3702250719070435 1.3099511861801147
135 4.337975025177002 4.107233047485352 4.702609539031982 2.9975428581237793 1.3865820169448853 1.4667290449142456
136 4.646153450012207 4.505568981170654 4.303938388824463 3.2627696990966797 1.1497416496276855 1.9406671524047852
137 4.711927890777588 4.578505516052246 4.4436259269714355 3.07739520072937 1.1777819395065308 1.5172958374023438
138 4.321621417999268 4.052671432495117 4.53708028793335 2.6722946166992188 1.3745993375778198 1.1133933067321777
139 4.374472141265869 4.144360065460205 4.487405300140381 2.838151216506958 1.3617019653320313 1.2608412504196167
140 4.570184707641602 4.360020160675049 4.657810211181641 3.1041417121887207 1.540513515472412 1.3404401540756226
141 4.285863399505615 4.034668445587158 4.574405193328857 2.93021821975708 1.353880763053894 1.1308168172836304
142 4.6200151443481445 4.3957719802856445 4.608712673187256 3.5715296268463135 1.5482912063598633 1.8937242031097412
143 4.543670177459717 4.381380081176758 4.624025821685791 3.6383581161499023 1.3712581396102905 1.9072235822677612
144 4.5290374755859375 4.306727409362793 4.757706642150879 3.176593780517578 1.3884944915771484 1.5993540287017822
145 4.699648857116699 4.509303092956543 4.79873514175415 3.70564341545105 1.5460420846939087 1.8384754657745361
146 4.7345805168151855 4.5973405838012695 4.783437252044678 3.508603572845459 1.5860544443130493 1.7942461967468262
147 4.804417610168457 4.613864898681641 4.972104549407959 3.690448760986328 1.6679977178573608 2.000947952270508
148 4.579002857208252 4.448355197906494 4.878303527832031 3.555015802383423 1.4504961967468262 1.851649522781372
149 4.696523189544678 4.5463457107543945 4.793752670288086 3.5818746089935303 1.7350064516067505 1.9404569864273071
150 4.669060230255127 4.592144966125488 4.925593376159668 3.6675803661346436 1.7351593971252441 1.8024883270263672
151 4.733067512512207 4.557746410369873 5.010222911834717 3.5660862922668457 1.7354707717895508 1.9378126859664917
152 4.656454563140869 4.4849324226379395 4.987705230712891 3.4185233116149902 1.8785479068756104 1.7674680948257446
153 4.763550281524658 4.65028190612793 4.8901896476745605 3.983578681945801 1.5300098657608032 1.8778865337371826
154 4.717254161834717 4.4919304847717285 4.796839237213135 3.5960259437561035 1.2460116147994995 1.7004306316375732
155 4.595930576324463 4.392322063446045 4.775158882141113 3.537184953689575 1.408851146697998 1.6398451328277588
156 4.516857147216797 4.2450056076049805 4.708526611328125 3.295307159423828 1.5265499353408813 1.7716478109359741
157 4.648627281188965 4.438063144683838 4.757655620574951 3.599564552307129 1.448176383972168 1.7361270189285278
158 4.9298906326293945 4.801209926605225 5.050822734832764 3.750063180923462 1.5315552949905396 1.860885500907898
159 4.666938781738281 4.496506214141846 4.817224979400635 3.7074756622314453 1.3811678886413574 1.8078051805496216
160 4.572268486022949 4.385688304901123 4.754156112670898 3.5758349895477295 1.5315024852752686 1.9036756753921509
161 4.741810321807861 4.564259052276611 4.81971549987793 3.6216440200805664 1.5549761056900024 1.9219876527786255
162 4.4776611328125 4.238574981689453 4.555171012878418 3.38371205329895 1.6888092756271362 1.7983183860778809
163 4.6059370040893555 4.387852668762207 4.954244136810303 3.297271490097046 1.6955429315567017 1.709564208984375
164 4.973508358001709 4.842606067657471 5.23247766494751 3.5679523944854736 1.8295451402664185 1.4897818565368652
165 4.597153663635254 4.36458683013916 4.6279425621032715 3.6402649879455566 1.907594084739685 1.8346048593521118
166 4.952230930328369 4.750861644744873 5.471457004547119 3.098140239715576 2.0630605220794678 2.000866651535034
167 4.48267126083374 4.323997974395752 5.147003173828125 2.8194899559020996 1.5675066709518433 1.260002613067627
168 4.188619136810303 3.8772833347320557 4.222990989685059 3.045743703842163 1.6242849826812744 1.2701729536056519
169 4.097733497619629 3.8021111488342285 3.9812538623809814 3.2058510780334473 1.8935073614120483 1.1629493236541748
170 4.288602828979492 4.01658296585083 4.383011817932129 3.2892379760742188 2.1128759384155273 1.2818292379379272
171 4.221114158630371 3.8805768489837646 4.054642200469971 3.083744525909424 1.9703786373138428 1.4686388969421387
172 4.256039142608643 3.9587361812591553 4.001631259918213 3.529062271118164 1.9356871843338013 1.5599024295806885
173 4.48015022277832 4.215333938598633 3.9598805904388428 3.8266522884368896 2.0463480949401855 1.7186405658721924
174 4.322500228881836 4.054745674133301 3.58428955078125 3.9733078479766846 1.988739252090454 1.4338074922561646
175 4.584273815155029 4.272709846496582 4.241835117340088 3.6345295906066895 2.0039377212524414 1.6358416080474854
176 3.9730758666992188 3.6288700103759766 3.4391403198242188 3.4861807823181152 1.8845868110656738 1.3200422525405884
177 3.8863003253936768 3.430734157562256 2.8826262950897217 3.2990217208862305 1.62824285030365 1.4134434461593628
178 3.8937816619873047 3.5033066272735596 3.218222141265869 3.510629177093506 1.914137840270996 1.2924399375915527
179 4.008192539215088 3.545731782913208 3.223165512084961 3.4341485500335693 1.8980456590652466 1.809430480003357
180 4.009551048278809 3.670142889022827 3.5460386276245117 3.5724236965179443 2.289823532104492 1.4917676448822021
181 3.8532891273498535 3.3807339668273926 3.26005220413208 3.262704849243164 2.172947406768799 1.4801042079925537
182 3.8488776683807373 3.3716275691986084 3.042813777923584 3.203453540802002 2.0163238048553467 1.5495063066482544
183 4.115906715393066 3.6368067264556885 3.600573778152466 3.3500170707702637 1.8027145862579346 1.3061096668243408
184 4.178223609924316 3.9120917320251465 3.6259284019470215 3.6346185207366943 2.073509931564331 1.4950896501541138
185 4.210386753082275 3.8856258392333984 3.3521947860717773 4.052152633666992 1.9395828247070313 1.5275462865829468
186 3.8367583751678467 3.3821890354156494 2.580002784729004 3.3784377574920654 1.7221304178237915 1.6357622146606445
187 4.103496074676514 3.7712783813476563 3.2758333683013916 3.668816566467285 2.0065102577209473 1.6784095764160156
188 4.419210433959961 4.101415157318115 3.4377338886260986 3.6966538429260254 1.560290813446045 1.2878992557525635
189 4.462279796600342 4.1858415603637695 4.249332904815674 3.6725661754608154 1.8581498861312866 1.477327823638916
190 4.454154014587402 4.252078056335449 4.071555137634277 3.6117167472839355 1.7465074062347412 1.5560195446014404
191 4.145263671875 3.8670480251312256 3.748457908630371 3.5367698669433594 1.3966349363327026 1.3200886249542236
192 4.0040602684021 3.577190399169922 3.344071626663208 3.4733126163482666 1.3888545036315918 1.4174927473068237
193 4.389832973480225 4.134947299957275 3.7191357612609863 3.8229668140411377 1.4663658142089844 1.3817956447601318
194 4.172703742980957 3.8356993198394775 3.125040054321289 3.667851209640503 1.5235166549682617 1.4018609523773193
195 4.356733322143555 4.038948059082031 3.329826593399048 3.6286227703094482 1.8312016725540161 1.3893823623657227
196 4.273935794830322 4.024479866027832 3.034367084503174 4.279154300689697 1.4742592573165894 1.4393947124481201
197 4.2982892990112305 3.9700703620910645 3.1060078144073486 4.099206924438477 1.3170028924942017 1.5522687435150146
198 4.759355545043945 4.558211326599121 3.0510640144348145 3.8810946941375732 1.4914517402648926 1.5008182525634766
199 4.181877136230469 3.844482421875 3.1003000736236572 3.7984821796417236 1.282747745513916 1.2324461936950684
200 4.032850742340088 3.6199610233306885 3.1123745441436768 3.563058376312256 1.4423620700836182 1.309601902961731
201 4.198495864868164 3.904568672180176 3.2203166484832764 3.841925859451294 1.4000965356826782 1.3241612911224365
202 4.152649402618408 3.8339786529541016 2.9890921115875244 3.6807498931884766 1.5613230466842651 1.27621328830719
203 4.332295894622803 4.047476768493652 2.9507241249084473 3.675076484680176 1.2786844968795776 1.5584663152694702
204 3.88338041305542 3.4055702686309814 3.03283953666687 3.4151182174682617 1.8517550230026245 1.4263421297073364
205 4.061655044555664 3.6872129440307617 3.2355875968933105 3.55657696723938 1.9585899114608765 1.6437746286392212
206 3.894153118133545 3.4839189052581787 2.979682683944702 3.486206293106079 1.2262787818908691 1.4976943731307983
207 4.059621810913086 3.671027660369873 3.1688320636749268 3.5069363117218018 1.7064199447631836 1.611083984375
208 3.914792060852051 3.520310640335083 3.2685158252716064 3.455585479736328 1.795893669128418 1.3552072048187256
209 4.370242595672607 4.0858049392700195 3.311781406402588 3.6373443603515625 1.7566781044006348 1.4385042190551758
210 3.864304304122925 3.389556646347046 2.9315078258514404 3.5243899822235107 1.542496681213379 1.438488245010376
211 3.9074900150299072 3.547337770462036 2.6488566398620605 3.4826552867889404 1.7770681381225586 1.3841146230697632
212 3.930527925491333 3.624455690383911 3.2235329151153564 3.4248156547546387 1.6968713998794556 1.116187572479248
213 3.72940993309021 3.2542948722839355 3.031442642211914 3.207200527191162 1.6373440027236938 1.4357953071594238
214 3.721411943435669 3.33935546875 2.988018274307251 3.437849998474121 1.303263783454895 1.2793564796447754
215 4.0279717445373535 3.707230567932129 3.2056052684783936 3.739107608795166 1.8327869176864624 1.490254282951355
216 4.118168354034424 3.823655843734741 2.952561855316162 3.8667993545532227 1.554081916809082 1.6104928255081177
217 3.9880423545837402 3.5929861068725586 3.310687303543091 3.0005881786346436 1.878132700920105 1.6883594989776611
218 3.8163833618164063 3.3497562408447266 3.1736927032470703 2.9428176879882813 1.8466401100158691 1.6892467737197876
219 3.8188843727111816 3.4116482734680176 3.188445568084717 2.5915896892547607 2.090771198272705 1.3386458158493042
220 3.8280961513519287 3.3702070713043213 3.1477701663970947 2.9253408908843994 2.1870856285095215 1.33137845993042
221 4.512475490570068 4.199007034301758 3.576683282852173 3.157031774520874 2.5803139209747314 1.2785975933074951
222 3.6137912273406982 3.200629234313965 3.1159911155700684 2.5497372150421143 1.686521291732788 1.3038901090621948
223 3.695692777633667 3.261902332305908 3.503629684448242 2.508715867996216 1.9319498538970947 1.3642101287841797
224 4.016415119171143 3.6719422340393066 3.3622429370880127 2.732436180114746 1.79444420337677 1.8747042417526245
225 3.8966379165649414 3.519209623336792 3.296086311340332 2.5374867916107178 1.8819082975387573 1.224574089050293
226 3.7067031860351563 3.2383265495300293 3.344169855117798 2.7608535289764404 1.7452373504638672 1.8439021110534668
227 3.743372678756714 3.3586347103118896 3.2999699115753174 2.6478586196899414 1.786091685295105 1.445885419845581
228 3.8405418395996094 3.444258689880371 3.417259454727173 2.7968685626983643 1.9108906984329224 1.534104347229004
229 3.9596402645111084 3.492767095565796 3.6899585723876953 2.6771016120910645 2.2040746212005615 1.759668231010437
230 3.7349002361297607 3.2134342193603516 3.297609329223633 2.6297779083251953 1.743109941482544 1.5219659805297852
231 3.6980133056640625 3.159869432449341 3.351306915283203 2.5598323345184326 2.258791923522949 1.453199863433838
232 3.8091371059417725 3.316478967666626 3.4490315914154053 2.554614782333374 2.22257924079895 1.3851033449172974
233 3.6305291652679443 3.0987863540649414 3.262260913848877 2.370807409286499 2.2545714378356934 1.2517198324203491
234 3.5895912647247314 3.1041669845581055 3.13986873626709 2.510526418685913 1.96566903591156 1.533647894859314
235 3.870483875274658 3.4351563453674316 3.355377197265625 2.778944969177246 1.743863821029663 1.5465984344482422
236 3.73280930519104 3.271247148513794 3.1624011993408203 2.9436721801757813 2.023719549179077 1.426723599433899
237 3.835341215133667 3.3509621620178223 2.9572134017944336 3.0063843727111816 1.8978785276412964 1.5244117975234985
238 4.019833087921143 3.524906873703003 3.4306321144104004 2.987929105758667 2.2140746116638184 1.5709470510482788
239 3.70942759513855 3.219869375228882 3.1579549312591553 2.3912527561187744 1.8262476921081543 1.4254988431930542
240 3.9226059913635254 3.4629430770874023 3.305082321166992 2.898524284362793 2.1961729526519775 1.6446782350540161
241 3.9174153804779053 3.5200488567352295 3.36055850982666 3.1782948970794678 2.1172735691070557 1.9316054582595825
242 3.7305023670196533 3.249734878540039 3.455764055252075 2.755690097808838 2.2376842498779297 2.0206313133239746
243 4.002145767211914 3.469193458557129 3.5695440769195557 2.565725088119507 2.443772792816162 1.8651458024978638
244 4.126327037811279 3.5979671478271484 3.535444498062134 2.7232439517974854 2.5277726650238037 1.5981887578964233
245 3.862438440322876 3.3146941661834717 3.311586618423462 2.957624673843384 2.252211332321167 2.0742175579071045
246 3.9002718925476074 3.425088405609131 3.340524435043335 2.748349189758301 2.1254429817199707 1.523321509361267
247 3.761573314666748 3.1743781566619873 3.1980626583099365 2.726703643798828 2.0368900299072266 1.5259394645690918
248 3.985819101333618 3.4426021575927734 3.434206485748291 3.1630492210388184 2.30242919921875 1.7807728052139282
249 3.9733173847198486 3.4031307697296143 3.224030017852783 2.9934988021850586 2.2240467071533203 1.8407148122787476
250 4.127831935882568 3.6331546306610107 3.7231333255767822 2.989248037338257 2.5993611812591553 1.5407902002334595
251 3.8516793251037598 3.342921018600464 3.183075189590454 3.179969310760498 2.087553024291992 1.4872792959213257
252 3.6654837131500244 3.170907497406006 3.028877019882202 3.109682083129883 1.9129955768585205 1.7313462495803833
253 4.162498950958252 3.7946388721466064 3.4835596084594727 3.7117037773132324 2.0980618000030518 1.869949460029602
254 3.7985541820526123 3.238981246948242 2.959352970123291 3.204195976257324 2.1018710136413574 1.9322154521942139
255 3.8485300540924072 3.2813339233398438 3.096503257751465 3.309856653213501 1.853684663772583 1.9619009494781494
256 3.771535634994507 3.2001543045043945 3.1006195545196533 3.1077849864959717 2.050118923187256 1.8317084312438965
257 4.031242370605469 3.5001111030578613 3.337508201599121 3.353412628173828 2.2203104496002197 2.0360326766967773
258 4.008285045623779 3.5247654914855957 3.67392635345459 3.1699154376983643 2.3864474296569824 1.8853267431259155
259 4.040846347808838 3.5833957195281982 3.31782603263855 3.320708990097046 2.0685489177703857 1.9166085720062256
260 3.89540433883667 3.403015375137329 3.549673557281494 3.0095059871673584 2.0212414264678955 1.8425111770629883
261 3.8339691162109375 3.3473103046417236 3.411097526550293 3.181248426437378 1.9412670135498047 1.9075042009353638
262 4.138706207275391 3.656787157058716 3.716251850128174 3.2543718814849854 2.340663433074951 2.1033129692077637
263 3.9939472675323486 3.506030797958374 3.542842149734497 3.242333173751831 2.221365213394165 1.9771571159362793
264 4.268519401550293 3.8624520301818848 3.7495970726013184 3.1826250553131104 2.3484487533569336 1.6590946912765503
265 4.059890270233154 3.630521535873413 3.893225908279419 3.1249561309814453 2.2848284244537354 1.750538945198059
266 4.096505165100098 3.7068934440612793 3.799180507659912 3.312380313873291 2.0081076622009277 2.2761881351470947
267 4.3135552406311035 3.9742250442504883 4.481504917144775 2.6812515258789063 1.9982860088348389 1.618139624595642
268 3.904219388961792 3.346798896789551 3.8665714263916016 2.4042773246765137 2.397766590118408 1.394322156906128
269 3.99357271194458 3.597717523574829 3.844017505645752 2.866295099258423 1.9239526987075806 1.7746919393539429
270 3.758589744567871 3.244720935821533 3.2410473823547363 2.9419901371002197 2.07175874710083 1.7162131071090698
271 3.7508606910705566 3.1629738807678223 3.213958978652954 2.9239110946655273 2.1423051357269287 2.0239219665527344
272 3.739238977432251 3.194326639175415 2.933544397354126 3.036961555480957 2.112769603729248 1.8206249475479126
273 3.9567978382110596 3.481367349624634 3.172665596008301 3.2150936126708984 2.534149408340454 1.8924298286437988
274 4.364503860473633 4.064425945281982 3.8972246646881104 3.26876163482666 2.759402275085449 1.6557461023330688
275 4.261533737182617 3.8816168308258057 3.6264572143554688 3.221745014190674 2.6013786792755127 1.5373018980026245
276 4.2518439292907715 3.8963911533355713 3.4723658561706543 3.271622657775879 2.2118518352508545 1.5358244180679321
277 4.480311870574951 4.232173442840576 3.35176682472229 3.734098196029663 2.1152803897857666 1.6670172214508057
278 4.085814476013184 3.761429786682129 3.1900522708892822 3.4011683464050293 1.894235372543335 1.6275863647460938
279 4.154635429382324 3.8468079566955566 3.7201735973358154 3.6589486598968506 2.007070302963257 1.822707176208496
280 3.9519591331481934 3.557497024536133 3.2758891582489014 3.540461301803589 1.8697474002838135 2.060838460922241
281 3.8226757049560547 3.3293848037719727 3.0847976207733154 3.3733067512512207 1.8053958415985107 1.9410194158554077
282 4.129607677459717 3.710911512374878 3.5055880546569824 3.4019927978515625 2.132194757461548 1.7043097019195557
283 3.988051176071167 3.5106899738311768 3.159587860107422 3.329576253890991 1.9117969274520874 1.8258063793182373
284 3.791945695877075 3.2572898864746094 3.017416477203369 3.376929759979248 1.7250810861587524 2.1202285289764404
285 4.089456558227539 3.680330991744995 3.6137685775756836 3.310953140258789 2.1108145713806152 2.2965281009674072
286 4.064133644104004 3.5396687984466553 3.0991404056549072 3.2237496376037598 2.0316498279571533 2.151362180709839
287 3.9899492263793945 3.444228410720825 3.2304134368896484 3.045705556869507 1.9112169742584229 1.9594385623931885
288 4.045735836029053 3.538827896118164 3.223350763320923 3.2203280925750732 2.0282862186431885 2.0045666694641113
289 3.8489508628845215 3.2839255332946777 3.0666372776031494 3.0135698318481445 1.926396131515503 1.8559513092041016
290 3.870924711227417 3.4146552085876465 2.906752586364746 3.3319451808929443 1.9528894424438477 2.0126070976257324
291 3.8508007526397705 3.359825611114502 3.1613094806671143 3.0457804203033447 2.0576651096343994 1.7039697170257568
292 3.8688066005706787 3.378567934036255 3.2568600177764893 3.2623746395111084 2.0956521034240723 1.761755347251892
293 4.130673408508301 3.712047815322876 3.1540777683258057 3.34153151512146 1.9904297590255737 2.0418875217437744
294 4.12316370010376 3.7321553230285645 3.2440993785858154 3.3313546180725098 1.8578336238861084 2.0170772075653076
295 4.112112522125244 3.6920595169067383 3.1614694595336914 3.4493441581726074 2.021832227706909 2.3531668186187744
296 3.8839309215545654 3.4208056926727295 3.147636890411377 3.256556510925293 1.997733473777771 1.8821033239364624
297 3.648651123046875 3.138244867324829 2.7018189430236816 3.016752243041992 1.5142565965652466 1.6023330688476563
298 3.7409393787384033 3.2469608783721924 2.7729175090789795 3.0892484188079834 1.6143287420272827 1.517690896987915
299 3.7411904335021973 3.217593193054199 2.957820415496826 3.3120415210723877 1.880104422569275 1.7601956129074097
300 4.1073126792907715 3.6247780323028564 3.091615915298462 3.4452996253967285 2.057284116744995 1.8698691129684448
301 3.6011531352996826 2.9285693168640137 2.537724494934082 2.953674554824829 1.9411323070526123 1.7689992189407349
302 3.718484878540039 3.202915906906128 2.9217963218688965 3.1837151050567627 1.974228858947754 1.846544623374939
303 3.639230489730835 3.116403341293335 2.62351393699646 3.100111722946167 1.7803425788879395 1.9526950120925903
304 3.7348053455352783 3.2717843055725098 2.9311110973358154 3.342848539352417 1.9184322357177734 2.1146762371063232
305 3.8244314193725586 3.3841631412506104 3.027493476867676 3.157069444656372 1.7199910879135132 2.006455659866333
306 3.9437077045440674 3.4633700847625732 3.1537466049194336 3.2866601943969727 1.7671011686325073 2.004122495651245
307 3.8414783477783203 3.3062851428985596 3.1864676475524902 3.2562308311462402 1.8911367654800415 2.209784984588623
308 3.9890334606170654 3.6342036724090576 3.348606586456299 3.231290340423584 1.7620128393173218 1.948479175567627
309 4.35657262802124 3.8832058906555176 3.4436380863189697 3.4182071685791016 2.149912118911743 2.278506278991699
310 3.82847261428833 3.301825761795044 3.069711923599243 3.4170825481414795 2.445394277572632 2.0389139652252197
311 3.8831064701080322 3.283660411834717 3.2132318019866943 3.2019102573394775 1.9483615159988403 1.910881757736206
312 3.97306489944458 3.386781930923462 3.218628168106079 3.042475461959839 2.1697466373443604 1.972740650177002
313 4.441013813018799 4.112792015075684 3.6771762371063232 4.0176568031311035 1.810981273651123 2.3544821739196777
314 4.224863052368164 3.8533506393432617 3.7035791873931885 3.674180746078491 1.5946372747421265 2.2121682167053223
315 4.196399688720703 3.7447447776794434 3.466080665588379 3.6371724605560303 1.8893382549285889 2.0164906978607178
316 4.484737396240234 4.151004791259766 3.7607061862945557 3.8559110164642334 2.369112730026245 1.897384524345398
317 4.375640869140625 4.030901908874512 3.7483932971954346 3.557173490524292 2.338371515274048 1.6991450786590576
318 4.180420398712158 3.819892406463623 3.380925416946411 3.604949712753296 1.7253903150558472 1.5458853244781494
319 4.074745178222656 3.7185959815979004 3.514019250869751 3.4614531993865967 2.109985113143921 1.9143904447555542
320 4.0234150886535645 3.6146204471588135 3.5122780799865723 3.246166229248047 1.8882323503494263 1.8935878276824951
321 3.906733512878418 3.383429765701294 3.3965067863464355 3.1657192707061768 1.8043934106826782 1.8820385932922363
322 4.054080963134766 3.554456949234009 3.3894362449645996 3.435391902923584 2.046811580657959 2.3949244022369385
323 3.9064438343048096 3.426410436630249 3.613420248031616 3.075662612915039 2.348541498184204 1.8608242273330688
324 4.05967903137207 3.6278645992279053 3.742924928665161 2.861508369445801 2.244415283203125 1.8549765348434448
325 4.095247268676758 3.6981112957000732 3.7364766597747803 2.902994394302368 2.1791110038757324 1.4898972511291504
326 4.110490322113037 3.776977300643921 3.430290699005127 3.450547695159912 2.106362819671631 1.770524263381958
327 4.0629658699035645 3.681352138519287 3.6095080375671387 3.1801512241363525 2.362440824508667 1.5497344732284546
328 4.412973880767822 4.014871597290039 3.778538703918457 3.442462921142578 2.7204504013061523 1.7800469398498535
329 4.82429313659668 4.494956970214844 3.7393031120300293 3.2684412002563477 2.731612205505371 1.6046452522277832
330 4.240609645843506 3.804562568664551 3.4315974712371826 3.2610554695129395 2.479891300201416 1.7063984870910645
331 4.897669315338135 4.598571300506592 4.021391868591309 2.867205858230591 2.936704397201538 1.507365107536316
332 4.8394293785095215 4.527723789215088 3.8404617309570313 3.2309317588806152 2.9091672897338867 1.8022037744522095
333 4.076193809509277 3.6631152629852295 3.7444896697998047 2.6758272647857666 2.583265781402588 1.5167533159255981
334 4.47945499420166 4.0926713943481445 3.8343629837036133 2.9933223724365234 2.726243495941162 1.4131625890731812
335 4.104817867279053 3.659942150115967 3.6137683391571045 3.0214414596557617 2.603794574737549 1.4393917322158813
336 4.005465984344482 3.5261716842651367 3.678393840789795 3.0034284591674805 2.6038808822631836 1.7032830715179443
337 3.8609633445739746 3.3119194507598877 3.4739415645599365 2.7745490074157715 2.5557830333709717 1.4330775737762451
338 4.321779251098633 3.9027886390686035 3.725393533706665 3.1309938430786133 2.8271939754486084 1.7069551944732666
339 4.461726665496826 4.043478488922119 3.7940144538879395 3.1228997707366943 2.653446912765503 1.9297794103622437
340 4.168299674987793 3.7818243503570557 3.94381046295166 3.1224827766418457 2.8220434188842773 1.2013713121414185
341 4.014716148376465 3.5463573932647705 3.629068613052368 2.992826223373413 2.581451654434204 1.3835958242416382
342 4.266257286071777 3.926427125930786 3.364396095275879 3.7034809589385986 2.2125768661499023 1.4204719066619873
343 4.055825710296631 3.71747088432312 3.4682095050811768 3.401517868041992 2.2230184078216553 1.4951856136322021
344 4.38445520401001 4.085277080535889 3.873558282852173 3.5013325214385986 2.2959043979644775 1.5706062316894531
345 3.850283622741699 3.350949764251709 3.5224449634552 2.8267440795898438 2.3111531734466553 1.6596834659576416
346 3.9813766479492188 3.583756923675537 3.6091251373291016 3.017512798309326 2.2625105381011963 1.6580495834350586
347 3.9578142166137695 3.538440704345703 3.517237663269043 3.048617362976074 2.2794909477233887 1.778084635734558
348 4.269982814788818 3.9770689010620117 3.8497660160064697 3.193296432495117 2.3523449897766113 1.5931156873703003
349 3.952165365219116 3.562511444091797 3.7512645721435547 3.112619400024414 1.8923404216766357 1.581131100654602
350 3.8299646377563477 3.377581834793091 3.274186134338379 3.0687828063964844 1.9859479665756226 1.7039631605148315
351 3.9721014499664307 3.601297616958618 3.3200857639312744 3.375218152999878 2.049510955810547 1.340775489807129
352 4.150338172912598 3.8058667182922363 3.4073398113250732 3.5188310146331787 2.1265807151794434 1.629235863685608
353 4.287186622619629 3.9153363704681396 3.797888994216919 3.1805787086486816 2.6709437370300293 1.466912865638733
354 4.025869369506836 3.6228251457214355 3.3814339637756348 3.2549285888671875 2.449648857116699 1.5530798435211182
355 3.7745392322540283 3.325620412826538 3.1342129707336426 3.2784817218780518 1.8632606267929077 1.4505397081375122
356 3.6705482006073 3.2910354137420654 3.2257871627807617 3.1631221771240234 1.8977272510528564 1.3870489597320557
357 3.8055579662323 3.397305488586426 3.2709410190582275 3.3338069915771484 1.9287809133529663 1.5991965532302856
358 3.6553401947021484 3.1520752906799316 3.3373146057128906 2.7569453716278076 1.9494686126708984 1.617058515548706
359 3.7937841415405273 3.384237051010132 3.269094467163086 3.0586416721343994 1.9285117387771606 1.6681231260299683
360 3.6690454483032227 3.2030234336853027 3.3652608394622803 2.6994035243988037 2.129512310028076 1.3599364757537842
361 3.891157627105713 3.4990596771240234 3.846372604370117 2.781170129776001 2.349203586578369 1.5495887994766235
362 3.843764066696167 3.392596960067749 3.604172468185425 2.8715782165527344 2.038161039352417 1.896004319190979
363 3.6629533767700195 3.1776516437530518 3.2651491165161133 2.9550118446350098 1.8619365692138672 1.5085002183914185
364 3.6190900802612305 3.155236005783081 3.353440523147583 2.8201005458831787 1.6527297496795654 1.4966073036193848
365 3.924732208251953 3.483675479888916 3.563894510269165 2.8004114627838135 2.207805871963501 1.5193085670471191
366 3.7737832069396973 3.267232656478882 3.3031067848205566 2.8609259128570557 1.9327937364578247 1.649862289428711
367 4.17221212387085 3.72516131401062 3.5464048385620117 3.1782326698303223 2.268296718597412 1.8027563095092773
368 3.999973773956299 3.5789682865142822 3.3073842525482178 3.4926843643188477 2.0746867656707764 1.5047168731689453
369 3.996304988861084 3.54657244682312 3.2207226753234863 2.992507219314575 1.9215041399002075 1.6862534284591675
370 3.754441499710083 3.3307549953460693 2.9502367973327637 3.244158983230591 1.5867700576782227 1.7275549173355103
371 3.9813082218170166 3.5933918952941895 3.3809897899627686 3.582681894302368 1.7967184782028198 2.053643226623535
372 3.9412147998809814 3.52681827545166 3.2189788818359375 3.420083999633789 1.7308189868927002 1.8663878440856934
373 3.7527315616607666 3.2846732139587402 3.339503526687622 2.9783058166503906 1.895210862159729 1.2584381103515625
374 3.816856861114502 3.3572518825531006 3.324578285217285 2.834824323654175 1.8970733880996704 1.5847265720367432
375 3.6824228763580322 3.133192300796509 3.1896870136260986 2.634287118911743 1.8226255178451538 1.4137848615646362
376 3.687276601791382 3.225191354751587 3.2892794609069824 2.7750484943389893 1.7848411798477173 1.5528640747070313
377 3.9529716968536377 3.522801399230957 2.9496512413024902 3.2333645820617676 1.5188339948654175 2.15682315826416
378 3.8289992809295654 3.3121485710144043 2.9843311309814453 2.9737370014190674 1.764815330505371 1.693643569946289
379 3.6306095123291016 3.1065194606781006 3.059094190597534 2.969547986984253 1.8041934967041016 1.6310515403747559
380 3.8344759941101074 3.3708977699279785 2.927675485610962 2.8956634998321533 1.383056402206421 1.6575976610183716
381 3.731229305267334 3.2120087146759033 3.289202928543091 2.8242499828338623 1.4628849029541016 1.7982218265533447
382 3.907214879989624 3.4629576206207275 3.551811933517456 2.9682395458221436 1.741297721862793 1.992545247077942
383 3.9027953147888184 3.4973559379577637 3.6032519340515137 3.055405378341675 1.6745895147323608 2.1403768062591553
384 3.7820639610290527 3.328261613845825 3.3014028072357178 3.0486090183258057 2.0306100845336914 1.8072189092636108
385 3.8017654418945313 3.2874295711517334 3.3147246837615967 2.7015328407287598 2.040102243423462 1.8962666988372803
386 3.560760021209717 3.071988582611084 3.1679258346557617 2.6959404945373535 1.7326730489730835 1.6136667728424072
387 3.6841461658477783 3.136031150817871 3.1749494075775146 2.661986827850342 1.8643803596496582 1.7413434982299805
388 3.6690492630004883 3.2018930912017822 3.2214527130126953 2.6722121238708496 1.793012261390686 1.4913554191589355
389 3.7273030281066895 3.285161256790161 3.2154879570007324 2.966709613800049 1.7669734954833984 1.4424015283584595
390 3.9379801750183105 3.5245275497436523 3.261493682861328 3.1500754356384277 1.7995319366455078 1.9113049507141113
391 3.9968326091766357 3.630620002746582 3.597592830657959 2.7587950229644775 2.2421300411224365 1.7076691389083862
392 3.8898050785064697 3.466975450515747 3.5607194900512695 2.892728328704834 2.0314669609069824 1.9116058349609375
393 3.739841938018799 3.2809009552001953 3.441225051879883 2.9247357845306396 1.9342052936553955 2.07361102104187
394 4.084693431854248 3.697186231613159 3.584017038345337 3.0565474033355713 2.145634651184082 1.6938037872314453
395 3.761568546295166 3.345282793045044 3.466038703918457 2.7039072513580322 2.1198391914367676 1.5091183185577393
396 4.003556728363037 3.70386004447937 3.786262035369873 2.830934524536133 2.0940427780151367 1.5800886154174805
397 4.095772743225098 3.6407434940338135 3.535910129547119 2.8952534198760986 2.5274863243103027 1.8658580780029297
398 3.7837562561035156 3.2890145778656006 3.184842824935913 3.0313210487365723 1.723111629486084 1.7236064672470093
399 3.9429287910461426 3.4446585178375244 3.5067081451416016 2.880000114440918 2.326387643814087 1.6249266862869263
400 4.018041610717773 3.6797831058502197 3.5011394023895264 2.894651412963867 2.3143060207366943 1.607828140258789
401 4.283600330352783 3.853956699371338 3.430607795715332 2.812889337539673 2.3312346935272217 1.8227157592773438
402 3.8452115058898926 3.388972282409668 3.369382858276367 2.769681453704834 1.9983718395233154 1.5110172033309937
403 3.70866060256958 3.2990894317626953 3.2749533653259277 2.6871156692504883 1.8037762641906738 1.40912663936615
404 3.646056652069092 3.174572706222534 3.3135874271392822 2.9057466983795166 1.9907387495040894 1.6178568601608276
405 3.6524431705474854 3.108198642730713 3.2681684494018555 2.672727346420288 1.9693630933761597 1.8318544626235962
406 4.021711826324463 3.5560340881347656 3.4359827041625977 2.889165163040161 2.179079055786133 2.148705005645752
407 3.6926791667938232 3.153794050216675 3.210909843444824 2.906482696533203 1.7290394306182861 2.124911308288574
408 3.8753421306610107 3.3538031578063965 3.056851387023926 3.229778528213501 1.70295250415802 2.2281317710876465
409 3.8725860118865967 3.468585729598999 3.389822244644165 2.865903615951538 1.8265303373336792 1.7216987609863281
410 4.046853065490723 3.6503615379333496 3.364506483078003 2.6977226734161377 1.9723381996154785 1.9643137454986572
411 3.9752681255340576 3.5741779804229736 3.352783441543579 3.0057876110076904 1.8050651550292969 2.2814860343933105
412 4.411182403564453 4.111861705780029 3.7889299392700195 2.4711453914642334 1.9975939989089966 1.9042015075683594
413 3.639420509338379 3.2053277492523193 3.4276459217071533 2.6153271198272705 1.7507798671722412 1.7252497673034668
414 3.829272508621216 3.4646215438842773 3.2019879817962646 2.781200647354126 1.6131577491760254 2.046893358230591
415 4.028602123260498 3.66475510597229 3.5315170288085938 2.6687324047088623 1.8605906963348389 2.0263707637786865
416 3.64573335647583 3.2522923946380615 3.4372963905334473 2.247741460800171 1.759394645690918 1.3834075927734375
417 3.783184289932251 3.3554606437683105 3.451146125793457 2.264847755432129 1.5002341270446777 1.7444074153900146
418 4.353494644165039 4.043847560882568 3.4110100269317627 2.5638699531555176 1.5453696250915527 1.8202011585235596
419 4.1851654052734375 3.8305349349975586 3.5691118240356445 2.2104506492614746 1.6707403659820557 1.6945843696594238
420 3.9370405673980713 3.52248477935791 3.4767463207244873 1.942688226699829 1.7381540536880493 1.5492010116577148
421 40.699642181396484 40.48942947387695 3.18381404876709 2.335343599319458 1.598525881767273 1.5167392492294312
