1 	 14.541304588317871
2 	 12.305747032165527
3 	 10.811083793640137
4 	 8.543055534362793
5 	 7.135869026184082
6 	 4.914282321929932
7 	 2.9172306060791016
8 	 1.671629786491394
9 	 1.416674017906189
10 	 1.241948127746582
11 	 1.1124417781829834
12 	 1.2196295261383057
13 	 1.315837025642395
14 	 1.216917634010315
15 	 1.2861295938491821
16 	 1.4955536127090454
17 	 1.4886198043823242
18 	 1.5577690601348877
19 	 1.3503907918930054
20 	 1.420387864112854
21 	 1.4662894010543823
22 	 1.2155793905258179
23 	 1.1743924617767334
24 	 1.2044379711151123
25 	 1.394602656364441
26 	 1.3336513042449951
27 	 1.6132947206497192
28 	 1.6739997863769531
29 	 1.428344488143921
30 	 1.4356144666671753
31 	 1.084838628768921
32 	 0.9866006970405579
33 	 0.9064870476722717
34 	 1.0702089071273804
35 	 1.170803427696228
36 	 0.994754433631897
37 	 0.9613683223724365
38 	 1.1444917917251587
39 	 1.2072848081588745
40 	 1.2018513679504395
41 	 1.0042617321014404
42 	 0.955391526222229
43 	 1.107082724571228
44 	 1.0844669342041016
45 	 0.9019513726234436
46 	 0.9574219584465027
47 	 1.047258973121643
48 	 0.9494176506996155
49 	 0.896584689617157
50 	 0.8536137938499451
51 	 1.146862506866455
52 	 1.1056376695632935
53 	 1.0182546377182007
54 	 0.7660655379295349
55 	 0.7811152338981628
56 	 0.7828210592269897
57 	 0.8377652764320374
58 	 0.8090168833732605
59 	 0.6833463311195374
60 	 0.7828710079193115
61 	 0.9610361456871033
62 	 0.9919102191925049
63 	 0.9657865762710571
64 	 1.132681131362915
65 	 1.4020875692367554
66 	 1.4402111768722534
67 	 1.7021968364715576
68 	 1.7114386558532715
69 	 2.108560085296631
70 	 2.5290613174438477
71 	 2.585721492767334
72 	 2.2777295112609863
73 	 1.692133903503418
74 	 1.2282962799072266
75 	 0.897494912147522
76 	 0.8620531558990479
77 	 0.7429728507995605
78 	 0.6917092204093933
79 	 0.6192237138748169
80 	 0.6470419764518738
81 	 0.7331154346466064
82 	 0.8633142709732056
83 	 0.8072925209999084
84 	 0.6695721745491028
85 	 0.7218511700630188
86 	 0.8217968344688416
87 	 0.7762958407402039
88 	 0.7248870134353638
89 	 0.7851687073707581
90 	 0.8903442621231079
91 	 0.7433173656463623
92 	 0.7434269189834595
93 	 0.8418399095535278
94 	 1.0698212385177612
95 	 1.200335144996643
96 	 1.148830533027649
97 	 1.3677196502685547
98 	 1.836828351020813
99 	 2.102574110031128
100 	 2.304225444793701
101 	 2.4385690689086914
102 	 1.9195021390914917
103 	 2.137049436569214
104 	 1.870968222618103
105 	 2.076382875442505
106 	 1.985180377960205
107 	 1.745241641998291
108 	 1.2822015285491943
109 	 1.2609131336212158
110 	 1.798189640045166
111 	 2.0861897468566895
112 	 2.10347580909729
113 	 1.877051591873169
114 	 2.2455239295959473
115 	 2.392090320587158
116 	 2.436117172241211
117 	 1.923902153968811
118 	 1.6435472965240479
119 	 3.024763345718384
120 	 3.027273178100586
121 	 3.0404512882232666
122 	 2.5965092182159424
123 	 1.8047895431518555
124 	 1.2151728868484497
125 	 1.3802326917648315
126 	 1.583081841468811
127 	 1.1856998205184937
128 	 0.8952851295471191
129 	 0.7836028933525085
130 	 0.8755484819412231
131 	 0.8049436211585999
132 	 0.6913253664970398
133 	 0.6400808691978455
134 	 0.5887446999549866
135 	 0.5681309103965759
136 	 0.5472984313964844
137 	 0.592751681804657
138 	 0.5701317191123962
139 	 0.569826066493988
140 	 0.6373702883720398
141 	 0.6773881912231445
142 	 0.916666567325592
143 	 0.6520928144454956
144 	 0.589245080947876
145 	 0.5669038891792297
146 	 0.6740425825119019
147 	 0.7717312574386597
148 	 1.088674783706665
149 	 0.703648030757904
150 	 0.7804754972457886
151 	 0.8682360053062439
152 	 0.8773065209388733
153 	 0.7319031953811646
154 	 0.7386783957481384
155 	 0.8295907974243164
156 	 0.810875654220581
157 	 0.699419379234314
158 	 0.7335288524627686
159 	 0.8370531797409058
160 	 0.7784613370895386
161 	 0.7350348830223083
162 	 0.7801464796066284
163 	 0.8218545317649841
164 	 0.7817580103874207
165 	 0.716442883014679
166 	 0.826524019241333
167 	 0.8749531507492065
168 	 0.8512765765190125
169 	 1.0248321294784546
170 	 1.1163051128387451
171 	 1.0650379657745361
172 	 0.7928198575973511
173 	 0.7775835990905762
174 	 0.7278485298156738
175 	 0.9084520936012268
176 	 0.7927392721176147
177 	 0.7657087445259094
178 	 0.8085509538650513
179 	 0.9387351274490356
180 	 1.1254690885543823
181 	 1.3587138652801514
182 	 1.4750006198883057
183 	 2.067342519760132
184 	 2.5195324420928955
185 	 2.798518657684326
186 	 2.090531826019287
187 	 1.815181851387024
188 	 2.5627410411834717
189 	 2.448037624359131
190 	 1.6084593534469604
191 	 2.112872838973999
192 	 2.675093412399292
193 	 2.1071832180023193
194 	 1.734337568283081
195 	 1.0968029499053955
196 	 1.3119438886642456
197 	 1.7971316576004028
198 	 2.5927622318267822
199 	 2.665666341781616
200 	 2.6382455825805664
201 	 2.135160207748413
202 	 1.7051259279251099
203 	 2.591348648071289
204 	 2.6485350131988525
205 	 1.6505104303359985
206 	 1.651075839996338
207 	 2.4211459159851074
208 	 2.4538636207580566
209 	 1.5212827920913696
210 	 1.8510276079177856
211 	 1.7160801887512207
212 	 1.1223536729812622
213 	 1.1549687385559082
214 	 1.157502293586731
215 	 1.0561071634292603
216 	 0.9170941710472107
217 	 0.779686450958252
218 	 0.723922610282898
219 	 0.7762975096702576
220 	 0.6837195158004761
221 	 0.6472076773643494
222 	 0.658230185508728
223 	 0.6946287751197815
224 	 0.9228276610374451
225 	 1.0803396701812744
226 	 0.927469789981842
227 	 0.8237310647964478
228 	 0.617380678653717
229 	 0.6004876494407654
230 	 0.5441820621490479
231 	 0.5892685055732727
232 	 0.59721440076828
233 	 0.753922164440155
234 	 1.2241798639297485
235 	 1.1427700519561768
236 	 1.032252550125122
237 	 0.6385335326194763
238 	 0.5578196048736572
239 	 0.5678040981292725
240 	 0.5423101186752319
241 	 0.5780825018882751
242 	 0.6296077966690063
243 	 0.726802408695221
244 	 0.897451639175415
245 	 1.0057393312454224
246 	 0.9754443764686584
247 	 0.834648072719574
248 	 1.0179463624954224
249 	 0.8267619013786316
250 	 0.9385143518447876
251 	 0.8960165977478027
252 	 0.7006393671035767
253 	 0.6640276908874512
254 	 0.7919077277183533
255 	 0.7761368751525879
256 	 0.6640685796737671
257 	 0.6988641619682312
258 	 0.7285498976707458
259 	 0.6902110576629639
260 	 0.6358253359794617
261 	 0.6770908832550049
262 	 0.6717015504837036
263 	 0.6761467456817627
264 	 0.6900599002838135
265 	 0.7613681554794312
266 	 0.7565470337867737
267 	 0.7628046274185181
268 	 0.8727118968963623
269 	 1.0385268926620483
270 	 1.0947985649108887
271 	 1.020119309425354
272 	 0.7699066400527954
273 	 0.7268462181091309
274 	 0.6176654696464539
275 	 0.6044831275939941
276 	 0.6962364912033081
277 	 0.7945720553398132
278 	 0.9445603489875793
279 	 0.929801344871521
280 	 0.7440649271011353
281 	 0.6797907948493958
282 	 0.5991060137748718
283 	 0.5638267993927002
284 	 0.54854816198349
285 	 0.6715940237045288
286 	 0.7072417736053467
287 	 0.718773603439331
288 	 0.8114437460899353
289 	 0.7320201992988586
290 	 0.6610080003738403
291 	 0.6791689395904541
292 	 0.6789798736572266
293 	 0.7447632551193237
294 	 0.6156622767448425
295 	 0.59745854139328
296 	 0.593025803565979
297 	 0.8006365299224854
298 	 0.6452685594558716
299 	 0.7782279849052429
300 	 0.7927650809288025
301 	 0.9354234337806702
302 	 1.0837918519973755
303 	 1.4684326648712158
304 	 1.3599755764007568
305 	 1.2454487085342407
306 	 1.3268659114837646
307 	 1.6081725358963013
308 	 1.6321970224380493
309 	 1.878223180770874
310 	 1.9520666599273682
311 	 1.5109046697616577
312 	 1.489941120147705
313 	 1.5908985137939453
314 	 1.3591331243515015
315 	 1.0958527326583862
316 	 1.2828269004821777
317 	 1.3387290239334106
318 	 1.1385711431503296
319 	 1.1058193445205688
320 	 0.869125485420227
321 	 0.9686451554298401
322 	 1.0126844644546509
323 	 1.1674507856369019
324 	 1.4097925424575806
325 	 1.654455542564392
326 	 2.515655040740967
327 	 3.7778820991516113
328 	 5.236780166625977
329 	 5.354251384735107
330 	 4.110022068023682
331 	 4.362485885620117
332 	 4.397180557250977
333 	 3.926154136657715
334 	 2.7417027950286865
335 	 1.6565260887145996
336 	 1.111052393913269
337 	 0.9599253535270691
338 	 0.878286600112915
339 	 0.739920437335968
340 	 0.6973642110824585
341 	 0.728434681892395
342 	 0.9943016767501831
343 	 0.8812639117240906
344 	 0.7756280303001404
345 	 0.7420841455459595
346 	 1.0136499404907227
347 	 0.842799961566925
348 	 0.7850707173347473
349 	 0.6900371313095093
350 	 0.7345236539840698
351 	 0.7764970660209656
352 	 0.7097952365875244
353 	 0.6384435892105103
354 	 0.7217230796813965
355 	 0.7848544716835022
356 	 0.733959436416626
357 	 0.7418363690376282
358 	 0.8601272702217102
359 	 0.8726382255554199
360 	 0.8212461471557617
361 	 0.9209040999412537
362 	 1.0320029258728027
363 	 0.9742342233657837
364 	 0.981913149356842
365 	 1.1733914613723755
366 	 1.2327239513397217
367 	 1.2629218101501465
368 	 1.4259741306304932
369 	 1.5633386373519897
370 	 1.6400971412658691
371 	 1.8148815631866455
372 	 2.0774643421173096
373 	 2.159914493560791
374 	 1.9738866090774536
375 	 1.9828206300735474
376 	 1.6934722661972046
377 	 2.0441300868988037
378 	 2.146265745162964
379 	 1.8304100036621094
380 	 1.8880488872528076
381 	 2.5079476833343506
382 	 3.5616395473480225
383 	 4.623904705047607
384 	 6.234954357147217
