1 	 21.33318328857422
2 	 19.283769607543945
3 	 17.439300537109375
4 	 15.041035652160645
5 	 13.49323558807373
6 	 12.062373161315918
7 	 9.974700927734375
8 	 7.71403694152832
9 	 5.592269420623779
10 	 4.906403541564941
11 	 3.629101514816284
12 	 2.5055811405181885
13 	 2.783496141433716
14 	 1.8635368347167969
15 	 1.7802447080612183
16 	 1.8963260650634766
17 	 1.7531967163085938
18 	 1.6966075897216797
19 	 1.515690565109253
20 	 1.561608910560608
21 	 1.6438461542129517
22 	 1.5105583667755127
23 	 1.4563442468643188
24 	 1.4969813823699951
25 	 1.6396723985671997
26 	 1.5933408737182617
27 	 1.8274297714233398
28 	 2.037609100341797
29 	 1.8254578113555908
30 	 2.002135753631592
31 	 1.528088092803955
32 	 1.4432588815689087
33 	 1.238345742225647
34 	 1.3801456689834595
35 	 1.566957712173462
36 	 1.4432013034820557
37 	 1.3340845108032227
38 	 1.5081372261047363
39 	 1.5826387405395508
40 	 1.6544160842895508
41 	 1.463096261024475
42 	 1.364935278892517
43 	 1.5425745248794556
44 	 1.5623630285263062
45 	 1.361031174659729
46 	 1.4014360904693604
47 	 1.5621602535247803
48 	 1.4330741167068481
49 	 1.3675484657287598
50 	 1.2997387647628784
51 	 1.4890445470809937
52 	 1.3592904806137085
53 	 1.338951587677002
54 	 1.154369831085205
55 	 1.212738275527954
56 	 1.1270395517349243
57 	 1.1925745010375977
58 	 1.1321169137954712
59 	 0.9964720606803894
60 	 1.09062922000885
61 	 1.2029809951782227
62 	 1.18535578250885
63 	 1.244978904724121
64 	 1.3594156503677368
65 	 1.6019117832183838
66 	 1.737437129020691
67 	 2.1045401096343994
68 	 2.289818525314331
69 	 2.7110707759857178
70 	 3.254828929901123
71 	 3.339855194091797
72 	 2.8112213611602783
73 	 2.012458086013794
74 	 1.5169017314910889
75 	 1.2918184995651245
76 	 1.1773709058761597
77 	 0.9979760050773621
78 	 0.8623526692390442
79 	 0.8641137480735779
80 	 0.9515990018844604
81 	 1.040529727935791
82 	 1.1764521598815918
83 	 1.2190839052200317
84 	 1.1153216361999512
85 	 1.1928198337554932
86 	 1.3195158243179321
87 	 1.2939536571502686
88 	 1.263685703277588
89 	 1.4225770235061646
90 	 1.4706497192382813
91 	 1.2927361726760864
92 	 1.2924444675445557
93 	 1.6290839910507202
94 	 1.477809190750122
95 	 1.359831690788269
96 	 1.6337635517120361
97 	 1.9001283645629883
98 	 1.9573112726211548
99 	 2.3332858085632324
100 	 2.785149574279785
101 	 2.7949488162994385
102 	 2.2241628170013428
103 	 2.6162171363830566
104 	 2.528425455093384
105 	 2.5637645721435547
106 	 2.8366448879241943
107 	 1.8971716165542603
108 	 1.6558868885040283
109 	 1.5325533151626587
110 	 2.53869891166687
111 	 2.661069393157959
112 	 2.5048911571502686
113 	 1.5150079727172852
114 	 1.4886029958724976
115 	 1.5135118961334229
116 	 1.5819238424301147
117 	 1.4726128578186035
118 	 1.1974760293960571
119 	 1.286259412765503
120 	 1.374204397201538
121 	 1.3603942394256592
122 	 1.5597397089004517
123 	 1.6772516965866089
124 	 1.3127062320709229
125 	 1.74834144115448
126 	 1.4619847536087036
127 	 1.6839327812194824
128 	 1.2149858474731445
129 	 0.9531141519546509
130 	 1.0514893531799316
131 	 0.8968407511711121
132 	 0.7093932032585144
133 	 0.6726085543632507
134 	 0.7110294699668884
135 	 0.6989662647247314
136 	 0.7856868505477905
137 	 0.7396420240402222
138 	 0.74760502576828
139 	 0.8094472885131836
140 	 0.9231691360473633
141 	 1.0866365432739258
142 	 1.2551137208938599
143 	 1.0580447912216187
144 	 0.9958937764167786
145 	 0.8701573014259338
146 	 0.9055912494659424
147 	 1.028677225112915
148 	 1.0806154012680054
149 	 1.0425759553909302
150 	 1.1876106262207031
151 	 1.2534594535827637
152 	 1.3178120851516724
153 	 1.1389330625534058
154 	 1.0117167234420776
155 	 1.1297532320022583
156 	 1.1417711973190308
157 	 0.9520032405853271
158 	 0.9188502430915833
159 	 1.078945517539978
160 	 1.0582486391067505
161 	 0.9119704365730286
162 	 0.9410523772239685
163 	 1.1145864725112915
164 	 1.1027567386627197
165 	 0.9495206475257874
166 	 1.0822031497955322
167 	 1.2822362184524536
168 	 1.3068279027938843
169 	 1.601466417312622
170 	 1.7853697538375854
171 	 1.7218767404556274
172 	 1.3125581741333008
173 	 1.1288846731185913
174 	 0.8761023283004761
175 	 0.8986150026321411
176 	 0.8106391429901123
177 	 0.8764941692352295
178 	 1.0473400354385376
179 	 1.1605579853057861
180 	 1.668404459953308
181 	 1.4557969570159912
182 	 1.5472445487976074
183 	 1.9641199111938477
184 	 2.201817750930786
185 	 2.3911960124969482
186 	 1.8690177202224731
187 	 1.5602662563323975
188 	 2.0214624404907227
189 	 1.9073811769485474
190 	 1.305468201637268
191 	 1.6293917894363403
192 	 2.0252785682678223
193 	 1.6789205074310303
194 	 1.436943531036377
195 	 1.049841284751892
196 	 1.109789252281189
197 	 1.1560696363449097
198 	 1.7885857820510864
199 	 1.8780999183654785
200 	 1.9193565845489502
201 	 2.614203691482544
202 	 2.1531553268432617
203 	 2.2049663066864014
204 	 1.9834706783294678
205 	 1.6309499740600586
206 	 1.8220884799957275
207 	 2.000014543533325
208 	 1.8756777048110962
209 	 1.7079706192016602
210 	 1.597763180732727
211 	 1.4607051610946655
212 	 1.3978521823883057
213 	 1.4737896919250488
214 	 1.4243457317352295
215 	 1.421670913696289
216 	 1.3538918495178223
217 	 1.148442029953003
218 	 0.946601927280426
219 	 0.9263301491737366
220 	 0.7455701231956482
221 	 0.7055690288543701
222 	 0.7848266363143921
223 	 0.9225243926048279
224 	 1.0577555894851685
225 	 1.2060904502868652
226 	 1.110119104385376
227 	 1.2109622955322266
228 	 0.8757262825965881
229 	 0.7635239958763123
230 	 0.6742767095565796
231 	 0.6930557489395142
232 	 0.7232111096382141
233 	 0.7975791692733765
234 	 0.8789180517196655
235 	 0.8685019612312317
236 	 0.7900310158729553
237 	 0.7488619089126587
238 	 0.7094931602478027
239 	 0.7168084383010864
240 	 0.7234964966773987
241 	 0.6952409744262695
242 	 0.7552815675735474
243 	 0.8398987054824829
244 	 0.964954674243927
245 	 1.1006821393966675
246 	 1.4544041156768799
247 	 1.1471772193908691
248 	 1.247083306312561
249 	 1.0140944719314575
250 	 1.0855159759521484
251 	 1.0455231666564941
252 	 0.8525704741477966
253 	 0.8775814175605774
254 	 1.0683660507202148
255 	 1.0050876140594482
256 	 0.8979719281196594
257 	 1.0470067262649536
258 	 1.1041096448898315
259 	 0.9637151956558228
260 	 0.9508692622184753
261 	 1.0826512575149536
262 	 1.006478190422058
263 	 0.9351317286491394
264 	 1.045738697052002
265 	 1.1665624380111694
266 	 1.0537033081054688
267 	 1.0816231966018677
268 	 1.2800613641738892
269 	 1.3757792711257935
270 	 1.4185583591461182
271 	 1.4224750995635986
272 	 1.252868413925171
273 	 1.1214691400527954
274 	 0.9532326459884644
275 	 0.972176730632782
276 	 1.0465911626815796
277 	 1.1633890867233276
278 	 1.2818751335144043
279 	 1.2448738813400269
280 	 1.1428663730621338
281 	 1.0549191236495972
282 	 0.926423966884613
283 	 0.8933566212654114
284 	 0.8573365807533264
285 	 0.8257110714912415
286 	 0.9997239708900452
287 	 1.0286203622817993
288 	 1.159805417060852
289 	 1.1726597547531128
290 	 1.2976956367492676
291 	 1.4478391408920288
292 	 1.752862811088562
293 	 1.2953463792800903
294 	 0.904049813747406
295 	 0.7829673886299133
296 	 0.6910413503646851
297 	 0.6780329942703247
298 	 0.6737775206565857
299 	 0.8807112574577332
300 	 0.9918195605278015
301 	 1.2852674722671509
302 	 1.4333209991455078
303 	 1.890321969985962
304 	 1.816741943359375
305 	 1.5713266134262085
306 	 1.7373439073562622
307 	 2.17179012298584
308 	 2.041710615158081
309 	 2.3049018383026123
310 	 2.0180158615112305
311 	 1.7235682010650635
312 	 1.810206651687622
313 	 1.844209909439087
314 	 1.5377485752105713
315 	 1.4180734157562256
316 	 1.7244997024536133
317 	 1.753738522529602
318 	 1.5382944345474243
319 	 1.6296972036361694
320 	 1.2533320188522339
321 	 1.3226679563522339
322 	 1.3768646717071533
323 	 1.7823240756988525
324 	 2.328815460205078
325 	 3.294727325439453
326 	 4.793398380279541
327 	 6.599775791168213
328 	 7.833877086639404
329 	 7.733743667602539
330 	 7.430569648742676
331 	 6.959419250488281
332 	 6.330873489379883
333 	 5.112360000610352
334 	 3.460225820541382
335 	 2.240713596343994
336 	 1.5428152084350586
337 	 1.2567031383514404
338 	 1.0659681558609009
339 	 0.9062706232070923
340 	 0.8698605298995972
341 	 1.0993196964263916
342 	 1.5180225372314453
343 	 1.8188225030899048
344 	 1.5298959016799927
345 	 2.6068873405456543
346 	 2.0811593532562256
347 	 1.603324055671692
348 	 1.6169029474258423
349 	 1.293707251548767
350 	 1.1712135076522827
351 	 1.112738847732544
352 	 0.9766595363616943
353 	 0.8508799076080322
354 	 0.9165041446685791
355 	 0.9559687972068787
356 	 0.8173403739929199
357 	 0.8416076302528381
358 	 0.9922411441802979
359 	 0.9580826759338379
360 	 0.83957839012146
361 	 1.002078890800476
362 	 1.064371943473816
363 	 1.0365525484085083
364 	 1.1172926425933838
365 	 1.2875711917877197
366 	 1.3605901002883911
367 	 1.4910160303115845
368 	 1.6842677593231201
369 	 1.7767724990844727
370 	 1.9183385372161865
371 	 2.1229825019836426
372 	 2.3731346130371094
373 	 2.460127353668213
374 	 2.233506441116333
375 	 2.1488687992095947
376 	 1.805336833000183
377 	 2.1178548336029053
378 	 2.125561237335205
379 	 1.7010135650634766
380 	 1.7819973230361938
381 	 2.0275731086730957
382 	 3.0163114070892334
383 	 4.373502254486084
384 	 5.779555320739746
