0 2.851816195938902
1 2.9361712333384244
2 2.9391831953691723
3 2.9153906857816065
4 3.0745582661603765
5 3.115412225464457
6 3.082725468396245
7 4.1304852643102725
8 3.1605529150632816
9 3.029819589055841
10 3.278261054741416
11 2.865275400343383
12 3.0399178000762364
13 2.937702259905216
14 2.9216089216779015
15 2.9430251276525863
16 3.573121233982579
17 2.8702960634687362
18 2.9343831028325806
19 3.0964029609459334
20 3.154265046798778
21 3.7786369295887003
22 3.025591546802693
23 2.9703033805718153
24 3.0117756582587867
25 3.8835677692976853
26 3.8774228910279467
27 4.244571057971053
28 3.8290078239622605
29 3.8270879420927253
30 3.1236850701471623
31 3.2385948763054864
32 3.4611861039939695
33 3.6695910491827464
34 3.0339935630153403
35 4.154382762619489
36 3.0359328761937276
37 3.6859328374224747
38 2.9712944113867708
39 3.794126509600895
40 4.123542585231254
41 4.167948872900542
42 3.5598023496549267
43 3.376699738592234
44 3.8019070976740355
45 2.954233798037372
46 2.8790442264027085
47 3.0300825087914625
48 3.797735338115906
49 4.343017655709421
50 4.495386041466401
51 5.333750675939321
52 5.142159511230968
53 4.512802486715528
54 3.3392962885869455
55 3.426980914422719
56 5.385249885938195
57 6.757751043459399
58 6.352920523165521
59 6.886930028675075
60 6.549695582158391
61 6.286725329881055
62 6.451153978257074
63 6.0568222455969485
64 6.907335164928399
65 7.703900628089118
66 6.31522768530508
67 8.40765227083907
68 6.834569110461751
69 7.091456002472926
70 5.887304959632471
71 6.215465453771336
72 6.363213808385718
73 6.641542051277261
74 5.77112567063025
75 7.488889222555085
76 6.635476360596986
77 6.145355340309176
78 8.097733201339366
79 6.820605942067817
80 6.5786375561591575
81 7.787871237124914
82 6.411089826512893
83 6.855342290278141
84 7.005869960955468
85 8.218301299054257
86 7.659887504481721
87 8.000909669480377
88 7.50302373418659
89 6.322216053811128
90 6.538775632773264
91 5.818910866626907
92 6.237119871546453
93 7.454413041254183
94 7.531727556282599
95 6.9321083580370235
96 6.585898784748848
97 6.130039114229875
98 6.818928163203449
99 7.378466873982511
100 6.343127851374607
101 6.372862032462109
102 6.4730283130904525
103 7.183023556410268
104 6.721049289635252
105 7.447613158777001
106 6.633951194943724
107 6.807701211200002
108 7.204161867880198
109 9.06790652414356
110 6.297405446156735
111 6.69623287744932
112 5.999093477204299
113 5.856498161713009
114 6.204150039393347
115 6.2913272136534815
116 5.855431517897678
117 8.029381621224584
118 7.083498345710097
119 6.09946032872206
120 6.447498757428615
121 6.096666861377052
122 7.450666249972992
123 9.208201769711389
124 6.5359510477415395
125 6.228006564081974
126 6.74083756792878
127 7.375761796859711
128 6.516487435399
129 7.389197452761414
130 7.700047562282785
131 5.9614186359351775
132 6.716470787185301
133 7.402722719440386
134 6.49793823647747
135 6.0417366063532985
136 6.987634348854863
137 6.1374593800724275
138 6.373348242209074
139 6.365519730688143
140 5.924218014401199
141 7.550562714659314
142 7.0805878412767305
143 7.769801027285832
144 7.227596608883057
145 6.58114301773716
146 6.595375624003642
147 7.226417942944007
148 7.30384624526609
149 6.194296189756573
150 5.617838714597764
151 7.541011337063734
152 6.689260783497821
153 6.800449690376168
154 7.59531559647056
155 8.34521290989346
156 8.349782053845166
157 9.633414379178731
158 9.30602753857373
159 7.0461709762231015
160 10.551752003801319
161 8.280395570537891
162 7.652456337322117
163 9.93832068099404
164 9.449721020943784
165 8.148219902618678
166 6.670605987451045
167 7.981126428020557
168 7.439037654013143
169 8.059406711923824
170 10.085761405895024
171 7.805311533823761
172 7.802618371070278
173 7.053759896940815
174 7.121525083164153
175 10.256530106598621
176 10.2871937729643
177 9.483417471090586
178 7.9814402336929895
179 7.68316357871427
180 7.534882756100831
181 7.69660184288034
182 8.985879349889293
183 6.694412301418292
184 10.772498095142891
185 10.615791142612435
186 9.16385794364432
187 10.012182740558162
188 7.052294978977866
189 8.83722387195408
190 7.321847379691058
191 7.344368315057726
192 9.616891732913418
193 6.81630400922487
194 8.369767496313617
195 8.226451706068442
196 7.5396257722009485
197 7.300213306868142
198 7.937096097540771
199 9.534621881218367
200 9.748151632830167
201 9.585225685698658
202 9.577000541768165
203 9.84033202814322
204 9.503726927997231
205 6.888926288997879
206 8.801885021129198
207 7.3970890898084605
208 7.214751967261386
209 7.297411595690896
210 9.31805815760479
211 5.971892139306901
212 7.41163802394114
213 8.518973573924358
214 7.518652229876665
215 7.7493616386282005
216 6.397963633507956
217 8.997786328952808
218 11.328078559915852
219 10.619206047081738
220 8.585694955318369
221 9.470491838306673
222 7.432959228097076
223 7.870310747652242
224 8.349758786095505
225 8.089586528868626
226 9.147607121726349
227 8.405824138431655
228 8.373503101783761
229 9.569117429948365
230 8.772076647380866
231 7.759495744168351
232 8.030238129159436
233 8.047777330210916
234 7.777170031216099
235 6.671745908069346
236 7.17130056423538
237 7.759906723194387
238 8.517846340200038
239 8.193160000258642
240 8.54618439264045
241 8.972235101058207
242 7.073567564002648
243 9.749270337140674
244 9.693479319076499
245 7.915427001007222
246 10.119126356787458
247 10.966386986527542
248 10.111238477134547
249 10.170556341964957
250 7.875316639537206
251 8.326774063248763
252 11.006408193074204
253 10.358733483130788
254 8.302520223444086
255 11.387708116385522
256 10.912363266264832
257 9.01236811147234
258 8.789096353380057
259 9.112433310566098
260 8.933311762855803
261 9.339196002700106
262 9.413195872941992
263 8.656299221014619
264 8.146399558403495
265 9.778288438538207
266 7.557628230036282
267 9.272614688384094
268 7.05141890155961
269 8.590769596398085
270 10.77183385118102
271 7.426004394643397
272 8.28581258126198
273 8.887218486382977
274 9.46260654504042
275 6.929831125701495
276 9.45858373917111
277 6.335700521518962
278 8.773286587050999
279 10.085584096014907
280 6.852772510851658
281 8.411269471745761
282 7.651936061838011
283 7.418522223546716
284 10.093266509362254
285 10.222821721762031
286 8.440035706250654
287 9.828045979785454
288 10.1106890496401
289 8.311954012792368
290 6.558059911532147
291 8.189739931861894
292 11.18829809606598
293 10.529801530655893
294 10.009133243342502
295 10.304298823545846
296 9.340542662349693
297 8.239035128547759
298 10.33057140564859
299 7.89360734531989
300 6.144609712200372
301 8.27277088981328
302 8.35497485223672
303 7.27650340332397
304 9.353877015699682
305 7.19431875661281
306 9.971781623180053
307 9.322264112463333
308 8.5118411584551
309 7.723058941457431
310 10.637383568281653
311 8.984717305408859
312 10.403771500604709
313 7.653030735751832
314 10.083930332134665
315 8.052235859792296
316 8.83353729605197
317 9.879543695977562
318 7.486591600640493
319 7.082322504967096
320 8.299847634772854
321 8.052816404561321
322 7.017078781466011
323 8.24405913744317
324 9.575562708181513
325 9.248274761028524
326 6.446867504813915
327 7.484664006512303
328 6.38790957747388
329 7.991555036099535
330 10.713449671053736
331 8.382010665539031
332 7.884882024599161
333 9.097769814116756
334 11.814097940587455
335 7.070260634427028
336 10.290038856528426
337 12.09967855372387
338 14.02022267157262
339 8.556990841383367
340 11.974164567719578
341 9.322286067746441
342 11.45972281270309
343 11.926748559136907
344 12.481290421514652
345 9.3310339862718
346 8.524236223041065
347 10.691467247809571
348 11.973307403302455
349 8.728118297959337
350 8.434960952361235
351 11.026519747915225
352 9.37646859548682
353 9.688967089710795
354 11.171992137040386
355 9.75898538760469
356 8.382092320457842
357 9.32056888827388
358 8.023996112036365
359 7.6467575161875265
360 7.768042702239493
361 10.750450488347202
362 8.397462603268005
363 10.966543910411444
364 8.166528679721447
365 8.476401845934959
366 8.728928149709114
367 8.712115419375136
368 9.6325200658992
369 11.184640883996247
370 10.32904242161056
371 8.598033560253034
372 10.496307895619797
373 9.802682693024847
374 10.081063919384581
375 9.741308005480139
376 9.12870556602052
377 7.252550575731603
378 10.41825667996425
379 9.71015092487389
380 9.378133904145205
381 8.823180626816931
382 9.57875148754046
383 8.80309662980968
384 8.848196474735643
385 10.386352689495356
386 8.15681779151919
387 8.526928103190077
388 8.03732431022311
389 8.233546642770094
390 11.07864435245876
391 9.666156215215427
392 9.06660107726065
393 9.404646998895876
394 9.421724959659983
395 11.051162361942907
396 9.012934411884522
397 12.017994435807386
398 9.692694761385818
399 7.149923557077066
400 10.9240729446927
401 9.599773825777755
402 10.08464310006489
403 9.913004838113027
404 8.789096468129317
405 11.097729977639709
406 10.245690948690362
407 11.59451766753367
408 10.970709871302178
409 9.11344380267707
410 7.651980245533649
411 9.359703718741322
412 9.689524821710123
413 8.325635876281394
414 8.379420995344004
415 9.048407267095696
416 9.11504651284684
417 8.662429003200227
418 10.388353300251627
419 8.585166574973858
420 7.926692346650477
421 10.874549551656909
