0 4.745118452258217
1 4.950816567053933
2 4.854626004471448
3 4.776057644988342
4 4.764326349357091
5 4.2867246188468675
6 5.217900963131298
7 4.279671749992863
8 5.030487066567061
9 5.073914693155154
10 4.917427496316949
11 4.861903262825739
12 5.128167283975363
13 5.070906794410977
14 4.631220909012442
15 4.614119267841194
16 4.810665137408939
17 4.7922023103370295
18 4.27683283165301
19 4.653202357267496
20 4.743003359418315
21 4.049914247258264
22 5.114716734064692
23 4.934957793112604
24 4.132674066038387
25 5.46608549866016
26 3.557091030183255
27 4.260256809313756
28 4.041460571554036
29 3.7574733756194933
30 3.9167698863218985
31 4.869918148038267
32 4.9259635443735785
33 4.6970407281668525
34 5.103960144890538
35 5.22935020743687
36 4.708661110091911
37 4.8356294614837845
38 4.8399675356504845
39 3.7120072330559477
40 4.2518925294460574
41 4.279461143960204
42 3.9047018292173448
43 3.2359387617885647
44 3.687831154280636
45 4.9458161686616995
46 4.703126975424905
47 4.97957977633817
48 4.12451092566643
49 3.372862944154965
50 3.4673473741916525
51 3.9458956501030427
52 5.110831011793579
53 3.8254273169746797
54 4.898672786576221
55 4.658207136169677
56 5.090306085517963
57 7.782935016285172
58 6.856711201444636
59 6.825642298956212
60 6.94195931254684
61 6.486709427705267
62 7.192055771387377
63 6.9163354385545155
64 7.435992972561713
65 8.138440582496777
66 7.202740246681477
67 8.621170453228734
68 7.395251082870389
69 8.354962922912689
70 6.116755368203827
71 6.634727379048664
72 6.782011779153571
73 7.265945403263936
74 6.822556998534056
75 7.9417685502939355
76 7.822960163402546
77 6.908984598008201
78 6.835371231168824
79 5.468333701281127
80 5.823449513554263
81 7.182551026513225
82 5.580688652270515
83 6.1023975443058935
84 5.995265756336384
85 6.876278275398459
86 7.7455420045906065
87 8.26738803179865
88 8.3025884987689
89 7.321727702090709
90 6.612192441856387
91 6.361654328420509
92 6.660217063182939
93 8.69161107045012
94 8.513784342499614
95 7.5136022487514005
96 7.293208684024186
97 6.669365758686589
98 8.383726639515793
99 7.571640756936346
100 7.815841670787051
101 6.553243245637675
102 6.968687385104096
103 6.708462748221176
104 5.641593536148782
105 6.492332997654521
106 6.307651803116227
107 5.644684518574644
108 6.217689383479587
109 8.343204588726998
110 5.492368316116905
111 7.170124597967575
112 6.276345893698808
113 6.970177143885856
114 6.979189605359807
115 6.691681459965719
116 7.149166584988086
117 8.699936547407109
118 7.628964464168838
119 6.187741872315678
120 6.323999442099581
121 6.629246951703154
122 6.280160977669678
123 8.747502240487874
124 5.909020721057477
125 6.799015839714246
126 7.771678875768388
127 7.713626421524367
128 7.477206193942125
129 8.453971129878699
130 8.151307698173804
131 5.507361207863578
132 7.116193254730258
133 6.783490657784659
134 7.73311749090656
135 6.879539652904301
136 8.047608108217355
137 5.847290630305668
138 6.9060190046574315
139 7.462927461122122
140 5.766108253729904
141 9.092027139372897
142 5.919391863497128
143 6.742942698342616
144 5.999112207785508
145 5.559800605392586
146 5.731431489800661
147 6.034847443124174
148 6.150952073697728
149 7.272594119781835
150 6.199789193306628
151 8.400229841117765
152 7.323688731322525
153 6.279890529977388
154 5.873968237984588
155 7.81118051655882
156 9.259302137236789
157 9.17265733335596
158 9.237606227909172
159 8.354076791329936
160 10.506827201994625
161 9.213498201710872
162 8.729857804996417
163 8.886715082547965
164 9.033852946536133
165 9.971020647827563
166 7.572756428991297
167 9.491712141108462
168 8.017267247059685
169 8.120619253081736
170 9.23160339844503
171 8.427183331246091
172 8.260220384028957
173 7.829687055475959
174 6.865954503453431
175 9.881221765028823
176 9.817970223652974
177 8.176714974609716
178 8.93282103002396
179 8.807883077903778
180 7.568029954520166
181 8.728076918277228
182 6.7924889789610745
183 7.236921270417724
184 9.791322808751737
185 10.464832146296581
186 8.422481970655854
187 10.936298357025652
188 7.97788490212672
189 10.488389811607872
190 8.124202009384657
191 8.017553722438327
192 11.220289284336364
193 8.113502290113718
194 7.191511637942257
195 9.279242576309448
196 8.617981687957782
197 8.10064246502662
198 7.00161397313916
199 8.171697207986773
200 8.963340176318153
201 9.459759683587261
202 10.697179619047349
203 9.976444151069987
204 8.780765009945688
205 8.532521105804461
206 10.166362432350187
207 8.257447564473594
208 9.142229141557864
209 8.472006716583193
210 8.906026136669036
211 6.298640744242734
212 6.7733919418001545
213 10.393174839518808
214 8.287536560598435
215 6.323731644596021
216 7.8743670447570775
217 10.311352167984131
218 10.221579696837129
219 9.659029590969395
220 10.138244160167318
221 10.257762611529975
222 8.131725101511325
223 9.645448267369845
224 8.892984743472505
225 9.958475281080649
226 10.21073048499926
227 8.875094010175665
228 9.677886511951945
229 9.407655300383793
230 10.72537761549222
231 5.988868976006226
232 6.330476649282977
233 6.1183726110601535
234 6.2137076094906405
235 6.483859893216558
236 5.990410077767643
237 8.608446691763987
238 10.215186872626354
239 9.737482121163104
240 10.172119664386408
241 9.673673341452519
242 7.868724621453085
243 8.504162058932412
244 8.694342506847002
245 9.547909745423516
246 11.272861111724461
247 9.631019832212408
248 8.867328418237934
249 8.625565386731779
250 9.47296888472595
251 9.69322334388204
252 9.53530741835887
253 9.300328214017147
254 9.916387050087236
255 9.873460501024903
256 9.667541555092683
257 9.343786473572603
258 9.840270971578782
259 8.380574368419559
260 10.428003590730293
261 10.446041527629221
262 10.608055246924103
263 10.49366376085059
264 6.751776129208939
265 8.953676914875759
266 7.755938696120222
267 8.873001299288042
268 7.836788922330206
269 8.142857899554766
270 10.053887616453913
271 8.935332865670158
272 9.251188280930508
273 9.142759923675168
274 10.111704413863114
275 8.905575574856051
276 9.720654826364234
277 4.888392572115571
278 7.739705522903642
279 10.104343719371611
280 8.721440612682057
281 9.471012613173034
282 8.881291783406443
283 6.841994081213071
284 9.182402635436059
285 8.875891668368359
286 10.018003770675048
287 11.13223571977576
288 8.158809375212208
289 9.877656685339836
290 5.09238208334219
291 10.195535276824478
292 10.26096928866374
293 9.30248873723372
294 9.99817563008875
295 11.531027654085513
296 11.453188298526545
297 9.60489552743112
298 11.759811195605868
299 9.651196660302752
300 7.567454813094397
301 8.919845053921177
302 10.177555359031418
303 8.339082681260434
304 10.45716408172832
305 8.422362368622506
306 9.870222386078153
307 8.702968515890031
308 10.045668583198772
309 8.557109361847653
310 10.427628356777692
311 7.668802265591423
312 11.799663618033518
313 8.212250532881754
314 10.568434511354585
315 9.182692273173428
316 10.748192381483936
317 9.430190188099708
318 9.092527067718947
319 6.499277492121217
320 10.112377425437291
321 7.124852133182102
322 8.248887753281183
323 9.95150684742639
324 8.25858461777635
325 9.23823084806113
326 7.143249084435977
327 6.62958417596882
328 5.405673144575749
329 8.815673534258613
330 10.8895405539038
331 10.58420465474893
332 7.981240262195869
333 10.988914127878274
334 11.638853853059777
335 9.23160172567605
336 9.885923211938815
337 13.890907457044408
338 15.950325309428324
339 10.178605285625286
340 11.33316411813586
341 11.45141641860705
342 11.001862346471338
343 13.940454278763015
344 11.844716125286249
345 10.610801369434899
346 10.416937989493263
347 12.86779031489752
348 13.900782134365738
349 10.705686259665338
350 10.512249728657597
351 10.809286338382257
352 9.179992379243481
353 11.604520233281205
354 10.54643513662028
355 9.889678583084805
356 10.48593665625865
357 11.529670195771686
358 8.747948963704966
359 8.427165098282194
360 8.308994465510917
361 12.541666612917616
362 9.71260047113168
363 9.708970116036234
364 9.630079604034737
365 9.44081187325913
366 10.08622613474332
367 10.546208365568866
368 11.338809085218994
369 10.605830371945009
370 12.1163960829872
371 10.597740851638857
372 12.12067793864098
373 11.713584517380031
374 11.365926870894684
375 9.549941678233534
376 9.831635240470812
377 9.030025398514844
378 10.93984942145452
379 10.92604035222492
380 10.632732422053875
381 10.41246020282626
382 9.555358394048495
383 10.859069176949108
384 10.361223297907577
385 10.171529705551626
386 9.625406432765995
387 9.437848424534437
388 9.309911900806473
389 9.336728342108396
390 10.09182833056204
391 10.00880543864377
392 10.30872362346607
393 11.576101120630367
394 11.41525561971376
395 10.326344028056102
396 9.93248072600052
397 12.484061350086384
398 11.633476443727114
399 8.840981777017115
400 11.161460392235535
401 9.142838423245765
402 10.128186517229242
403 10.212628597624342
404 10.579442449003022
405 12.322084353369712
406 11.274941867346342
407 12.820272512771462
408 12.035591921552273
409 10.677512791048072
410 9.06411162859892
411 11.33991890392138
412 11.567056471462093
413 10.082703614834776
414 9.976533726654578
415 10.478075073196116
416 9.797450940215722
417 10.544595534584722
418 9.741217932528546
419 10.604932887981056
420 9.651205152513098
421 11.263299204025895
