0 4.739364346339852
1 5.158215466169206
2 4.380571673741848
3 5.114225904834534
4 4.818082306215896
5 5.291408000977114
6 4.722435416601821
7 4.932828790221179
8 4.414135644335736
9 5.172890049858163
10 6.345185741138164
11 7.5063172812183
12 5.073044946881238
13 7.0022131567373505
14 5.219011588947054
15 4.490680226131181
16 6.727510971102308
17 5.955653246369259
18 8.071392580654907
19 8.496010459345293
20 9.612939533660183
21 7.009520275950201
22 6.317799193699301
23 9.411614100935804
24 6.5881256043848015
25 6.983874849577352
26 10.801127183418762
27 10.018788362970032
28 8.583385099372347
29 9.302155750742845
30 8.55802553076551
31 7.065931626158899
32 7.4865597054134385
33 8.048168134712206
34 7.818931865532752
35 6.871180221555392
36 11.936238867982475
37 9.942906565396251
38 7.14946551022831
39 8.847809078583706
40 7.983990297740598
41 6.220200478549055
42 6.820585911243037
43 6.994663885677226
44 6.671948830812268
45 6.680608868591279
46 6.3404347193425465
47 6.759008542565389
48 6.567389787999363
49 6.61436152831659
50 8.107839251876197
51 6.775589451187384
52 7.004514062951001
53 9.545416562273704
54 9.19829436398853
55 8.802231816895441
56 8.553012094897776
57 9.604399667109783
58 8.918993553215717
59 6.406753225868734
60 9.15837278815506
61 6.532732937374789
62 8.68217345910779
63 7.5311874589771834
64 8.977617269066666
65 9.812954952816787
66 10.538606241161695
67 11.572359795448307
68 12.78664821946276
69 13.41323638736944
70 10.993824855576362
71 10.784978522160575
72 10.619669840597368
73 10.24002356461768
74 9.843595161850835
75 8.186749158755564
76 9.656179911645037
77 10.469958085513074
78 11.566244976569712
79 9.622637385721834
80 8.17523598863683
81 6.744734909091086
82 7.333113051469435
83 8.773015129646954
84 6.566133848503553
85 9.580447078208389
86 8.199433662774695
87 9.639717075040071
88 10.711459732234857
89 11.244570460848635
90 8.932641628126301
91 10.935837519775637
92 10.22373469293575
93 11.065340136703773
94 12.22773620695844
95 10.303908372044225
96 14.193412120897856
97 7.761486034145375
98 8.330226336419551
99 7.130047852061414
100 7.5826282414006645
101 7.91764677946535
102 7.347210559368264
103 7.583541609835592
104 7.945818215983448
105 7.674980888623102
106 7.623577002129598
107 8.448842551065127
108 7.535780741669821
109 7.206509188634956
110 7.727895374818121
111 8.041262581775506
112 8.093087649094828
113 7.568522161110016
114 7.647760141655666
115 7.4693440543199525
116 7.66225862587587
117 7.4108204583927435
118 7.442312880146238
119 7.570756746953795
120 7.176856270122131
121 7.805494165199213
122 7.5432665283046205
123 8.858037908208033
124 8.88522363822383
125 8.214022385584506
126 6.867273280733551
127 6.597858570566082
128 7.120151487859193
129 7.381597663992842
130 7.775848344055705
131 7.495496647385701
132 6.980143421239462
133 7.106457927180255
134 6.4071914049621554
135 10.126697529225241
136 8.429981622115134
137 6.900502299512225
138 10.2995576375687
139 11.048730709658583
140 10.498206647285913
141 10.167735833190056
142 5.422820768347863
143 9.920432097308408
144 10.691451593352397
145 9.292176545891484
146 10.452050182229367
147 11.557865116165056
148 11.666318689649394
149 10.3902433543257
150 9.476887775956989
151 7.778541332285518
152 9.765517151989805
153 7.831202356110236
154 8.558537529250163
155 7.078310795432935
156 7.533233771968959
157 10.762508734627927
158 9.246424944005067
159 8.656899776816028
160 6.451773023078695
161 10.498281769014298
162 6.922503203009984
163 7.03930621893887
164 7.0826631880413835
165 6.634485892013783
166 6.707982309135372
167 7.091157624680151
168 6.106399211161047
169 7.428139270754618
170 8.321649573904184
171 6.747388934942339
172 8.32904426920588
173 8.06511871578942
174 6.421346485512318
175 7.141119193960113
176 6.81137949540142
177 6.431380319091397
178 6.146194049141233
179 6.697600377260476
180 7.838561144529123
181 7.009091015188308
182 6.3947860082767285
183 7.262315713904728
184 7.085906718649093
185 7.064177997872919
186 7.08863081320445
187 7.104353264230226
188 6.9393829458670115
189 7.693119360627008
190 7.189907390755638
191 7.509895786357279
192 6.100216363889257
193 7.235065701586178
194 6.433208552319122
195 7.218898172973597
196 6.763789019325574
197 6.889571857124011
198 8.07146603874246
199 8.03689876211545
200 7.521917387184729
201 6.614294643889417
202 7.31349767756671
203 5.672938966593701
204 7.777254764579244
205 7.044229210267403
206 7.648835321986117
207 7.079737719730652
208 6.991667755080272
209 7.220364354551222
210 8.613825777579716
211 7.161487045454223
212 9.32010475519098
213 7.990977469564283
214 8.712865527712184
215 8.219703102981425
216 9.35870251556168
217 9.457747758916998
218 9.370248718561829
219 8.75769320760664
220 9.196241486715106
221 9.391065289783693
222 9.590947023661856
223 8.342293708077626
224 8.1812977260979
225 8.898820711421642
226 9.526736641164751
227 9.093497382342454
228 9.059765513830628
229 9.581959021134203
230 9.264631999342757
231 9.121286527047024
232 8.976743519580307
233 9.607179080684652
234 9.33514624150838
235 10.73046994011377
236 11.172088838647346
237 10.800014803137136
238 11.36683715082072
239 11.120094258451651
240 11.642095436707613
241 11.382764510747608
242 10.810252294046292
243 9.966142883125855
244 10.034067024166061
245 8.881363962267322
246 11.728182523163168
247 11.3259035043108
248 11.762479935505601
249 11.041045791107539
250 11.416340923536964
251 10.558219345743453
252 11.303672202307638
253 9.080392362943204
254 8.787924008189924
255 9.442483857358381
256 8.577154981966236
257 8.466219389809325
258 10.792007594270455
259 9.374933669490975
260 9.065348830062208
261 8.70109785776315
262 9.218485925966053
263 9.48703832956128
264 9.16281218123638
265 8.87036074542244
266 9.050503062859677
267 9.420162328122915
268 9.542544199706827
269 7.512411381416465
270 8.344467817129674
271 9.059169459437031
272 9.295230253239435
273 9.47953448011753
274 7.7284759119300555
275 8.661193820162634
276 10.86846975091904
277 11.134870109861154
278 7.7630216010444775
279 4.895574339531406
280 9.704888304305488
281 11.263885069843987
282 9.900419827052348
283 8.117029260439311
284 10.84277829254524
285 8.1539702268858
286 8.769843834364583
287 11.46530489113872
288 10.261708820779333
289 11.019968498541633
290 9.354041983462956
291 10.275201951598612
292 10.203542865461786
293 8.69045342531228
294 10.828510573392867
295 10.609064996586909
296 11.390396901752629
297 6.741823945750773
298 6.70737949393304
299 10.676388350694822
300 7.454695688991033
301 10.106299350327356
302 9.466955595020366
303 10.616689620806856
304 9.791626085339137
305 10.831612385265727
306 12.74469426093993
307 12.02240730034743
308 12.245455911549728
309 9.967603279754389
310 10.53975690637413
311 10.26555996301272
312 9.07866409697067
313 11.367611375959388
314 10.754418776296362
315 12.250072663449851
316 10.914348480115702
317 6.251061597898172
318 7.036939016761881
319 10.949817493147108
320 9.560346503390484
321 8.141927754871666
322 9.973238579642466
323 11.604871069063483
324 11.726180035906374
325 10.78022582859471
326 10.299751436600712
327 10.097924663992965
328 10.009336564003705
329 12.329748562963546
330 10.746844713998373
331 12.632250446225079
332 11.452881347249802
333 10.485583029582642
334 9.460700962964916
335 7.340544083943734
336 7.694437847153117
337 10.336507399079181
338 8.843729228645868
339 4.909012091504621
340 5.481799839611356
341 7.967691280357289
342 8.568015434188379
343 7.2837156261650655
344 5.9128671925784175
345 7.582043303123892
346 4.831789112637372
347 5.13425519178622
348 7.4782117978573295
349 9.786939738040456
350 7.968827096296413
351 4.396669392371611
352 5.281636768574621
353 4.40461193370386
354 5.2278941163054515
355 4.799751419946008
356 4.731573925555002
357 4.692014611094244
358 4.929350084281593
359 7.311728158572861
360 5.535556708586107
361 7.107777153322334
362 6.29381331200881
363 5.890578000796411
364 4.339563156045368
365 4.893966239714604
366 4.962319422370731
367 6.505146263831036
368 5.181718695023608
369 8.351443453308178
370 5.020249014526568
371 5.581406513471665
372 4.823307350183197
373 4.551988838758079
374 7.608243044050681
375 5.030755895125012
376 5.143509644066367
377 9.163858962422882
378 10.909873005331763
379 6.399626407112504
380 7.274838434844593
381 6.786966790053552
382 7.0900545297700965
383 6.4552232077776655
384 5.667573174072527
385 10.039392700247234
386 11.0998905750224
387 6.831470174506435
388 8.105313592284315
389 7.880824337324227
390 11.57785858076775
391 9.73148156644807
392 10.776418907866121
393 9.43327151691582
394 8.725513152871306
395 10.533440497114087
396 10.5370393575639
397 9.24234960809779
398 11.260696568910408
399 10.58505469832399
400 10.3780895335524
401 11.800107410169877
402 9.004471975452757
403 10.03827162638103
404 9.651993628380621
405 7.815271682945534
406 8.0526339877422
407 6.362520141570812
408 6.903802556856138
409 10.742090573881814
410 10.338306591023025
411 10.716757495930986
412 9.852440779567157
413 8.137725176280927
414 9.422431453314108
415 10.259100604292083
416 9.415630939048176
417 10.729697843646568
418 5.571232020576649
419 7.2359633785636674
420 8.069269102450903
421 9.94495636087574
