0 2.8443043122007348
1 3.2622215144541715
2 3.0764262105603417
3 3.087993165743203
4 2.8512643422227835
5 3.2039643292870448
6 2.8411420077255403
7 3.48211144539774
8 3.393182512613313
9 3.4860146775812715
10 4.459158736210711
11 5.665623577585801
12 3.7341255054459315
13 5.046296704679145
14 3.9091408163160803
15 6.161200910758193
16 5.0867968786743
17 4.540629392473441
18 7.678841909948545
19 7.018389806166217
20 7.6399804879659206
21 5.735416238271343
22 5.05507504749446
23 9.702338188493894
24 5.601650888528795
25 5.8995579141042205
26 8.824936673881535
27 8.37907631609881
28 7.325829674046798
29 8.365785317802144
30 9.636415059381497
31 6.070000274404439
32 6.393511280925752
33 8.11167087936211
34 6.114818407348414
35 5.681736897247327
36 9.892265441571602
37 7.888300972918461
38 5.637427979324862
39 9.95890830246919
40 5.920615967195575
41 4.749629156604165
42 5.214219009073663
43 5.3163292369166175
44 4.95690252219827
45 5.039666653635288
46 4.957525808314062
47 5.009043110759363
48 4.6977418418303065
49 4.883943370606252
50 6.4166714305340244
51 5.542317979799592
52 5.2564812115290405
53 7.404720735720057
54 7.07879840806196
55 6.918242502441974
56 7.125694425325257
57 10.20533518458822
58 6.715629408342329
59 4.594114750464724
60 7.0870219776565815
61 7.577056862038451
62 6.672397473210132
63 5.559235928737037
64 6.798597130080597
65 8.172178309977632
66 11.721403543783516
67 9.498901715198558
68 10.746824313518063
69 11.318679523924043
70 8.972631933708595
71 9.40088336560671
72 8.421571863115222
73 9.25367194543239
74 7.904696113191126
75 9.520524159135169
76 8.063812439969004
77 8.579857198429085
78 9.658052329438204
79 7.7270247885275944
80 6.2995398697988145
81 5.414487549761568
82 8.50481371585808
83 6.830178745265938
84 5.5094215165491525
85 7.868386834514352
86 10.032433174803256
87 7.589103048562188
88 8.725600615737076
89 12.247016338098822
90 8.169654196896499
91 9.265059680315506
92 8.672279149454852
93 10.53913642397947
94 11.469030056927641
95 10.454038598759443
96 13.259619502587856
97 9.77202065656876
98 7.671320286948477
99 6.377685786654889
100 6.207871574125879
101 7.398353799012743
102 6.591682590767769
103 6.909330148236489
104 7.064481820075802
105 6.693565118462553
106 6.96495091734359
107 7.953320668257814
108 6.40290338579659
109 6.205620915577091
110 6.701081209273811
111 7.536626686322488
112 7.191333971382469
113 6.382553917155283
114 6.993660464214383
115 6.203290136635549
116 6.151283244266042
117 6.36340588840587
118 6.2487231794766895
119 6.610130946554781
120 6.3274065721891946
121 6.712004915914325
122 6.573828123104208
123 7.466806748094881
124 7.558368200967969
125 6.730054300924967
126 8.87840446282237
127 7.91385385833405
128 6.315814195441387
129 6.034384776422347
130 6.439883747721045
131 7.00245787187089
132 5.967456310524375
133 5.8379246323345155
134 5.9356676629961145
135 8.816710553338556
136 6.472718461081161
137 5.190779032775593
138 8.460357092709556
139 9.016914532353882
140 8.650820766668279
141 7.980962945199889
142 6.480382344825784
143 9.509144122554934
144 9.047650884091535
145 10.173557336897106
146 8.484429550176491
147 9.36942451737037
148 9.506952574977845
149 8.308189833850392
150 10.02511861668728
151 6.067568688572386
152 7.7133229406363855
153 6.186719644748926
154 8.902165473829212
155 5.179374314095104
156 7.164902778756205
157 9.464444962288452
158 8.71792480446695
159 6.482835817888502
160 5.4655868787650075
161 8.413547112430704
162 5.148258619357532
163 5.274967213637007
164 5.320273046456007
165 4.795057482345289
166 4.880219716326539
167 5.592978038435458
168 4.749753271816305
169 5.603541454242215
170 6.338400328573019
171 4.8216356653012795
172 6.498223451268442
173 7.701869260852827
174 7.595930786869723
175 5.1507174864305885
176 5.448062551635008
177 5.009894242941934
178 6.318583103591884
179 5.295656324812151
180 5.958862255531087
181 5.3481297537809
182 5.433890585269603
183 5.513669784938958
184 5.471597931472851
185 5.272283152508107
186 5.519444360563187
187 5.360599670038892
188 5.322570487779193
189 5.913853901239837
190 5.393194727171284
191 5.748162632231102
192 5.9134730081038684
193 5.415328788596645
194 4.711070154772283
195 5.082560227599608
196 5.3267330413802
197 5.38687679867951
198 5.922545212184722
199 6.12758238332329
200 7.654723747682748
201 5.563687136641574
202 5.377785197055985
203 6.779783094970033
204 5.660679065742385
205 5.156970653736802
206 5.776550116267738
207 5.187722711447266
208 5.20816016108772
209 8.36026614257348
210 9.461889937229321
211 5.6126747967146855
212 7.914016989455805
213 6.067903765204697
214 7.178554211352619
215 7.3376502635718355
216 7.466474637953831
217 7.79305282812282
218 7.503017033572642
219 7.264778119786077
220 7.56822239585158
221 7.63341823470297
222 7.635736888233048
223 7.40225368756522
224 7.039370006814576
225 7.08219122570237
226 7.644276618784764
227 7.4985693661115205
228 7.4174537793515105
229 7.624628068439955
230 7.453580733421316
231 7.422262659961133
232 7.486749181387687
233 7.736569970969036
234 7.451161696265187
235 10.406537376370496
236 9.29512567277891
237 10.232308103098726
238 10.218602308201225
239 9.479815053670185
240 9.856049222311393
241 9.25360080138575
242 11.35507430106007
243 10.678120964951212
244 10.39256353933234
245 8.005214524768691
246 9.740023898063741
247 10.110199965692736
248 10.003621972408212
249 9.705537519317037
250 9.40641072847603
251 10.952025568362144
252 10.02005468793866
253 7.3131424773625575
254 8.835910072764166
255 7.54754362471718
256 7.267988015310082
257 6.982329559389465
258 9.011667781586967
259 7.718528155976464
260 7.239728205336138
261 7.337288750199378
262 7.5944355123087135
263 7.829803742531513
264 7.788976191028791
265 7.228474786498954
266 7.269449257983297
267 7.775247606925743
268 7.615446005604919
269 8.342038219526886
270 9.379846653641785
271 7.358844933759359
272 7.603877771768557
273 7.735486389422501
274 8.313891764034466
275 7.1337642852786205
276 9.51554997836346
277 9.30550647655519
278 6.419233880456707
279 6.450124905536462
280 10.673986266566816
281 10.42192103569348
282 8.089578269840022
283 9.109528864995545
284 8.727825425545554
285 6.752495827492333
286 7.258441464760745
287 9.461224839104576
288 8.264315557527802
289 9.095340936098188
290 7.930704202530342
291 8.504065546251384
292 8.68549684075583
293 9.613537480815324
294 9.151491275311566
295 8.72196458919164
296 9.241007741822283
297 6.738456110328354
298 7.3805017788852805
299 8.696579289726149
300 5.710164781233029
301 8.342286323014111
302 7.286170765403071
303 9.027670926045875
304 8.922827075647069
305 9.607103835796725
306 11.763582742532892
307 9.860158178978807
308 10.184623447448212
309 8.384331827308872
310 8.420928948395696
311 8.263086117510882
312 9.731071740957706
313 9.666982626091205
314 9.032127381842054
315 10.35514958951902
316 9.61892887037729
317 7.476799577632799
318 7.103510327995766
319 8.862148346758561
320 8.255652327321753
321 9.576829497698471
322 8.327979333398304
323 9.413689451033912
324 9.698584613032146
325 9.067639334887813
326 9.338525207367308
327 8.159667112273425
328 8.684254962404243
329 10.55900392378639
330 9.125605122610049
331 10.49690607125659
332 10.185289291087233
333 8.350007647138442
334 9.565636215647192
335 5.3535108510863685
336 5.79685165154112
337 8.240036118272206
338 6.781110494460669
339 6.256197521773449
340 3.9601265504164154
341 6.386280702979343
342 6.969424025513035
343 5.930370834383624
344 7.284436847073166
345 6.061795804413281
346 3.0466209643750646
347 6.7729507998370515
348 5.903085077474102
349 8.139931673233114
350 7.008039754161834
351 5.922616379401691
352 6.980731029790478
353 3.3239154591422206
354 3.7407615337071025
355 3.345265644282212
356 3.399660176167418
357 3.1735474761544746
358 6.366293798118131
359 5.623092091905238
360 4.590925446966537
361 5.859444212950988
362 4.97069435743345
363 7.3187011590677775
364 5.837927359716637
365 3.8944311184767266
366 3.1950915435522584
367 5.053206010928659
368 3.956022246611338
369 7.666092854777092
370 3.672615337705191
371 3.608560145282207
372 3.655434354086904
373 6.06901881376819
374 5.791466651641486
375 6.105496046318484
376 4.0639492412207
377 8.129293636220643
378 9.124547979515317
379 7.360009752340345
380 6.874945597990876
381 5.793314715889847
382 7.091890100668597
383 6.448179892633294
384 6.474511276325142
385 7.89537496978822
386 9.723661361094816
387 5.395153613391304
388 6.640978059982976
389 5.995665250648654
390 11.885708949075656
391 7.7755262128573035
392 9.122220546782689
393 8.96822742362632
394 9.309745275484646
395 9.288302296392597
396 8.89185118932251
397 9.801988445363431
398 9.19418295927264
399 8.42844565089525
400 8.386421688879693
401 9.883142174193402
402 7.9041960127177315
403 9.1982704471693
404 7.968443841882508
405 6.249112684972916
406 6.18451345929329
407 5.1674046824523945
408 5.1166770228681235
409 8.849093388574063
410 10.032353338139245
411 8.81518732244968
412 9.242127549027673
413 6.393912156965615
414 7.520781874404392
415 9.287009366082227
416 8.532212577050558
417 10.157097081570157
418 5.51923426544823
419 7.839051030057987
420 9.423716655829399
421 10.556730613032556
