0 2.716105638753907
1 4.3340365463945165
2 3.209552561927914
3 6.891302298318703
4 6.564682585889675
5 5.931680709690768
6 4.8953856385107
7 3.1108511332882425
8 4.815852799934452
9 4.689293614013897
10 4.423355376644653
11 4.242388789023869
12 6.06152770520411
13 4.8791221914866565
14 2.850838083312314
15 4.285934709685853
16 4.52884363948261
17 4.318327333569683
18 6.692362749856053
19 4.321348506652482
20 3.4090690540137327
21 5.056721589381163
22 3.903121022993389
23 4.420971804382208
24 3.4605960690408737
25 3.8907999983591637
26 3.708941253131635
27 3.5502722090844445
28 2.6325371990163915
29 3.5696664196487315
30 4.905665165841506
31 2.6286290905288334
32 4.1112584558546414
33 0.6816529197703567
34 4.566137778015087
35 3.0893403005253
36 3.769287436078682
37 4.891181007200396
38 3.8974683857341055
39 3.5764864581442204
40 4.079372975702682
41 4.677138104608093
42 2.122751195087459
43 3.9553533712086004
44 3.6344756228892003
45 1.0098272083219297
46 2.149907389650502
47 3.044183722050917
48 3.13757120810019
49 3.4493535990554993
50 6.4819163450514665
51 4.366813014235263
52 5.503151425442371
53 3.988252197979149
54 3.9376915325790662
55 2.7161423318454485
56 3.504640144756282
57 1.9846216462136488
58 2.9122581251455157
59 1.556350595975835
60 3.9631080427070664
61 3.967755442232191
62 3.3772845746775566
63 3.596118478279705
64 3.3020747264051633
65 2.522293358803632
66 2.7740321303771887
67 5.515982119499768
68 4.160248284971397
69 4.595221264270529
70 1.4934008565816097
71 2.601061634208024
72 3.636789332559126
73 2.5549416050956024
74 2.417322517389001
75 2.9147341237775164
76 2.2688159518494677
77 0.8066913988312944
78 1.3570287899798597
79 2.0125617114729453
80 1.9123621054270312
81 2.7409223236532934
82 0.7464233201324042
83 1.3964783472821634
84 2.265925945750569
85 2.227405369343367
86 2.32934860310068
87 2.371397000146447
88 2.5894106227280296
89 1.8624304840160637
90 3.0001864416224575
91 4.76572087155469
92 3.56759769615312
93 1.7093993431988153
94 1.9315986116198343
95 1.935291092671517
96 3.4503168900896504
97 4.665769795508583
98 1.9248768899274815
99 3.2870933173954735
100 3.5120874911049538
101 5.0153609486223205
102 3.533321073157427
103 3.336242637198451
104 4.050320424897824
105 4.220740288161232
106 4.014726983833763
107 3.2300523734024598
108 3.904833126350679
109 3.416312931152703
110 3.5432769113117923
111 4.611987483129234
112 5.0841270522825806
113 4.789338612296554
114 4.935477855866905
115 3.641010173727295
116 5.8056635785851025
117 5.898967889880918
118 5.772662031478096
119 3.880122513913549
120 5.27759598343607
121 2.9667355032276506
122 5.3905033166335725
123 4.640214055166139
124 2.8104905505618554
125 3.7303641255557634
126 6.334441508141729
127 4.291788190304501
128 3.9862344309944473
129 4.117575314665952
130 4.063712566049064
131 4.967920235443624
132 4.933096460480201
133 4.944759381809294
134 5.293840827724384
135 4.24311466748851
136 6.915033340214485
137 3.6855172720182114
138 4.584617985879241
139 6.401305798571857
140 5.226225232510405
141 3.4358572639564997
142 5.330293740064676
143 5.2980792636080745
144 6.417823671069074
145 3.7725475559579262
146 5.434583509904529
147 4.493516538323328
148 2.998354978341886
149 4.075057573232981
150 3.900112599925934
151 2.891374376332179
152 4.533414258674923
153 5.675253716859079
154 4.915677666592623
155 5.810643365844604
156 5.940542281003494
157 5.411641803909992
158 5.663417595630874
159 5.268785167404161
160 4.743513761365358
161 5.057063526960075
162 3.1324124622994844
163 3.9523100890430833
164 2.8859693493545158
165 3.823613735269673
166 3.155830563683509
167 4.165318632809419
168 3.3497780848270953
169 3.467497784504243
170 4.202392588234608
171 4.342840234574922
172 4.722427791726453
173 3.9957793048246817
174 3.197707924840083
175 4.235597054761339
176 3.3472463771816114
177 6.351647911821127
178 7.053321979136565
179 5.220506642946914
180 3.8982748578530106
181 5.295762925672173
182 6.018453924249301
183 5.923112434489945
184 6.246636248479854
185 4.0421448910794595
186 4.785243856436543
187 2.12255708158718
188 4.699863886763529
189 3.7220874422540375
190 3.338829072928766
191 3.6064003636995525
192 3.1562075490765475
193 3.5943946282530996
194 2.434871288023146
195 2.72751276617101
196 4.690035910066397
197 4.504893847947252
198 3.28147530973436
199 3.921617971319877
200 3.871298381507007
201 4.929650601898646
202 3.9462715804943165
203 5.406428176975906
204 3.7853691303904164
205 3.6833222571978923
206 3.352659391218233
207 3.3771265665803956
208 2.7000777984933104
209 5.685084472105834
210 4.111563174388729
211 4.696021812298217
212 5.993950390714328
213 2.6031075651367557
214 2.9914005551231924
215 6.92470116242072
216 6.399592333458142
217 1.594676113751804
218 3.3342711127534814
219 3.6765808321366062
220 3.133408604393596
221 4.330535494289251
222 6.0274686184974975
223 2.948886113398972
224 5.694981346951161
225 3.1992125946039423
226 3.618631227636703
227 2.710913500662694
228 3.871970121476288
229 6.772488970230479
230 4.0596501438274775
231 1.306953976602718
232 3.2899045599316357
233 4.4701178259162795
234 4.9220005980640975
235 4.762193717356243
236 3.0333392193850686
237 2.5465942533953907
238 5.098201141105474
239 4.239250505599541
240 4.148946691153835
241 3.499301036898071
242 4.329725398306173
243 3.5946381786435957
244 5.952068252364411
245 4.180804673867113
246 3.549186079967246
247 2.463198317186838
248 4.98002975965089
249 3.5766448048503965
250 3.1863894683436707
251 1.6519473742094244
252 2.6419554053534577
253 3.6380127508513227
254 2.3307766248106896
255 2.6800862437783257
256 3.135816551928199
257 4.964578598803181
258 4.30896858870407
259 3.6515568386524277
260 4.762568394159542
261 5.003721729879693
262 4.000270062177598
263 1.4681972752355945
264 4.2465561427039775
265 1.5921685762745423
266 4.130946882544286
267 2.6246994328602846
268 3.895195835211397
269 2.808438726982249
270 2.9053262891119433
271 2.464981354276588
272 4.047239972979671
273 3.8192948242253837
274 3.5798264749964717
275 4.801040267810802
276 4.491729664865523
277 6.81418163486108
278 4.820734028481199
279 3.0735457311463734
280 4.610711997247693
281 4.343190627584227
282 1.7841506352254828
283 4.408314230929435
284 4.835538879093783
285 4.607517150703822
286 4.864054864230482
287 3.1593344962999668
288 3.73661178576565
289 5.1183646173841195
290 4.746767840663068
291 2.68970516618912
292 3.809491444662641
293 5.430613438090812
294 5.139086694086903
295 2.738306630432693
296 3.698289178582233
297 3.4975563627149717
298 3.587149944192174
299 5.014892755814983
300 3.7097916414901904
301 2.7476433666858275
302 3.5366487197286403
303 4.6587125391835755
304 6.714559777411676
305 4.653305513149093
306 6.778424375614827
307 4.679602546561219
308 5.518389614796896
309 3.1410860761594206
310 6.976044270853373
311 4.071037298286271
312 4.433187724545945
313 5.218526760845497
314 3.3595322015046984
315 4.582910013763925
316 5.692714165612543
317 5.087761462824193
318 5.386865097550262
319 2.148662402856405
320 5.424878379484752
321 4.321578981594238
322 3.806172777716642
323 7.1101925700071495
324 4.18770465156042
325 3.954402579784635
326 4.385978790735941
327 4.888660973718888
328 2.804045726220182
329 5.139553705283023
330 4.267376688715258
331 7.9328764834101095
332 2.5617703133853014
333 4.789750280312846
334 6.228266032648906
335 4.497603376814535
336 6.840807652376879
337 8.184148891565583
338 4.334191768918031
339 6.16593530083384
340 7.9863574880908414
341 6.690491702692522
342 5.39701965109228
343 4.875509518036165
344 5.438430104454037
345 7.254239203109876
346 8.45878459080952
347 7.172853559179866
348 8.697510731686389
349 5.4616832547526775
350 5.68626404787067
351 6.005534668708349
352 5.734499978423058
353 7.830986004305331
354 5.979996501415932
355 4.592642429434877
356 6.546121828489704
357 6.560094903234337
358 5.905395598078096
359 5.108158478485319
360 3.76698143999264
361 8.875515481899066
362 6.69351715505418
363 4.81778246058843
364 5.657307681577267
365 5.710092035759864
366 5.330840134483881
367 5.1448713873763
368 6.577963579879653
369 6.909872919471262
370 5.602638113430023
371 5.265683768335399
372 4.114679759610052
373 6.91731906002526
374 4.5394488505454
375 6.104893444252527
376 6.622197763543189
377 7.910967593311551
378 7.447760179409564
379 6.446122432100599
380 5.178495177859249
381 4.400411373201629
382 3.9088047645433517
383 5.331116533498549
384 4.332267800189454
385 5.264021103631551
386 8.567018502704526
387 5.878711425141178
388 7.17452652075526
389 6.3550504572767155
390 6.469030068971545
391 7.351829112939944
392 4.574322920432312
393 7.9208729965449916
394 6.359045085922954
395 6.508053661468191
396 5.328208119535143
397 6.070017029520395
398 6.940182536105985
399 4.2475461881104195
400 4.580023539556419
401 4.510104556583789
402 6.318221035904628
403 5.7388467738433295
404 8.052983766277213
405 7.673512643625631
406 7.345764203117387
407 7.919574239128886
408 5.7301443038624935
409 4.830779729008862
410 6.619713533166823
411 4.665516625970582
412 6.266445733658213
413 4.015313521328798
414 5.25082389251999
415 7.153550267074032
416 4.399525565467374
417 7.735949108429866
418 5.868620385043898
419 5.894619228158724
420 5.443117857331576
421 5.9844931435252615
