0 6.6965463355878185
1 9.543680218375066
2 10.67208242866491
3 13.992865775606228
4 24.52106927944943
5 24.900349593739314
6 23.122088567351344
7 20.87891455274848
8 21.533571864241605
9 24.920690024397572
10 24.536673206329887
11 21.45231906957411
12 24.047465216926188
13 20.151630146344026
14 22.326284047694326
15 22.258764283091356
16 23.222257635373396
17 19.05461994878368
18 25.208655239972206
19 17.021248815522302
20 15.819637951456608
21 13.179151359153053
22 9.538009743400892
23 9.390571452887908
24 9.700066552828204
25 14.718123788908306
26 15.833250022984501
27 15.221146511332488
28 21.49361213008858
29 18.454979909919334
30 20.379347503859147
31 16.40760692814635
32 14.460491313431849
33 16.478873338049898
34 17.568517504543568
35 18.83803357606268
36 19.361243925120966
37 16.87513645259817
38 20.71380482293422
39 17.194056132146404
40 17.49193998714264
41 20.3169378789955
42 18.025350252951025
43 17.88158799807349
44 18.742461765019016
45 22.724703298598225
46 19.72817883787656
47 18.1843049080088
48 22.46656384319413
49 21.412070096580912
50 22.544247360607944
51 20.78028437020306
52 22.122905127601143
53 21.283266340114796
54 20.91135353484109
55 16.64598598877177
56 20.538113402214456
57 21.46966529429514
58 20.290931787350655
59 21.066062031995735
60 15.229251416013673
61 17.30224149734617
62 13.984556714009614
63 13.928545357340793
64 13.58127614208374
65 12.48803856831579
66 12.209050220975683
67 12.91600009336058
68 11.77473552610243
69 11.744670291555465
70 13.300233456094595
71 13.615232503648047
72 12.657318023876197
73 12.299606013258652
74 13.042578712387606
75 11.921088849327974
76 11.854048243860717
77 12.401553395793403
78 12.9163774695552
79 15.70379129834274
80 14.869071373455489
81 15.059411665668698
82 12.763050625653307
83 18.28548759420866
84 14.1171419038242
85 15.153022603896332
86 14.90242921857092
87 14.769983974638519
88 14.162464972061663
89 17.230951501689074
90 15.165522455953022
91 15.236229560857986
92 16.186680294684002
93 7.48353066472434
94 14.932402549759615
95 13.923487546161297
96 15.162884392658807
97 11.893485911506067
98 13.41891458791722
99 12.811719024095343
100 10.059384473906581
101 8.228757084319225
102 10.28630226928704
103 11.721539187480884
104 5.894543452892509
105 11.594914581122406
106 12.237675076107012
107 12.61799599890393
108 11.999952725363261
109 12.274692592462499
110 13.122600747020535
111 13.626152780423118
112 10.566621943067183
113 9.896349925232709
114 15.22643882690704
115 12.50969872645161
116 13.446062437964526
117 12.125248788938782
118 9.73994417547403
119 12.238376181949924
120 10.677645728391
121 11.921528456642122
122 12.975239578156005
123 12.091414347201384
124 10.246556734698068
125 10.984068436713807
126 5.566809541809252
127 9.578848996116573
128 10.185034064555355
129 9.378581872643963
130 10.070033021349046
131 10.608107135627103
132 12.140078515293036
133 11.99035292671987
134 12.571495078798323
135 13.061410099065645
136 13.186473665186426
137 14.397723138176731
138 13.336191053229726
139 14.343113830832282
140 10.868647959487177
141 12.333984589046002
142 12.167516246508283
143 13.709383003890595
144 12.55388763260378
145 14.331139372034547
146 19.553662946675903
147 21.23797668471675
148 18.21512529507713
149 11.837794266862272
150 13.798408340465421
151 15.907709659529344
152 13.585958115992314
153 15.12270849955068
154 12.345482082996698
155 17.390886708287464
156 18.76781699038396
157 14.986432097446293
158 18.521522738497637
159 17.080025188278537
160 16.93639831697851
161 18.80673306948524
162 19.669237713542522
163 17.19574399301077
164 16.830846380528413
165 20.44912638431739
166 20.67727731281142
167 18.148091970713125
168 19.02148563843546
169 20.363961568930137
170 19.04420071636291
171 22.280873187030966
172 21.97014956543978
173 20.12879223418723
174 18.208360043582648
175 19.271771912608756
176 14.355004991194763
177 17.46945989107758
178 17.928083445053662
179 17.17882497818595
180 18.34055073610267
181 20.478541630775336
182 21.61104175580619
183 20.14843639151598
184 21.669998244045342
185 19.044394703450937
186 20.863303396564636
187 18.41614560446986
188 19.81568044697225
189 17.993805050425163
190 18.799906679139916
191 22.658913206656454
192 21.776066941050388
193 21.487983748719756
194 20.30239333329205
195 20.820997902916343
196 19.196982397148187
197 19.252598963169334
198 18.01717813649549
199 14.56246801638105
200 18.242870935636056
201 15.513969093009809
202 15.631462720247319
203 15.890838372746428
204 14.72825607649841
205 14.913838817434021
206 13.713663741814424
207 14.009228079005414
208 18.883496144181574
209 19.39466385345862
210 16.586239025993827
211 16.417556663256494
212 14.621964850580408
213 19.63911290597626
214 17.671696961327054
215 16.872673530573994
216 14.930444249300379
217 19.020906597521332
218 21.003808988321037
219 18.971301838667053
220 20.012290415395945
221 22.155796347778946
222 22.095611812360232
223 20.451885221421083
224 18.251174096294434
225 20.054756099478023
226 19.314487804580413
227 20.866868758931535
228 19.749864595399856
229 20.44539445924427
230 18.62473887867739
231 16.51141378365762
232 15.436832888418056
233 17.66448574187694
234 17.062247889262288
235 16.123837084522457
236 14.120002204101526
237 15.568190478573067
238 16.31391031012786
239 16.92651371463477
240 17.764872974270414
241 13.265621145634793
242 18.469524916387936
243 15.598762344007962
244 16.729672946505147
245 18.742827648134924
246 19.487523379347778
247 18.186416845826095
248 18.999489265711322
249 16.85979388140293
250 17.538526154084547
251 16.221849668281674
252 17.78073888401246
253 18.26340396547368
254 14.398965678502314
255 17.912778433921492
256 14.50024450277882
257 17.247287738549392
258 15.86229880393423
259 15.493033763765116
260 14.916326391569402
261 15.969448975609367
262 21.901534099654125
263 18.905429184193597
264 20.10436983517485
265 18.389409832395955
266 20.94214582718861
267 21.083698276760728
268 21.371093684809416
269 20.57776284359223
270 20.36467391306517
271 18.7801430308263
272 20.6246430492148
273 20.64574498868092
274 16.615207337462067
275 20.21973721647839
276 18.054273792384862
277 19.907755289959038
278 24.017308491941925
279 20.226773310777652
280 20.695385800880246
281 21.300386146801138
282 22.96759972068085
283 20.832764400526322
284 21.101077994883504
285 15.937476483065584
286 16.156554927691964
287 17.188955818296698
288 14.816873225940505
289 21.23397028418029
290 17.284370267733685
291 17.25213502929027
292 15.462551394714428
293 17.080732308341833
294 17.091344846542516
295 20.100440632449818
296 17.8236942373949
297 19.25737711303202
298 18.74491737305678
299 16.758985032854465
300 20.894321864331246
301 23.282114404184746
302 17.7577820405313
303 18.924942092556666
304 18.698385696736278
305 18.357787683728738
306 19.92241028987057
307 19.350966352204352
308 17.655347897058103
309 18.64712563070486
310 20.34372080544762
311 18.091331108750378
312 19.20885694180861
313 18.975359237474194
314 20.37209560717859
315 20.437746386661697
316 19.931974259623605
317 19.959446643130853
318 19.32642633800009
319 17.599868589393388
320 18.85343072852982
321 18.274936195314382
322 18.139435480962874
323 19.062930911271135
324 20.733177227656853
325 22.100604582005182
326 20.90080659769259
327 20.075189999561246
328 18.838622973343337
329 20.203334311902037
330 16.78502016736866
331 18.836579560515993
332 18.409648214422905
333 18.667518295814613
334 19.93972915559667
335 18.124624702576753
336 19.442290165635615
337 17.00612330572035
338 18.441058637241294
339 17.340448372918335
340 21.308029495599243
341 19.885657606174895
342 19.370362509996742
343 17.89450581025258
344 19.386665711988766
345 18.81437991472
346 20.05825683771523
347 19.155893515894352
348 17.968545309836497
349 20.24646542977626
350 20.45287895948221
351 19.82958572737899
352 15.91134087146436
353 19.50300303602255
354 17.59152353013482
355 19.57280482957597
356 18.073643763822304
357 19.228537269181246
358 19.68165663364531
359 17.678659638877647
360 19.249140424258094
361 19.817528228442306
362 21.073055037184467
363 19.39027333201481
364 14.96716368503212
365 18.66148199956197
366 18.77342327703681
367 15.419498435978737
368 20.268170609012536
369 17.905893035455044
370 15.92890272283966
371 17.595830185905747
372 16.838510877799532
373 18.11145628469422
374 19.012384246009436
375 14.474892779863646
376 14.6570603750151
377 16.16095491479145
378 18.731796427841775
379 18.232518373253388
380 19.015419066616797
381 17.116485831938554
382 19.4033592970956
383 13.541032661927137
384 16.78831800440616
385 15.409304009703037
386 18.02412844794866
387 16.269289057911905
388 18.85992402232353
389 14.44577692620889
390 19.794498446906093
391 17.32566441586099
392 16.6363207982484
393 13.85675598408162
394 15.608102564285453
395 17.310776014165985
396 15.136160937975516
397 15.53338811447064
398 15.414943385750556
399 13.933703246573163
400 13.375598877989615
401 13.322457695449627
402 15.530230997672577
403 13.94978494287424
404 13.408629683203024
405 15.879738116440226
406 14.459094512642459
407 15.8188244362031
408 17.165128286321572
409 12.133552304359014
410 16.062666316276804
411 14.40294044239741
412 15.571862310122764
413 16.40295696996981
414 12.306640059950693
415 15.518955284940109
416 11.847888082436652
417 12.559401026707532
418 12.568756657683828
419 13.646852434759463
420 15.472338316490644
421 13.806480188118462
