0 2.645067177002011
1 6.793711414799799
2 6.950657764907754
3 9.08689395368946
4 17.973263900492952
5 19.287272184214416
6 19.05410121276476
7 20.111380063793625
8 16.730419985197504
9 21.557713981750013
10 22.264085118297746
11 17.91782098202271
12 20.2140416010352
13 17.11054340876782
14 19.632241747161572
15 19.939989954201618
16 18.59329429911939
17 17.733621926792786
18 22.069861736661707
19 12.671479832177612
20 14.333496409813563
21 7.9883880378352
22 6.31681409316868
23 4.619876184103472
24 6.047241086695976
25 11.586258565853669
26 12.761953641820867
27 13.626101759820425
28 18.398259477897152
29 15.035434303400894
30 14.833011506512854
31 12.872122262404318
32 10.154843932096135
33 15.13900628686489
34 15.639364843241696
35 16.542861059406597
36 17.2579377955246
37 12.332304262188247
38 16.814456671037767
39 13.932648650133965
40 15.781371775595991
41 16.858012131563164
42 15.576622180883437
43 13.554154108810918
44 17.420859221756857
45 21.67506678308875
46 21.522321657316365
47 19.136011131286555
48 20.264052754958342
49 19.793350865753524
50 17.819796489031813
51 18.310916343542218
52 20.498739572214642
53 18.236155868952526
54 17.92373926633177
55 14.537627801080829
56 19.121086350142004
57 20.051765443456013
58 20.44383640001346
59 20.11889291051502
60 16.90735368834341
61 15.406941356061866
62 11.727705617168734
63 14.724249911656022
64 13.587068458547938
65 11.961176263063967
66 12.178541206482386
67 13.684262232714234
68 13.173347223379176
69 13.145924112474185
70 14.026551695414291
71 14.065113970112048
72 12.52062076958783
73 11.30719523194193
74 12.749814646867094
75 10.948612057006018
76 12.553725807081161
77 11.029686225855391
78 12.628259748302481
79 14.082447185372482
80 13.55975640968582
81 13.156922289879798
82 12.962469013325247
83 17.780585332430544
84 14.235491845762441
85 13.945669450017935
86 14.821269296569797
87 14.50795854026739
88 13.369381046222948
89 15.514030061791008
90 14.855325129682546
91 13.692848531808073
92 14.635514127542345
93 7.945293089920847
94 14.601212387331545
95 14.311706420894298
96 14.988478910903874
97 12.339056315441525
98 13.327214514707784
99 11.46767126765058
100 8.72566065033454
101 9.493220143876641
102 11.271079479717004
103 9.432674702064602
104 8.559745162506585
105 11.153521690932418
106 12.285049419854724
107 12.368852106089447
108 13.44056351661009
109 11.229713914263328
110 12.494884885950508
111 12.352093919877285
112 13.033943164374428
113 10.918351602047473
114 15.632676846357906
115 10.168229561733236
116 12.475773874703622
117 10.732243843041834
118 8.886014611641492
119 12.49503071693706
120 11.64075773632816
121 13.7346535721794
122 12.413945807042374
123 11.951657314222219
124 8.349674064129903
125 8.93879927413075
126 6.6297866970317765
127 6.459564143788512
128 8.798508467283975
129 8.625586079208986
130 7.430153970139522
131 10.831037114899232
132 12.292044612865885
133 11.995592535374591
134 13.620750190626703
135 14.224128264409185
136 15.35674352087367
137 12.32231246001804
138 12.180533977569874
139 14.215104512559956
140 11.278399509731102
141 12.676850997322651
142 11.201495086429272
143 12.521937246005992
144 13.02379434150228
145 13.877068149339197
146 17.04286265759825
147 16.78346013921676
148 16.013152151551324
149 11.712895008888237
150 13.563255225493506
151 14.33782011068807
152 11.695341586467379
153 12.885371597190188
154 12.863028118475183
155 15.727620267838228
156 19.49455346014914
157 17.167741185283074
158 19.558352747996043
159 19.291888535077835
160 17.589536343722582
161 18.084341775853385
162 18.12127602347981
163 14.166247947796398
164 14.927530725215682
165 18.03824684349437
166 19.1358620057611
167 19.87675085492412
168 16.72960162921994
169 19.963401581954454
170 15.508284747902342
171 20.761701640016305
172 18.654002482669913
173 19.971647823477845
174 18.257923440846533
175 20.528876254780897
176 16.169996557148153
177 15.058154974741614
178 15.963067534718801
179 15.329557794551555
180 18.82329591916442
181 17.510246510959472
182 18.062037063498277
183 19.512779277476323
184 18.617089891578726
185 14.088810310787295
186 22.378735014755243
187 16.536129713636775
188 16.68693035145808
189 15.561796693559955
190 17.54132445496991
191 22.1334159240847
192 19.717592796243874
193 17.234067574543573
194 17.85336405316829
195 19.13130188760891
196 15.582585153855746
197 18.054500131514274
198 17.32048979549256
199 11.403956028698012
200 16.698894998136307
201 11.228765449392645
202 12.401645481728233
203 11.997783227621326
204 11.708326223193092
205 11.39772343231445
206 10.600995408344971
207 10.808943906324757
208 15.952716519816116
209 13.252976506305322
210 13.52069286864718
211 13.203417143269988
212 12.916236889300787
213 18.3628651754879
214 15.42717222976196
215 15.253999403535836
216 13.598091662179
217 18.02952896081
218 17.527581489937717
219 16.12713454576388
220 17.579563965613968
221 18.914315792870656
222 22.099649966176475
223 18.044041607573345
224 16.90736642963568
225 17.076117645039474
226 17.397950016683026
227 18.36611815245946
228 18.580929186440272
229 16.002074557783377
230 14.563203985125993
231 15.409292718735234
232 11.391527963390494
233 13.846975365374327
234 12.686704397061904
235 12.829803009760466
236 12.699966592112295
237 15.596565227586623
238 12.324936317004525
239 15.38582254224587
240 15.508309309981742
241 10.499996736554458
242 17.574713332107784
243 13.66937841124388
244 13.726910292816802
245 13.475255594203883
246 16.049805152098497
247 15.908623220954444
248 15.421451432173168
249 13.775907252777616
250 14.358874516873627
251 15.1735478771403
252 15.325024444480595
253 14.998184479460184
254 13.60631344230868
255 16.367177922799527
256 12.291506727792399
257 15.198281148174487
258 12.929249546150166
259 14.221439892379776
260 12.928024819758832
261 13.563143884927701
262 20.059832980477395
263 17.198673290309376
264 17.23333236864661
265 15.735762456822744
266 16.58093595204629
267 17.904405775280996
268 17.672233444601268
269 18.452076488527176
270 18.561857609865736
271 15.190558169445682
272 17.587233194274
273 16.37918867426122
274 12.667689575085125
275 14.54543649613208
276 16.40616824136779
277 16.380517123796064
278 19.397907669774998
279 16.307406346214474
280 16.715068917609354
281 18.1898493307283
282 20.133416750339588
283 17.15347742168865
284 16.139329054936077
285 11.432952686401716
286 12.414943764483944
287 15.00425317968797
288 10.90476596954752
289 18.20480810611597
290 14.54717851190584
291 15.071785323969863
292 16.025848261940382
293 12.062370195973237
294 12.469684095954246
295 16.280340439762774
296 15.757231661454199
297 14.828870144988466
298 16.016238379665577
299 13.45519839274169
300 17.459584865989047
301 20.244993563822877
302 14.4088479959874
303 16.077327961966642
304 14.825225961285552
305 15.520306661683906
306 14.245991346740762
307 14.952761334903018
308 13.888734091196556
309 18.473728858059975
310 13.717936745427714
311 14.770055865623316
312 14.860571590350249
313 14.455182990014958
314 16.21250878771753
315 17.94608525671595
316 16.7628607900863
317 18.91188584739831
318 17.085675156724502
319 15.394482994259807
320 14.031832094516135
321 13.316250981408555
322 14.654928424072562
323 16.090786857461254
324 16.688776906317468
325 18.013268014158065
326 16.713412981588615
327 15.809394217344552
328 16.02763818752675
329 15.255767742779238
330 13.21510782053335
331 14.296902831099592
332 15.113887893155125
333 13.426103937098713
334 13.965943881296791
335 14.102070383426026
336 13.299173409632802
337 15.802118168483524
338 15.512902522117836
339 15.014195922470485
340 14.68149866245859
341 15.864384902785126
342 14.361525333974958
343 13.086331370265277
344 15.25002239692852
345 13.275538303795312
346 13.357416163982549
347 12.326553950280205
348 10.541073365721775
349 14.634314518805171
350 14.828097208949671
351 13.155198736178596
352 9.781089627975753
353 12.58679882357374
354 11.159722938009239
355 13.850525302554347
356 11.564342824536043
357 12.25751069678398
358 14.517946244440711
359 13.716213961611261
360 15.76546220884857
361 13.620199814882625
362 16.12084079885953
363 16.359052131236997
364 13.272832736073807
365 14.043745367413656
366 15.337219604529453
367 9.808330552277628
368 14.021727179819797
369 13.879852569654838
370 13.157755317241406
371 12.250320091051906
372 15.212815651751455
373 12.833959118509547
374 15.810792535097157
375 12.91281673440444
376 13.502944167664443
377 13.284939250817937
378 14.801087878548906
379 17.26525995439124
380 14.482766318826107
381 15.302471594389072
382 15.79621593702141
383 10.668371350673334
384 13.854361328271018
385 11.892757102608785
386 11.810281896101126
387 13.47639621899734
388 13.401047235198185
389 12.058423890092556
390 16.640299300054824
391 13.598208774138186
392 12.950001321177593
393 7.806136001049244
394 9.560655258927243
395 10.713937971280492
396 9.339598722528983
397 10.167833853242382
398 9.15005929079369
399 12.600195636300167
400 10.733200477870042
401 9.903662727814728
402 11.724007350953432
403 8.22622771167199
404 13.39264039363364
405 14.391996410848778
406 14.68165113352009
407 10.85249366178009
408 12.766026027467777
409 11.863742933963993
410 13.944435230295293
411 12.09595416357078
412 11.502246742187364
413 14.655696836559699
414 11.58740571029444
415 10.504116651818428
416 10.66499261065433
417 5.627326941546059
418 11.413705493498187
419 10.14907802777233
420 10.508323961663345
421 7.838302391359383
