0 81.73107444951567
1 84.91709149825105
2 87.666572303758
3 88.09198736295845
4 85.8633799248533
5 89.7586207672085
6 84.63451312695452
7 89.5950363154963
8 84.39144232969613
9 84.65404595052517
10 80.60946728260713
11 82.04300983218778
12 71.70431869988255
13 79.99807709914154
14 84.00785087079853
15 78.96377506061197
16 81.73746392710406
17 73.69171594585185
18 74.87826657274489
19 78.51065228803913
20 80.07868786857235
21 76.84005381603127
22 77.88976716105117
23 86.05834912418422
24 84.1056064426243
25 77.54411006801597
26 83.49744122666775
27 78.00695987087218
28 84.49027880648681
29 81.5966320065864
30 80.12002095918452
31 74.00075902615221
32 71.23335720711518
33 82.65933894791574
34 86.16240475318341
35 83.28063001463897
36 85.99107170885404
37 80.17999200029716
38 85.31831839685178
39 82.89828935359068
40 86.52245159155856
41 89.10421967213135
42 87.31818430791226
43 89.03638802006866
44 84.51799574026556
45 82.43191610174492
46 78.88920898302243
47 75.45967979957675
48 78.66212708315831
49 73.4477358967107
50 82.82272168489533
51 81.15172437105086
52 84.80513617581344
53 76.17242076185774
54 82.6230490954573
55 84.24091865661585
56 84.2190568014655
57 78.1339115983201
58 74.63719939630954
59 77.03086010815535
60 70.13365902996205
61 75.88880490244621
62 72.73279459107667
63 71.0272947774442
64 82.09260590086588
65 81.37582374953253
66 80.99673221396202
67 79.99902126481976
68 71.2353600258553
69 77.1044972195645
70 84.1844110864078
71 76.99862698525085
72 79.72587053768392
73 80.88651873676285
74 77.54068911648551
75 82.89412133725511
76 78.44623812607631
77 79.90319287608799
78 72.90149538110572
79 76.40282052725988
80 78.0037252365746
81 82.70313637735707
82 72.3444294362395
83 76.4556585602301
84 79.21142846984998
85 71.88086618630099
86 75.23618454048801
87 78.59973589518795
88 85.47158367814365
89 79.0488762319351
90 76.7306593143273
91 81.71488875097228
92 76.34331484142217
93 80.78432665778305
94 78.76094239892151
95 77.92434789917792
96 82.9995428032323
97 82.25028518402681
98 84.95830891284507
99 83.79485225395514
100 85.39436020396198
101 83.94990430786017
102 85.6625583892657
103 79.62648873590277
104 83.28981142791412
105 82.43297649472954
106 79.83572357944368
107 76.65141134491414
108 81.44097034811232
109 88.26086081728505
110 78.49760327078624
111 79.19371849151071
112 83.28148338213978
113 80.40325646753485
114 82.5276209044485
115 80.7084812478097
116 78.99293216868318
117 77.80263611888809
118 68.6359703421321
119 79.02002680394097
120 80.62021793224328
121 81.37495534886854
122 80.1715563771732
123 88.29727214623276
124 68.8081148319753
125 77.11841398729011
126 75.22313314733753
127 77.78528618013162
128 80.14064769397939
129 81.63574971531273
130 79.64168353410699
131 84.4246040234386
132 81.3016302422763
133 83.50111511616058
134 79.71395889158653
135 72.91574673245908
136 77.72916051082767
137 86.01326415833361
138 80.06057039714744
139 83.89047103900349
140 74.10229821878892
141 75.81315649755368
142 81.65619774464466
143 67.13703733376705
144 79.80053165336824
145 80.68429843473984
146 72.04396916295552
147 77.64915980335303
148 80.18200485391478
149 73.16118921418337
150 87.54435451683298
151 86.29949981163381
152 76.86369466019171
153 81.42460758836032
154 82.91250910187189
155 84.55559812780083
156 80.9384604205703
157 80.18905395078603
158 68.0172563702287
159 73.08922631483111
160 77.29376234585982
161 80.80204143061027
162 78.48196626946611
163 78.498574962303
164 83.84740224899029
165 79.71905177380725
166 76.34961471242005
167 80.70004353720832
168 72.14084288408567
169 76.67478726099965
170 80.64750486384011
171 83.46054708317396
172 81.70305161237081
173 86.33122392818422
174 67.68500367907575
175 75.03766413019676
176 79.67964027439463
177 72.89883441038084
178 78.3086695594229
179 74.33110554160852
180 82.3306481910573
181 77.65367651183344
182 85.02656009200741
183 72.45437793809435
184 85.77750963050444
185 75.11308471815144
186 87.28115973235286
187 81.71461562529372
188 77.50324433799814
189 70.22687164824843
190 74.69734228207332
191 81.48101271767047
192 69.13509941283272
193 77.8486650007776
194 74.83433258627797
195 73.86541714195886
196 74.12823754922519
197 73.10720390587504
198 77.29466370087133
199 73.21101366826235
200 72.49516547605873
201 69.91993584716421
202 70.19694286670546
203 74.54996495285806
204 78.34578635197892
205 67.71733661779439
206 67.27379649378611
207 79.34762114391299
208 82.52379281109224
209 78.4601683245309
210 76.82522576686429
211 74.58157063072306
212 73.58834472992257
213 75.15528473293412
214 72.15734719742169
215 77.85930007121213
216 66.56320212257948
217 78.95265134109493
218 77.28707048603485
219 76.18503021356419
220 81.3928910331367
221 75.67345769603615
222 77.06513884088682
223 71.10550758606537
224 71.3144993129951
225 75.3093367459984
226 74.77867233181902
227 68.19046545195214
228 72.19412247542516
229 80.41332764524482
230 70.36537791403569
231 74.55852214254517
232 73.82583214840928
233 74.9297593502531
234 69.46106285128278
235 74.5354764329253
236 77.04500138639771
237 75.00388519913135
238 64.11218561076484
239 71.01868962309129
240 77.55368374024162
241 80.90677305487668
242 76.50830070652647
243 84.98325370467808
244 74.74793133190019
245 82.49687226563371
246 80.64778156079224
247 80.30384645417043
248 79.01822921339739
249 82.16391866159773
250 81.88300475504577
251 77.72618770207399
252 84.96143933041299
253 77.40842522403146
254 83.61866152828489
255 78.58864557857329
256 78.91684024311385
257 73.23307900307776
258 75.299682086975
259 73.38477065926162
260 72.37489170491482
261 75.15091503969101
262 74.01360043237658
263 67.62374255066403
264 76.75231748536109
265 67.54966147153667
266 73.58615279299538
267 72.94531682466109
268 76.51454943490326
269 87.3284354923505
270 80.91950600794827
271 66.83301674653333
272 72.71713464872897
273 68.06481710541857
274 66.84955715430452
275 68.99731614265536
276 68.15778659273771
277 79.46840296993761
278 74.04998381032927
279 71.2024653835414
280 76.0124294987014
281 71.305225024196
282 72.01155790872797
283 68.14471407833575
284 62.42089929672855
285 75.96348450062287
286 69.94019957460675
287 72.74537113927228
288 67.41146112976973
289 66.57536821595474
290 69.68886818635343
291 72.84998419849626
292 73.01522222604883
293 64.57655469544328
294 66.2633362424569
295 65.25189781974466
296 63.15661322384751
297 80.62160272473112
298 62.37847262025389
299 67.55713315742648
300 69.98582331365812
301 65.12098430839089
302 69.44540412235035
303 67.24493281174759
304 65.9398283728719
305 72.67267970725264
306 71.07235060160245
307 71.25103383352308
308 62.643323042014934
309 68.97032520562804
310 65.85282260663028
311 71.6315373360766
312 75.04343816499566
313 67.02098204354935
314 70.64907443647371
315 73.40640654868979
316 69.40513709949356
317 70.816353911947
318 78.13776892737081
319 72.27086663757802
320 70.43184025484983
321 75.26535104380096
322 72.43524127544033
323 74.43264102845954
324 73.17414696833659
325 66.2400230023993
326 70.58716528077105
327 66.12961921249361
328 66.25276438200211
329 79.18315238273297
330 67.45520187656093
331 70.05065543376303
332 73.17286509023616
333 69.06919735545065
334 77.93029563865824
335 63.5895539087147
336 69.01284872847201
337 58.98528926136846
338 70.57812454039005
339 65.59601599751899
340 70.48274618282662
341 70.38191941246924
342 69.2436282070628
343 72.23552483690469
344 67.00115291827493
345 68.519319954882
346 72.28804685931021
347 61.27569667236001
348 65.6582220029215
349 73.92839189335612
350 76.99471842367052
351 69.7718342579728
352 75.89313437434468
353 76.56291337567488
354 65.3996723091506
355 75.28818533206973
356 71.5821903956159
357 75.40627538026811
358 70.39497775692212
359 73.32698373064888
360 66.67906867658401
361 70.98047272891256
362 73.07226001757664
363 74.67272939652153
364 69.68462809137358
365 75.76770839823129
366 70.01950921830982
367 74.69270332787052
368 71.52161826040084
369 67.36205485962978
370 69.4871473166421
371 76.33568735300572
372 67.57829096660028
373 72.53929503126007
374 75.74017309224863
375 73.80920656648824
376 76.93360359911408
377 80.78995744943201
378 79.85030188462787
379 76.7758572631641
380 74.80985250252213
381 71.04103848218023
382 77.18470036468598
383 75.00919039127639
384 71.6990481250049
385 72.02407981471234
386 76.56850026825344
387 83.0676774413996
388 74.22213884595344
389 78.96845796945702
390 80.48663375017104
391 75.79073866825904
392 77.4996179138603
393 81.52863808882502
394 78.10667132643346
395 71.6718175786826
396 69.64491573217394
397 76.07803814823865
398 72.87964122165658
399 71.12141430760147
400 77.61004189136649
401 76.21746605394748
402 78.07920591566
403 76.18586366139789
404 70.09378664237379
405 80.35004268437136
406 76.54291701062348
407 73.05537228503239
408 79.20357367752081
409 82.79708506896986
410 70.83498965183661
411 77.55949764281827
412 73.39338179469976
413 75.74305733498902
414 81.9724467385712
415 75.89973661776996
416 78.27368294672553
417 75.82759236006906
418 68.59207754500584
419 72.08783055924422
420 73.23670569472685
421 79.34751003162779
