1 2.933444023132324 2.516258478164673 1.750917911529541 2.0794336795806885 1.18251633644104 1.078589916229248
2 2.6067938804626465 2.056034564971924 1.9398658275604248 1.8665646314620972 1.3072766065597534 1.1631499528884888
3 2.705373525619507 2.224224328994751 1.8511406183242798 2.4685587882995605 1.0531593561172485 0.9032127261161804
4 2.8242006301879883 2.426753044128418 2.4662373065948486 2.281592607498169 0.8852423429489136 1.016056776046753
5 3.1347815990448 2.736907482147217 2.705799102783203 2.603713035583496 1.1768726110458374 1.0246533155441284
6 3.4131643772125244 3.156282901763916 2.525163173675537 2.725341558456421 1.2308542728424072 1.1730191707611084
7 2.976304769515991 2.562748908996582 2.539172649383545 2.311166286468506 1.1359224319458008 1.100754737854004
8 3.172806978225708 2.838597297668457 2.5521914958953857 2.389394760131836 1.077729344367981 1.4295967817306519
9 3.523571729660034 3.3065667152404785 2.706141233444214 2.6756391525268555 1.2528889179229736 1.19652259349823
10 3.7920520305633545 3.596290349960327 2.7313573360443115 3.0537006855010986 1.4260492324829102 1.4015947580337524
11 3.5789613723754883 3.2979094982147217 2.687098503112793 2.813473701477051 1.2698917388916016 1.517594575881958
12 4.191591739654541 3.9918222427368164 2.717519521713257 2.6349544525146484 1.2078983783721924 1.1129134893417358
13 3.780271053314209 3.4924750328063965 2.9649240970611572 2.944546699523926 1.7041901350021362 1.5684360265731812
14 3.453277111053467 3.016923427581787 3.0247814655303955 2.6136474609375 2.0020627975463867 0.9775508046150208
15 3.454404592514038 3.097917079925537 2.637136220932007 2.977033853530884 1.6662102937698364 1.3095946311950684
16 3.651514768600464 3.2807586193084717 2.858015775680542 2.956861972808838 1.7375961542129517 1.1831015348434448
17 3.6845386028289795 3.3293871879577637 2.490731716156006 2.5611557960510254 1.3642646074295044 1.0964637994766235
18 3.719482183456421 3.4491372108459473 2.778301954269409 2.706758737564087 1.237357258796692 1.230902075767517
19 3.599325656890869 3.2463371753692627 2.8194124698638916 2.551456928253174 1.389939308166504 1.2715383768081665
20 3.5757975578308105 3.237534999847412 2.6730480194091797 2.334003448486328 1.1189247369766235 1.079466462135315
21 3.6136631965637207 3.2906417846679688 2.651475191116333 2.3005194664001465 1.380070447921753 1.2919481992721558
22 3.538748264312744 3.1827118396759033 2.832993268966675 2.2179183959960938 1.2631709575653076 1.1275238990783691
23 3.2570276260375977 2.825787305831909 2.928316831588745 2.271322727203369 1.5334283113479614 1.2144771814346313
24 3.1060962677001953 2.642409086227417 2.6217360496520996 2.070608615875244 1.649783968925476 1.0036749839782715
25 3.157594680786133 2.739259719848633 2.5752172470092773 2.119760274887085 1.473842740058899 0.9376146793365479
26 3.22701096534729 2.803016185760498 2.8007466793060303 2.425429582595825 1.6159968376159668 1.0069981813430786
27 3.583561420440674 3.3253233432769775 2.7949650287628174 2.632819175720215 1.0168920755386353 0.9938840866088867
28 3.405522346496582 3.0704214572906494 2.9782464504241943 2.421565294265747 1.1827822923660278 0.981412947177887
29 3.162107229232788 2.712265968322754 2.856915235519409 2.3189735412597656 1.3228188753128052 1.0756741762161255
30 3.5012035369873047 3.177269697189331 2.801949977874756 2.532963752746582 1.229844570159912 1.0403213500976563
31 3.491330146789551 3.158006429672241 2.8302860260009766 2.2967896461486816 1.3674739599227905 0.8977251052856445
32 3.606782913208008 3.306638717651367 2.6033976078033447 2.570143699645996 1.2979739904403687 1.0009241104125977
33 3.3351259231567383 2.9060840606689453 2.8074100017547607 2.630047559738159 1.526836633682251 1.2655055522918701
34 3.3132870197296143 2.847148895263672 2.938612937927246 2.560016393661499 1.2966899871826172 1.20137619972229
35 3.4945297241210938 3.160315990447998 2.8884658813476563 2.8509316444396973 1.6048085689544678 1.1242324113845825
36 3.2073607444763184 2.7891757488250732 2.5292553901672363 2.7577013969421387 0.9761558175086975 1.4380122423171997
37 3.1944375038146973 2.790611743927002 2.438875436782837 2.6784536838531494 1.0738310813903809 1.314042568206787
38 3.310049295425415 2.98603892326355 2.9110922813415527 2.7984778881073 1.3052877187728882 1.075828194618225
39 3.305859327316284 2.9688656330108643 2.722013235092163 2.843202590942383 1.1957693099975586 1.3306843042373657
40 3.29380464553833 2.942425489425659 2.687417507171631 2.924771547317505 1.2474738359451294 1.3247733116149902
41 3.623525381088257 3.356034517288208 3.2200233936309814 2.992403984069824 1.9336936473846436 1.2488254308700562
42 3.3575379848480225 3.0065667629241943 2.888617992401123 2.9933013916015625 1.6469696760177612 1.3463808298110962
43 3.5067572593688965 3.1272060871124268 2.6592440605163574 3.217679500579834 1.2855355739593506 1.9231783151626587
44 3.501925468444824 3.1728599071502686 2.766139268875122 3.0435285568237305 1.1388345956802368 1.7416337728500366
45 3.630356788635254 3.418450355529785 2.7286555767059326 3.261267900466919 1.1315239667892456 1.209754467010498
46 3.6649019718170166 3.3830864429473877 2.579530715942383 3.0198166370391846 1.105936884880066 1.1601343154907227
47 3.6896708011627197 3.3554937839508057 3.021768569946289 2.933161735534668 1.6858117580413818 1.6447323560714722
48 3.566365957260132 3.153498649597168 2.7501165866851807 2.887787342071533 1.2017878293991089 1.6305344104766846
49 4.442877292633057 4.2637810707092285 3.061692237854004 3.1398813724517822 1.4070996046066284 1.6261119842529297
50 3.860990285873413 3.5372989177703857 3.286423921585083 2.9523417949676514 1.87545645236969 1.2172669172286987
51 3.757406234741211 3.4932332038879395 3.0455143451690674 2.8661153316497803 1.3615903854370117 1.0432149171829224
52 3.859257698059082 3.620734930038452 3.510345458984375 3.0498206615448 1.5752589702606201 1.6181186437606812
53 4.219048023223877 4.013082027435303 3.1010048389434814 2.7398226261138916 1.3518105745315552 1.3487080335617065
54 3.7966415882110596 3.5653135776519775 3.3818764686584473 2.5987398624420166 1.614696741104126 1.0733891725540161
55 3.8805248737335205 3.6161017417907715 3.3675954341888428 2.8065991401672363 1.8012714385986328 1.2383285760879517
56 3.5600414276123047 3.215707540512085 3.0466692447662354 2.966376304626465 1.3332798480987549 1.964348554611206
57 3.747060537338257 3.4193637371063232 3.033682346343994 2.9720914363861084 1.453162670135498 1.8231022357940674
58 3.966944694519043 3.662205457687378 3.014591693878174 2.912428379058838 1.8003513813018799 1.410883903503418
59 3.7348039150238037 3.4355146884918213 3.0594077110290527 2.7669975757598877 1.5609480142593384 1.4744428396224976
60 4.669893264770508 4.5000433921813965 3.1612625122070313 2.782465696334839 1.2935363054275513 1.3422855138778687
61 4.258605003356934 4.030379295349121 2.8987579345703125 3.015946388244629 1.2934539318084717 1.311915397644043
62 4.291616439819336 4.059378623962402 2.7494306564331055 3.012010097503662 1.5116466283798218 1.2146400213241577
63 4.537878036499023 4.297720909118652 3.0630273818969727 2.7755279541015625 1.7009739875793457 1.2944248914718628
64 3.6119325160980225 3.2697842121124268 3.068446636199951 2.644869565963745 1.2237896919250488 1.5139492750167847
65 3.525498867034912 3.1573050022125244 2.930544376373291 2.542914390563965 1.3260900974273682 1.336783528327942
66 3.8325066566467285 3.4345107078552246 3.1381144523620605 2.5680580139160156 1.7318891286849976 1.5681778192520142
67 3.8807520866394043 3.546748638153076 2.8800175189971924 2.9169397354125977 1.3957823514938354 1.2008130550384521
68 4.680648326873779 4.414823532104492 2.9801838397979736 2.691448926925659 1.4037199020385742 1.3428367376327515
69 4.017038345336914 3.6667826175689697 2.7905170917510986 2.8467602729797363 1.3056975603103638 1.1513628959655762
70 3.4168143272399902 2.94638991355896 2.390064239501953 2.7375473976135254 1.2440871000289917 1.4074618816375732
71 3.9784765243530273 3.6158056259155273 2.555952787399292 2.93245267868042 1.3201504945755005 1.102267861366272
72 3.6046056747436523 3.153682231903076 2.5666275024414063 2.7651748657226563 1.2445707321166992 1.5225856304168701
73 3.450812578201294 2.9396021366119385 2.5074775218963623 2.8688182830810547 1.1071646213531494 1.6674578189849854
74 3.831799030303955 3.4646365642547607 2.840088129043579 2.7124688625335693 1.0454798936843872 1.4488484859466553
75 3.7969722747802734 3.3244714736938477 2.788761615753174 2.8265774250030518 1.429591417312622 1.3804194927215576
76 3.596853733062744 3.1482491493225098 2.48598575592041 2.5560944080352783 1.1165955066680908 1.2284914255142212
77 3.4822192192077637 3.028176784515381 2.401546001434326 2.844381332397461 0.9735084772109985 1.3962857723236084
78 4.457510471343994 4.159345626831055 2.6567256450653076 2.9367167949676514 1.2228790521621704 1.4621955156326294
79 3.559872627258301 3.1228435039520264 2.6081371307373047 2.819244861602783 1.0931432247161865 1.1433395147323608
80 4.0079450607299805 3.7097434997558594 2.5776422023773193 3.1256699562072754 1.132001280784607 1.3577370643615723
81 3.6103925704956055 3.2746291160583496 2.420278310775757 3.0927841663360596 0.9548164010047913 1.1355767250061035
82 4.017482757568359 3.7068932056427 2.4186670780181885 2.974565267562866 1.1076405048370361 1.2406367063522339
83 3.4895384311676025 3.1026694774627686 2.5087850093841553 2.850555896759033 1.0867582559585571 1.2359989881515503
84 3.6950881481170654 3.3839457035064697 2.3540756702423096 2.9837634563446045 1.0399253368377686 1.2559314966201782
85 3.9797072410583496 3.712712287902832 2.496330738067627 3.1637649536132813 1.2573031187057495 1.5124475955963135
86 4.201615333557129 3.9337430000305176 2.3261048793792725 3.1263036727905273 1.092503309249878 1.347166895866394
87 3.5509345531463623 3.109532117843628 2.375514268875122 3.179652214050293 1.2835098505020142 1.326267957687378
88 3.5985705852508545 3.199448585510254 2.539647340774536 3.379532814025879 1.124116063117981 2.0024309158325195
89 3.6155781745910645 3.257803440093994 2.6425626277923584 3.2229785919189453 1.2568776607513428 1.4739702939987183
90 3.8240301609039307 3.494513511657715 2.5771307945251465 3.3571224212646484 1.3790899515151978 1.8244850635528564
91 3.6694142818450928 3.3016557693481445 2.563573122024536 3.3322913646698 1.272428035736084 1.7641379833221436
92 3.5724031925201416 3.104092836380005 2.5021138191223145 3.166353940963745 1.6784498691558838 1.6391383409500122
93 3.514620304107666 3.0300559997558594 2.5718204975128174 2.7984976768493652 1.53374445438385 1.589286208152771
94 3.737435817718506 3.2563014030456543 2.5321619510650635 2.9873909950256348 1.4945752620697021 1.5611366033554077
95 3.7599239349365234 3.320826292037964 2.6659188270568848 2.639719009399414 1.2996143102645874 1.435327172279358
96 3.61130428314209 3.129795551300049 2.6522722244262695 2.782656192779541 1.251520037651062 1.492907166481018
97 3.4068925380706787 2.8982627391815186 2.5261662006378174 2.5456883907318115 1.2790180444717407 1.4286009073257446
98 3.4347362518310547 2.966508626937866 2.4562742710113525 3.0179760456085205 1.257140874862671 1.7333365678787231
99 3.3776235580444336 2.829740524291992 2.3590822219848633 2.8489224910736084 1.278802752494812 1.8008188009262085
100 3.2163140773773193 2.6640007495880127 2.4499175548553467 2.693157196044922 1.3809049129486084 1.6398801803588867
101 3.5920166969299316 3.132652759552002 2.6200475692749023 3.155909299850464 1.3686062097549438 2.1478731632232666
102 3.3725204467773438 2.857860803604126 2.328848123550415 3.0872642993927 1.2160532474517822 2.23832368850708
103 3.741760015487671 3.2895448207855225 2.2944839000701904 2.7984390258789063 1.1745696067810059 1.569966197013855
104 3.5150411128997803 2.9743428230285645 2.292651653289795 2.9233009815216064 1.22150719165802 1.8138054609298706
105 3.936126232147217 3.502765417098999 2.5392963886260986 3.0029683113098145 1.3342063426971436 1.8306660652160645
106 4.016633033752441 3.601003646850586 2.509371757507324 3.1305980682373047 1.4163349866867065 2.3077845573425293
107 3.8837289810180664 3.5043818950653076 2.663897752761841 3.1130497455596924 1.3603265285491943 2.0955700874328613
108 4.048861503601074 3.6852011680603027 2.714888334274292 3.0109643936157227 1.2227884531021118 2.170586347579956
109 3.8430919647216797 3.490483522415161 2.653426170349121 3.364952325820923 1.3497377634048462 2.243314027786255
110 4.117126941680908 3.7432188987731934 2.6158149242401123 3.0375325679779053 1.1868376731872559 2.0512022972106934
111 4.024351596832275 3.6028892993927 2.8098607063293457 3.144007682800293 1.3660544157028198 2.043833017349243
112 3.458425283432007 2.888322353363037 2.550382137298584 2.9897866249084473 1.4010039567947388 1.7641311883926392
113 3.5170795917510986 2.964040994644165 2.418677806854248 2.8932390213012695 1.4650287628173828 1.6427463293075562
114 3.764071226119995 3.3158621788024902 2.824296236038208 3.0743534564971924 1.3417372703552246 1.8517491817474365
115 3.9455275535583496 3.574150800704956 2.742731809616089 3.3795175552368164 1.5171679258346558 1.8823789358139038
116 4.257017135620117 3.954559803009033 2.8252274990081787 2.9914474487304688 1.445428490638733 1.8982974290847778
117 4.110037803649902 3.7075209617614746 2.7064144611358643 2.929110527038574 1.410962700843811 1.9082491397857666
118 4.763142108917236 4.461634159088135 2.7601819038391113 2.904355049133301 1.4876301288604736 1.889628291130066
119 4.06569766998291 3.667746067047119 2.797032594680786 3.061708927154541 1.4338096380233765 2.063636541366577
120 3.7937493324279785 3.3580546379089355 2.7787508964538574 2.960284471511841 1.5134001970291138 1.826813817024231
121 3.579773187637329 3.1436657905578613 2.791743516921997 2.7799696922302246 1.290771484375 1.3887619972229004
122 3.6681857109069824 3.241286516189575 2.713548183441162 2.554161548614502 1.2209925651550293 1.495595932006836
123 3.233043909072876 2.7524290084838867 2.757150173187256 2.4697506427764893 1.5629076957702637 1.2518231868743896
124 4.4921555519104 4.133742809295654 2.531392812728882 2.6667990684509277 1.6895774602890015 1.3820955753326416
125 3.8663148880004883 3.4819369316101074 2.4613606929779053 3.082843065261841 1.2694252729415894 1.4211101531982422
126 4.108811378479004 3.6811957359313965 2.6892290115356445 3.0118613243103027 1.6533403396606445 1.2080601453781128
127 4.293627738952637 3.9644711017608643 2.604707717895508 2.997039794921875 1.3798896074295044 1.506321668624878
128 4.001211166381836 3.641188859939575 2.8656272888183594 2.7410831451416016 1.3689384460449219 1.595739483833313
129 3.843564987182617 3.4513797760009766 2.606523036956787 3.0216426849365234 1.2954221963882446 1.971908688545227
130 3.926330089569092 3.5755677223205566 2.849822759628296 2.7806596755981445 1.2970117330551147 1.6417075395584106
131 3.5630252361297607 3.1478214263916016 2.8490583896636963 2.625678300857544 1.3706541061401367 1.5957045555114746
132 3.7808878421783447 3.3839099407196045 2.6739349365234375 3.0426933765411377 1.3495599031448364 2.0181727409362793
133 3.8174614906311035 3.376372814178467 2.811180353164673 2.864152669906616 1.7114559412002563 1.414804458618164
134 4.077652931213379 3.762917995452881 2.8988115787506104 2.813474178314209 1.8519200086593628 1.3335826396942139
135 4.269909381866455 3.968149423599243 2.804898262023926 2.5510785579681396 1.5601487159729004 1.3293288946151733
136 4.056241989135742 3.7148196697235107 2.9423375129699707 2.622659206390381 1.6859370470046997 1.3840280771255493
137 3.5439910888671875 3.0139713287353516 2.5099756717681885 2.8846867084503174 1.3928124904632568 1.8741589784622192
138 3.768397808074951 3.3285348415374756 2.792043685913086 2.5562283992767334 1.6698490381240845 1.0672234296798706
139 3.5844359397888184 3.2279300689697266 2.8453168869018555 2.9424755573272705 1.5527898073196411 1.4688456058502197
140 4.450359344482422 4.18591833114624 2.797694444656372 2.6436610221862793 1.694284200668335 1.424677848815918
141 4.198306560516357 3.9412291049957275 3.051483154296875 2.9789516925811768 1.8569637537002563 1.513493537902832
142 3.6848373413085938 3.2090752124786377 2.696504831314087 2.586571216583252 1.7798548936843872 1.5074410438537598
143 4.908898830413818 4.676229476928711 2.9961342811584473 2.822157859802246 1.7483124732971191 1.4259244203567505
144 4.310597896575928 4.011373996734619 3.164273977279663 3.196143865585327 2.032302141189575 1.8371951580047607
145 4.000208377838135 3.6386802196502686 2.922077178955078 2.9606122970581055 1.8688267469406128 1.6160551309585571
146 4.706790447235107 4.482148170471191 2.9337706565856934 3.355459213256836 1.685490369796753 1.4788870811462402
147 4.216987609863281 3.912489175796509 2.7884950637817383 3.2054574489593506 1.7053111791610718 1.4756567478179932
148 3.920356035232544 3.538335084915161 2.7619149684906006 3.2858047485351563 1.8117108345031738 1.8090364933013916
149 4.483061790466309 4.202897071838379 2.9617369174957275 3.3118603229522705 1.8529345989227295 1.435856580734253
150 3.866787910461426 3.5384788513183594 2.8771238327026367 3.6663637161254883 1.7967923879623413 2.1251637935638428
151 3.675525188446045 3.3625669479370117 2.764047145843506 3.603675603866577 1.609980821609497 1.755203366279602
152 3.8797693252563477 3.5262978076934814 2.8641366958618164 3.394721746444702 1.8014369010925293 2.036815643310547
153 3.845323085784912 3.549957036972046 3.021522045135498 3.415637731552124 1.8640583753585815 1.7202848196029663
154 3.7136287689208984 3.2648210525512695 2.9406991004943848 3.221447229385376 2.116107702255249 1.854036808013916
155 3.657073736190796 3.261052131652832 2.9948513507843018 3.041574239730835 1.8376092910766602 1.4656504392623901
156 3.5783169269561768 3.1062846183776855 2.981093168258667 2.755985736846924 1.704771637916565 1.5816830396652222
157 3.801968812942505 3.3906829357147217 2.848968744277954 2.6800084114074707 1.794301986694336 1.5454882383346558
158 3.830610513687134 3.415581226348877 2.82617449760437 2.810406446456909 1.8790024518966675 1.5355308055877686
159 3.9600818157196045 3.5740559101104736 2.776249885559082 2.7736408710479736 1.3993042707443237 1.8225078582763672
160 4.025079727172852 3.592014789581299 2.8613245487213135 3.0745580196380615 1.7457363605499268 1.4090635776519775
161 3.6917691230773926 3.1826975345611572 2.8326027393341064 2.778817892074585 1.6519778966903687 1.251497745513916
162 3.647796869277954 3.1206488609313965 2.8453831672668457 2.5188918113708496 1.3994719982147217 1.3326877355575562
163 3.900125503540039 3.4415225982666016 2.9479830265045166 2.8246726989746094 1.583715558052063 1.1895779371261597
164 3.5748281478881836 3.0947067737579346 2.9619126319885254 2.7036311626434326 1.6203575134277344 1.188820481300354
165 3.7033143043518066 3.275479793548584 2.9104740619659424 2.6552376747131348 1.426712989807129 1.2705724239349365
166 3.963294744491577 3.5968034267425537 2.9539196491241455 2.660494327545166 1.3930100202560425 1.1483917236328125
167 3.617750644683838 3.1638994216918945 2.72363543510437 2.8388617038726807 1.2646830081939697 1.2438623905181885
168 3.9984960556030273 3.6303234100341797 2.7786331176757813 2.8676609992980957 1.77376389503479 1.1184115409851074
169 3.780287981033325 3.366323232650757 2.6672170162200928 2.8881070613861084 1.8178672790527344 1.158336877822876
170 3.737921953201294 3.321291446685791 2.5748403072357178 2.95035457611084 1.3301401138305664 1.3113164901733398
171 3.5618057250976563 3.1671695709228516 2.8493103981018066 3.0697994232177734 1.4341623783111572 1.2705491781234741
172 3.6453657150268555 3.1927709579467773 2.9463865756988525 3.049968957901001 1.904566764831543 1.3158597946166992
173 3.6006739139556885 3.078655958175659 2.844292640686035 2.9675612449645996 1.8151723146438599 1.393470287322998
174 4.801914691925049 4.519093036651611 3.072298288345337 3.00296950340271 2.16485333442688 1.4321110248565674
175 4.3380937576293945 3.9934093952178955 3.1612422466278076 3.2551777362823486 2.4385569095611572 1.6121268272399902
176 3.8140594959259033 3.387983560562134 3.0492751598358154 3.001901149749756 1.9755247831344604 1.6787328720092773
177 4.015719413757324 3.600034236907959 3.1382784843444824 2.680065870285034 2.08052659034729 1.265885591506958
178 3.7619099617004395 3.3744277954101563 2.955979585647583 3.327155828475952 1.8883470296859741 1.3616822957992554
179 4.1042375564575195 3.736557722091675 3.0255329608917236 3.0685479640960693 2.1842191219329834 1.4031070470809937
180 3.6687614917755127 3.2312824726104736 3.00931715965271 3.033076524734497 1.9510033130645752 1.435449481010437
181 3.732807159423828 3.331104040145874 2.8166592121124268 3.118159532546997 1.9858609437942505 1.243215799331665
182 3.590744733810425 3.172769069671631 2.999188184738159 3.1695685386657715 2.177579641342163 1.1855205297470093
183 3.9313597679138184 3.5662906169891357 3.062074661254883 2.960271120071411 2.001605749130249 1.187865138053894
184 3.449352264404297 3.044243335723877 2.7683005332946777 3.068578004837036 1.6156023740768433 1.115769624710083
185 4.121493816375732 3.817349433898926 3.003399133682251 3.1729516983032227 1.984440565109253 1.4416486024856567
186 3.539834499359131 3.068920850753784 2.9990408420562744 2.915806293487549 2.126361608505249 1.1488838195800781
187 3.985530376434326 3.556816577911377 3.016295909881592 3.1140003204345703 2.256288766860962 1.3555976152420044
188 3.8750064373016357 3.459573984146118 2.9601845741271973 2.9084160327911377 2.226738929748535 1.0607990026474
189 4.203195095062256 3.8835010528564453 2.9405415058135986 2.988694906234741 2.0031957626342773 1.1286613941192627
190 4.098526477813721 3.7417585849761963 3.099545478820801 2.9686431884765625 2.415590524673462 1.0884312391281128
191 3.875096082687378 3.4604010581970215 3.0791542530059814 3.3622355461120605 2.3982393741607666 1.207757830619812
192 4.326714038848877 4.03233003616333 3.0644819736480713 3.3623783588409424 2.299787759780884 1.2844645977020264
193 3.9881210327148438 3.5778884887695313 2.9604599475860596 3.263129472732544 2.007807493209839 1.1891027688980103
194 4.304877281188965 3.998368978500366 2.9795844554901123 3.0932729244232178 2.02264404296875 1.1626423597335815
195 4.559321403503418 4.316032886505127 2.90824818611145 3.273646593093872 1.8219794034957886 1.4889438152313232
196 4.851829528808594 4.6652302742004395 3.170910120010376 2.9907748699188232 2.0846147537231445 1.2839411497116089
197 4.2013983726501465 3.8653366565704346 3.123711347579956 3.1173388957977295 2.0510094165802 1.245009422302246
198 4.121063232421875 3.7131989002227783 3.0577306747436523 3.40871000289917 2.275158166885376 1.5625314712524414
199 4.272978782653809 3.98103666305542 2.9888665676116943 3.208916425704956 2.1021382808685303 1.7484334707260132
200 3.953787088394165 3.60630464553833 3.0509445667266846 2.9330897331237793 2.258605480194092 1.268113136291504
201 4.3087263107299805 4.02947998046875 2.9568541049957275 2.781341791152954 2.1127448081970215 1.0975598096847534
202 4.392989158630371 4.0952935218811035 3.139075756072998 2.9855802059173584 2.258845329284668 1.3591924905776978
203 3.62884521484375 3.2563674449920654 3.093198537826538 2.730706214904785 2.1672861576080322 1.096548080444336
204 4.128820896148682 3.8159453868865967 3.0713369846343994 3.0479319095611572 2.204698324203491 1.283170461654663
205 4.618861675262451 4.324891567230225 3.006337881088257 2.742473840713501 2.176445245742798 1.2625187635421753
206 4.891846179962158 4.6506476402282715 3.000439405441284 3.198099136352539 2.2937889099121094 1.1763571500778198
207 3.8708250522613525 3.4723494052886963 2.9281058311462402 3.199902296066284 1.9334514141082764 1.7357416152954102
208 3.830873727798462 3.463778495788574 2.922055721282959 3.249131441116333 2.0730395317077637 1.1734368801116943
209 3.6089859008789063 3.1406750679016113 3.0110692977905273 2.9977474212646484 2.1125288009643555 1.3539172410964966
210 3.5443661212921143 3.0397675037384033 2.8496954441070557 2.6720240116119385 1.934819221496582 1.1474624872207642
211 3.725770950317383 3.3021080493927 2.9149837493896484 2.854203462600708 1.93691885471344 1.2415562868118286
212 3.7474257946014404 3.3313825130462646 2.9805405139923096 2.8195104598999023 2.126603126525879 1.2225064039230347
213 4.141486167907715 3.8385512828826904 3.148019552230835 2.9983811378479004 2.2220818996429443 1.1662554740905762
214 4.435195446014404 4.242520332336426 3.0858678817749023 3.338940143585205 2.375455141067505 1.1179800033569336
215 3.7932300567626953 3.4117140769958496 3.0688164234161377 3.1651816368103027 2.5894556045532227 1.2900243997573853
216 4.659645080566406 4.470561504364014 3.054100275039673 3.132812738418579 2.1636404991149902 1.2297931909561157
217 3.9684433937072754 3.6103267669677734 3.11826491355896 3.1085643768310547 2.5696442127227783 1.2690775394439697
218 3.9006242752075195 3.5670366287231445 3.0786373615264893 3.202927350997925 2.2570106983184814 1.2231158018112183
219 3.7975943088531494 3.434206247329712 3.051912784576416 3.0836963653564453 2.3765292167663574 1.1315072774887085
220 3.9274394512176514 3.5686850547790527 3.1287033557891846 3.076632261276245 1.939759373664856 1.4922916889190674
221 4.050046920776367 3.735250234603882 3.1447389125823975 2.9712612628936768 1.9378314018249512 1.5348618030548096
222 3.777360200881958 3.4110162258148193 2.892664909362793 3.160438060760498 1.5293723344802856 1.4544705152511597
223 3.9783191680908203 3.6663460731506348 3.021311044692993 3.0616674423217773 2.215611457824707 1.3012938499450684
224 4.281632423400879 4.052455425262451 3.0035479068756104 2.8829774856567383 1.759937047958374 1.1538609266281128
225 3.8697521686553955 3.4912757873535156 2.9664883613586426 3.306201219558716 1.8545297384262085 1.5938637256622314
226 3.8657689094543457 3.5458929538726807 3.003044605255127 3.249629259109497 1.8703460693359375 1.3235294818878174
227 4.112607955932617 3.8296682834625244 3.019047975540161 3.172398805618286 1.7709072828292847 1.4453068971633911
228 4.025156497955322 3.649029016494751 3.0469353199005127 3.0903072357177734 2.1590464115142822 1.406699776649475
229 3.7118725776672363 3.3183956146240234 2.896017551422119 3.313802719116211 1.8817702531814575 1.7728359699249268
230 3.918377637863159 3.5681984424591064 2.7275571823120117 3.3555514812469482 1.763936996459961 1.5644227266311646
231 3.6475837230682373 3.2171590328216553 2.9047114849090576 2.8954555988311768 2.0896189212799072 1.1436539888381958
232 3.979447364807129 3.6744415760040283 3.1485416889190674 3.0657713413238525 2.477931261062622 1.4052798748016357
233 3.809316873550415 3.39380145072937 3.0169548988342285 2.888888359069824 2.3391175270080566 1.3925533294677734
234 4.023143768310547 3.6450510025024414 3.286510467529297 2.8848347663879395 2.355419635772705 1.482991337776184
235 3.8428163528442383 3.49353289604187 3.1359076499938965 2.841916799545288 1.9858198165893555 1.3318043947219849
236 3.8305184841156006 3.4255311489105225 3.101456642150879 3.045480966567993 2.3549270629882813 1.5665417909622192
237 3.9347352981567383 3.664371967315674 3.1873998641967773 3.2173502445220947 2.1043169498443604 1.4632619619369507
238 4.608096599578857 4.352086544036865 3.15236234664917 2.886476755142212 2.113307237625122 1.232966661453247
239 4.597605228424072 4.368727684020996 3.2317090034484863 3.1445701122283936 2.22517728805542 1.2186294794082642
240 3.737089157104492 3.313389778137207 3.0430612564086914 3.1245439052581787 2.5934102535247803 0.9808436632156372
241 3.788534164428711 3.4156594276428223 2.9932963848114014 3.3186938762664795 2.2269203662872314 1.1916491985321045
242 3.802908182144165 3.406463146209717 2.914964199066162 3.37045955657959 1.9974440336227417 1.5179613828659058
243 3.7378718852996826 3.377535581588745 3.005143404006958 3.389427661895752 2.201829671859741 1.4910649061203003
244 3.8889834880828857 3.5524656772613525 2.8823821544647217 3.460043430328369 1.886887550354004 1.298774003982544
245 3.6563198566436768 3.262809991836548 2.948617458343506 3.3520431518554688 2.0205767154693604 1.6409351825714111
246 3.969613790512085 3.569185972213745 3.1658236980438232 3.4341213703155518 2.259687900543213 1.4812843799591064
247 3.880770683288574 3.458376884460449 3.1251935958862305 3.4094464778900146 2.2915353775024414 1.2748370170593262
248 3.974224328994751 3.57828426361084 3.185410261154175 3.533543825149536 2.5117032527923584 1.2550462484359741
249 3.720562696456909 3.2952136993408203 2.933140993118286 3.2730159759521484 2.298318386077881 1.4369109869003296
250 3.5920040607452393 3.1563827991485596 2.957486152648926 3.00069522857666 2.2599620819091797 1.3424228429794312
251 4.113928318023682 3.714878559112549 3.009420156478882 2.9620792865753174 2.2281720638275146 1.1331344842910767
252 3.7085206508636475 3.251436948776245 3.0834972858428955 3.0363736152648926 2.1027474403381348 1.2280482053756714
253 3.744248867034912 3.333226442337036 3.0848679542541504 3.1684811115264893 2.3865699768066406 1.1558244228363037
254 3.4638936519622803 2.936075448989868 2.8659472465515137 2.8646888732910156 1.7381290197372437 1.3726952075958252
255 3.737262010574341 3.311044931411743 2.904977321624756 3.304431438446045 1.9632867574691772 1.5479785203933716
256 3.5978267192840576 3.210988759994507 2.8713784217834473 3.0097055435180664 1.726401448249817 1.2021101713180542
257 3.743258476257324 3.3822154998779297 3.045294761657715 3.091161012649536 2.097088575363159 1.2272135019302368
258 3.6769652366638184 3.258765697479248 2.954336643218994 2.9633469581604004 2.0460331439971924 1.3151134252548218
259 3.8653054237365723 3.4981579780578613 2.937669277191162 3.2092864513397217 1.824609398841858 1.279157280921936
260 4.383417129516602 4.135637283325195 3.2210803031921387 3.9619193077087402 2.181865692138672 1.0662147998809814
261 4.047735691070557 3.7209346294403076 3.0576512813568115 3.8640153408050537 2.3877878189086914 1.341098666191101
262 4.146317958831787 3.78350830078125 3.311195135116577 3.848910093307495 2.6499860286712646 1.291464924812317
263 4.365174770355225 4.12813138961792 2.8841474056243896 4.15212345123291 2.11850905418396 1.1600143909454346
264 4.080519199371338 3.85764741897583 2.7251315116882324 4.2593207359313965 1.609039545059204 1.3792468309402466
265 4.75284481048584 4.614485740661621 2.942065477371216 4.473101615905762 1.9485117197036743 1.1725181341171265
266 4.554495811462402 4.22592830657959 2.986663341522217 4.493582725524902 2.431424140930176 1.4456392526626587
267 4.586214065551758 4.354944229125977 2.978835105895996 4.61851167678833 2.094855785369873 1.3400450944900513
268 4.303574562072754 4.05326509475708 3.017169713973999 4.311187267303467 1.535449504852295 1.2888132333755493
269 4.226339817047119 4.014471530914307 3.1444826126098633 4.404897689819336 1.7699652910232544 0.9621583819389343
270 4.588522911071777 4.3545098304748535 3.2782764434814453 4.551807403564453 2.507153034210205 1.4777512550354004
271 5.033178329467773 4.873183250427246 2.9617419242858887 4.468862056732178 1.9765201807022095 1.4913082122802734
272 5.010229110717773 4.873532772064209 2.9898884296417236 4.47969388961792 1.4465526342391968 1.47854483127594
273 4.542355060577393 4.274418354034424 2.727962017059326 4.074941635131836 1.4101122617721558 1.348644733428955
274 4.650963306427002 4.4309611320495605 2.5884597301483154 4.411530494689941 1.4822325706481934 1.8085386753082275
275 4.643133163452148 4.419258117675781 2.598482131958008 4.684936046600342 1.3436466455459595 1.8817213773727417
276 4.972493648529053 4.829998016357422 2.6158652305603027 4.743168354034424 1.534942865371704 1.397037386894226
277 4.367218494415283 4.1669602394104 2.646042823791504 4.579545497894287 1.3392963409423828 1.3171234130859375
278 4.5280585289001465 4.257363796234131 2.5181682109832764 4.425371170043945 1.561255931854248 1.359576940536499
279 4.697907447814941 4.520666599273682 2.809016704559326 4.834836483001709 1.8448898792266846 1.6440123319625854
280 4.552308082580566 4.319729804992676 2.7021520137786865 4.942485332489014 1.7430968284606934 1.8540853261947632
281 4.510141849517822 4.248729228973389 2.9210939407348633 4.714827537536621 1.8193836212158203 2.1296186447143555
282 4.594106197357178 4.415281295776367 2.722787618637085 4.6468377113342285 1.3464558124542236 2.046302556991577
283 4.944958209991455 4.7610764503479 2.8115575313568115 4.698750972747803 1.5902339220046997 1.9126213788986206
284 5.0197553634643555 4.871326923370361 2.8587353229522705 4.54466438293457 1.5483886003494263 1.6511225700378418
285 4.322388172149658 4.049965858459473 2.4457385540008545 4.5131072998046875 1.5733129978179932 2.1572093963623047
286 4.538053035736084 4.263051509857178 2.570464849472046 4.479872703552246 1.8261044025421143 2.1558995246887207
287 4.442110061645508 4.209987163543701 2.4682066440582275 4.7122602462768555 1.5711383819580078 2.1379237174987793
288 4.803147315979004 4.538492202758789 2.5271098613739014 4.610848903656006 1.5771722793579102 2.1944243907928467
289 4.725627422332764 4.5558366775512695 2.752652406692505 4.373170852661133 1.712410807609558 2.0781288146972656
290 4.499301910400391 4.324605941772461 2.6921918392181396 4.2347493171691895 1.7621880769729614 1.5885670185089111
291 4.220825672149658 4.002115726470947 2.4937639236450195 4.1982421875 1.314012050628662 1.5471240282058716
292 4.375522136688232 4.0669026374816895 2.623568534851074 4.171681880950928 1.678039312362671 1.7637706995010376
293 4.815025329589844 4.603024959564209 2.5960421562194824 4.472288608551025 1.8701781034469604 1.7431166172027588
294 4.678634166717529 4.449650764465332 2.7843594551086426 4.375693321228027 1.8768099546432495 1.880079984664917
295 4.915531635284424 4.725286960601807 2.7102773189544678 4.1619648933410645 1.9361004829406738 1.545854926109314
296 5.242534637451172 5.111461639404297 2.9178214073181152 4.363987922668457 1.7286187410354614 1.681412696838379
297 4.347265720367432 4.140130996704102 2.962557315826416 4.366692066192627 1.9905344247817993 1.2127714157104492
298 5.072425842285156 4.902404308319092 2.6313700675964355 4.515471458435059 1.4286504983901978 1.408851146697998
299 4.695051193237305 4.454693794250488 2.8333001136779785 4.291712760925293 1.879554271697998 1.6683708429336548
300 4.707588195800781 4.5522284507751465 3.141104221343994 4.367030620574951 1.9882975816726685 1.4477382898330688
301 4.830103874206543 4.725974082946777 2.8480935096740723 4.225400447845459 1.6631386280059814 1.4315239191055298
302 4.467607498168945 4.2260966300964355 2.991504192352295 3.9352242946624756 2.1768198013305664 1.5198055505752563
303 4.5031890869140625 4.286247730255127 3.193803548812866 4.033777713775635 1.997260332107544 1.427916169166565
304 4.6769022941589355 4.442295551300049 2.9213335514068604 4.298042297363281 2.0921409130096436 1.5307813882827759
305 4.243983268737793 3.8697540760040283 2.7770309448242188 3.9519190788269043 1.836483359336853 1.664677619934082
306 4.382124900817871 4.060285568237305 2.794414758682251 4.37208890914917 1.8448814153671265 1.743275761604309
307 4.398987293243408 4.175194263458252 2.627448797225952 4.566559314727783 1.7290199995040894 1.533737063407898
308 5.104976654052734 4.9842376708984375 2.6239426136016846 4.816225051879883 1.6876024007797241 1.8333358764648438
309 4.66154670715332 4.510673522949219 2.988818883895874 4.559584140777588 2.260918140411377 1.8797558546066284
310 4.696906089782715 4.590192794799805 3.0343177318573 4.39211893081665 1.4347803592681885 1.5454360246658325
311 4.370839595794678 4.1928582191467285 3.13352632522583 4.583600997924805 2.008899211883545 1.8414742946624756
312 4.638615131378174 4.453152656555176 3.292011260986328 4.768002033233643 2.246371030807495 1.9188529253005981
313 4.878447532653809 4.75650691986084 3.461270809173584 4.481681823730469 2.504885673522949 1.4166803359985352
314 4.976236343383789 4.825164318084717 3.105956554412842 4.393982410430908 2.0326857566833496 1.5891144275665283
315 4.601833820343018 4.412634372711182 3.3384158611297607 4.210585117340088 2.0568687915802 1.643896222114563
316 4.74868631362915 4.574578285217285 3.2046241760253906 4.2816338539123535 2.052112579345703 1.325136661529541
317 5.043999671936035 4.853143215179443 3.0666866302490234 4.592100143432617 1.9580658674240112 1.5854778289794922
318 4.331913471221924 4.102831840515137 3.1694886684417725 4.395364284515381 1.9441848993301392 1.5819544792175293
319 4.3303117752075195 4.08992862701416 3.1981754302978516 4.339029788970947 2.209074020385742 1.9276092052459717
320 4.65456485748291 4.471109867095947 3.278137445449829 4.509034156799316 2.081163167953491 1.344537377357483
321 4.461906909942627 4.2245588302612305 3.2367751598358154 4.5367751121521 2.2582736015319824 1.7088215351104736
322 4.302797794342041 4.062649726867676 3.2680163383483887 4.1909637451171875 2.154536485671997 1.3498667478561401
323 4.368528842926025 4.078427791595459 3.1302762031555176 4.377486228942871 2.201390027999878 1.6188697814941406
324 4.318148136138916 3.9683961868286133 3.326622724533081 3.211138963699341 2.14888334274292 1.3571765422821045
325 4.462671756744385 4.2014851570129395 3.224860906600952 3.8704092502593994 2.159029722213745 1.8560985326766968
326 4.538134574890137 4.253634452819824 3.3084940910339355 4.169475078582764 2.037302017211914 1.670299768447876
327 4.968862533569336 4.8209686279296875 3.2304022312164307 4.270831108093262 2.0981252193450928 1.6264451742172241
328 4.922894477844238 4.773494243621826 3.3259239196777344 4.1788859367370605 2.236631155014038 1.4810646772384644
329 4.011601448059082 3.7000858783721924 3.123297929763794 3.9363434314727783 2.009958267211914 1.7032727003097534
330 4.740039348602295 4.5349507331848145 3.113806962966919 3.700207471847534 1.941367745399475 1.54120671749115
331 4.927126407623291 4.740316390991211 3.2153947353363037 3.9488439559936523 1.8853964805603027 1.3170039653778076
332 4.602527618408203 4.440610408782959 3.020416736602783 4.32271671295166 1.5845669507980347 1.3492203950881958
333 4.72922945022583 4.544020652770996 3.1454687118530273 4.164858818054199 1.929931640625 1.4604004621505737
334 4.539414405822754 4.403432846069336 3.1308398246765137 4.180533409118652 1.6956645250320435 1.244886040687561
335 5.306509971618652 5.199978828430176 3.379413604736328 4.073038101196289 2.3212552070617676 1.4182394742965698
336 5.025577068328857 4.880186080932617 2.9730172157287598 4.146707534790039 1.9277026653289795 1.287015676498413
337 5.917263507843018 5.862173557281494 3.579130172729492 4.174633502960205 2.007636070251465 1.498133659362793
338 4.931630611419678 4.747530460357666 2.9054226875305176 4.0074357986450195 1.520772099494934 1.5836105346679688
339 5.013939380645752 4.881535053253174 3.2879087924957275 3.9407997131347656 1.6530946493148804 1.3411372900009155
340 4.8131022453308105 4.673697471618652 3.2328646183013916 4.266166687011719 1.7021673917770386 1.6269009113311768
341 4.769721031188965 4.556711673736572 3.0601484775543213 4.185805797576904 1.7622454166412354 1.7005431652069092
342 5.358458042144775 5.238252639770508 3.321098804473877 4.493638038635254 1.8581596612930298 1.5959336757659912
343 5.214478492736816 4.999641418457031 3.093686819076538 4.3558878898620605 1.615336537361145 1.5261874198913574
344 5.333538055419922 5.191632270812988 3.4202334880828857 4.35836935043335 2.091815710067749 1.57356595993042
345 5.345422267913818 5.219866752624512 3.237687587738037 4.048633098602295 1.7296183109283447 1.4643528461456299
346 5.278888702392578 5.128345489501953 3.2713239192962646 3.877354621887207 1.6954224109649658 1.7125904560089111
347 5.798743724822998 5.703952312469482 3.3560798168182373 3.863529920578003 1.7702271938323975 1.4811142683029175
348 5.4135355949401855 5.2636494636535645 3.228677749633789 4.244929790496826 1.7836171388626099 1.609573483467102
349 4.924946308135986 4.783359527587891 2.781705141067505 4.217043399810791 1.4360631704330444 1.5182163715362549
350 4.503573894500732 4.300060749053955 3.052374839782715 4.266684055328369 1.6361762285232544 1.6186068058013916
351 5.038337230682373 4.865304946899414 2.9853675365448 4.395138263702393 1.6081162691116333 1.371750831604004
352 4.569876194000244 4.380195617675781 2.9981799125671387 4.54918909072876 1.5507068634033203 1.504855751991272
353 4.4129791259765625 4.2266154289245605 3.2060866355895996 4.3170976638793945 1.6705795526504517 1.7005559206008911
354 4.768531799316406 4.546073913574219 3.350466728210449 3.9986202716827393 1.8622779846191406 1.5354664325714111
355 4.476823806762695 4.249186992645264 2.801037549972534 3.9198877811431885 1.2175865173339844 1.434116244316101
356 4.563506126403809 4.345253944396973 3.3224124908447266 3.3752636909484863 1.467515468597412 1.4621118307113647
357 4.306049346923828 4.037934303283691 3.1918954849243164 3.1550540924072266 1.4910651445388794 1.4639955759048462
358 4.560630798339844 4.243324279785156 3.1538872718811035 3.4295356273651123 1.8566291332244873 1.6251710653305054
359 4.494499683380127 4.210099697113037 3.138354539871216 3.6036367416381836 1.9624719619750977 1.3530746698379517
360 4.596324443817139 4.3293986320495605 3.2832438945770264 3.4392518997192383 1.7523784637451172 1.310407042503357
361 4.506167411804199 4.22625732421875 3.2998385429382324 3.4967777729034424 1.8142045736312866 1.2939627170562744
362 4.221889972686768 3.872006893157959 3.1457672119140625 3.491983652114868 1.7734949588775635 1.6646006107330322
363 4.286864280700684 3.947845220565796 3.3311593532562256 3.3650784492492676 1.9722270965576172 1.4930548667907715
364 4.862482070922852 4.58164644241333 3.5140655040740967 3.594668388366699 1.943511962890625 1.7731444835662842
365 4.188969612121582 3.8748912811279297 3.132354974746704 3.433403253555298 1.6107701063156128 1.7416086196899414
366 4.736161231994629 4.51177453994751 3.254645824432373 4.374775409698486 1.6594374179840088 1.3399252891540527
367 4.717381477355957 4.502946853637695 3.1775991916656494 4.241644382476807 1.708409309387207 1.422943353652954
368 4.933191299438477 4.708215713500977 3.4619686603546143 4.601921558380127 1.8834888935089111 1.6208900213241577
369 4.969701766967773 4.7630228996276855 3.1311638355255127 4.096484184265137 1.5164403915405273 1.396975040435791
370 4.82096529006958 4.559011459350586 3.3912711143493652 4.250940322875977 1.897040843963623 1.6205767393112183
371 4.576257228851318 4.274086952209473 3.2978708744049072 4.128842353820801 1.831994652748108 1.590526819229126
372 5.204434871673584 4.9753570556640625 3.398460626602173 3.8515608310699463 1.8953050374984741 1.5299949645996094
373 4.941221237182617 4.719931602478027 3.2058563232421875 4.456061840057373 1.6834319829940796 1.4945837259292603
374 4.808852195739746 4.633516311645508 3.3416342735290527 4.63386344909668 1.3877185583114624 1.2803678512573242
375 4.757770538330078 4.5751519203186035 3.2675442695617676 4.204626083374023 1.5655804872512817 1.1483060121536255
376 4.591211795806885 4.399484634399414 3.28084135055542 4.142552375793457 1.4940465688705444 1.5291179418563843
377 4.696842670440674 4.54857873916626 3.284849166870117 4.809906959533691 1.6355454921722412 1.4077000617980957
378 4.583497047424316 4.391013145446777 3.416696310043335 4.612198829650879 1.550154209136963 1.444059133529663
379 4.49343204498291 4.260822296142578 3.4714112281799316 4.239609718322754 1.435010313987732 1.7541825771331787
380 4.799980163574219 4.6045756340026855 3.34002423286438 4.274178981781006 1.645981788635254 2.021289110183716
381 4.576067924499512 4.3496527671813965 3.329286575317383 4.122409820556641 1.8436833620071411 1.7486330270767212
382 4.538053512573242 4.327541828155518 3.0912280082702637 4.130402565002441 1.289747953414917 1.514259934425354
383 4.720792770385742 4.545417308807373 3.212233304977417 4.374475955963135 1.5204087495803833 1.6571333408355713
384 5.244528293609619 5.124033451080322 3.7482972145080566 4.3254241943359375 1.8579859733581543 1.7476526498794556
385 4.9953460693359375 4.781545162200928 3.0937745571136475 4.433320045471191 1.596971035003662 1.5352686643600464
386 4.774738311767578 4.585827827453613 3.5599565505981445 4.169636249542236 1.6713371276855469 1.6541945934295654
387 4.518967151641846 4.241739749908447 3.006187677383423 4.1532182693481445 1.6537474393844604 1.7525908946990967
388 5.103557586669922 4.97055721282959 3.0511157512664795 4.576875686645508 1.5311232805252075 1.405434012413025
389 4.9311370849609375 4.795928955078125 2.9702823162078857 4.850216388702393 1.5939409732818604 1.6394712924957275
390 4.889496803283691 4.726284503936768 3.1338894367218018 4.678068161010742 1.4351625442504883 1.9112735986709595
391 4.964354991912842 4.791624546051025 3.049259662628174 4.421722412109375 1.4499109983444214 1.3540922403335571
392 4.639099597930908 4.421257972717285 2.8913052082061768 4.404343605041504 1.3689416646957397 1.8285959959030151
393 4.635798931121826 4.3955841064453125 2.764064073562622 4.67459774017334 1.5020365715026855 1.9903411865234375
394 4.934968948364258 4.723993301391602 2.921267032623291 4.90683650970459 1.8434442281723022 1.9818377494812012
395 4.8549017906188965 4.639217376708984 3.064540386199951 4.593703746795654 1.9796987771987915 1.6200087070465088
396 5.077011585235596 4.823268890380859 3.1586227416992188 4.613616943359375 2.4061033725738525 1.8162637948989868
397 4.770753860473633 4.557579040527344 2.8331663608551025 4.660208702087402 1.7215166091918945 2.0786619186401367
398 4.862103462219238 4.649684429168701 2.5017175674438477 4.380047798156738 1.4019221067428589 1.7745041847229004
399 4.827098846435547 4.630441665649414 2.659867525100708 4.439678192138672 1.7718397378921509 1.5508675575256348
400 4.825063705444336 4.586293697357178 2.780303716659546 4.3302693367004395 1.861582636833191 1.4148422479629517
401 4.674587249755859 4.377692222595215 2.465651512145996 4.386493682861328 1.5460364818572998 1.423171043395996
402 4.461121082305908 4.163347244262695 2.6377055644989014 4.3263702392578125 1.5415802001953125 1.5473413467407227
403 4.9804582595825195 4.7829108238220215 2.796433210372925 4.692787170410156 1.956443190574646 1.5860962867736816
404 5.052505970001221 4.885974884033203 2.7455925941467285 4.346595764160156 1.5541447401046753 1.2711765766143799
405 4.333395481109619 4.061348915100098 2.9283506870269775 4.030185222625732 1.6441009044647217 1.4886808395385742
406 4.638484001159668 4.438713550567627 2.832893133163452 4.274432182312012 1.7235465049743652 1.4435060024261475
407 4.988285541534424 4.8528900146484375 2.9441826343536377 4.680760860443115 1.840916395187378 1.5140210390090942
408 4.964134216308594 4.7898054122924805 2.7802958488464355 4.801934719085693 1.4730494022369385 1.7680095434188843
409 4.469377040863037 4.251870632171631 2.6818504333496094 4.597686290740967 1.6365245580673218 1.5603481531143188
410 5.076437473297119 4.866446018218994 2.5480470657348633 4.391003131866455 1.6008983850479126 1.47984778881073
411 4.8080244064331055 4.597950458526611 2.5773425102233887 4.706498622894287 1.7959654331207275 1.094383716583252
412 4.564484596252441 4.281719207763672 2.693977117538452 4.210309028625488 1.8962156772613525 1.3313167095184326
413 4.500100612640381 4.248530864715576 2.4759535789489746 4.496631622314453 1.7128461599349976 1.2386605739593506
414 4.648241996765137 4.388247013092041 2.5712356567382813 4.5254387855529785 1.9498519897460938 1.3225440979003906
415 4.855703353881836 4.6169939041137695 2.797823429107666 4.671327114105225 1.8626909255981445 1.2125431299209595
416 4.446839332580566 4.207045078277588 2.570239305496216 4.532100677490234 1.8771969079971313 1.4162254333496094
417 4.7111334800720215 4.475824356079102 2.9494519233703613 4.416468620300293 2.2382900714874268 1.3948475122451782
418 4.8699445724487305 4.5798773765563965 2.688203811645508 4.506655693054199 2.104588270187378 1.49524986743927
419 4.809345722198486 4.523159027099609 2.6596100330352783 4.467653751373291 2.076840877532959 1.1560298204421997
420 4.950160503387451 4.771439552307129 3.2041401863098145 4.531998634338379 1.9827992916107178 1.2578293085098267
421 4.69493293762207 4.483669757843018 2.939368724822998 4.648841381072998 1.8174725770950317 1.2698545455932617
