1 	 14.34720230102539
2 	 12.172282218933105
3 	 10.150934219360352
4 	 8.047622680664063
5 	 6.727114677429199
6 	 5.188212871551514
7 	 4.772634506225586
8 	 4.485729217529297
9 	 4.275582313537598
10 	 3.84384822845459
11 	 3.1933162212371826
12 	 3.154545783996582
13 	 3.1432743072509766
14 	 2.901862621307373
15 	 2.751718521118164
16 	 2.3315370082855225
17 	 1.844510555267334
18 	 2.084648847579956
19 	 1.9140515327453613
20 	 2.063101053237915
21 	 2.0983529090881348
22 	 1.6041725873947144
23 	 1.3527559041976929
24 	 1.345133900642395
25 	 1.5825992822647095
26 	 1.3885836601257324
27 	 1.7014974355697632
28 	 1.7861987352371216
29 	 1.481994390487671
30 	 1.4682615995407104
31 	 1.1812145709991455
32 	 1.0631539821624756
33 	 0.9302647709846497
34 	 1.1194391250610352
35 	 1.2011330127716064
36 	 1.0336406230926514
37 	 0.9621973633766174
38 	 1.0951542854309082
39 	 1.173245906829834
40 	 1.2296276092529297
41 	 1.0309197902679443
42 	 0.9592331051826477
43 	 1.1203160285949707
44 	 1.1320524215698242
45 	 0.9930601119995117
46 	 1.1075916290283203
47 	 1.2450257539749146
48 	 0.9778870344161987
49 	 0.8889400959014893
50 	 0.8017101287841797
51 	 1.0525397062301636
52 	 0.9975231885910034
53 	 0.968349039554596
54 	 0.7646459341049194
55 	 0.7894570827484131
56 	 0.8016080260276794
57 	 0.9021987318992615
58 	 0.8413052558898926
59 	 0.7220393419265747
60 	 0.8335521221160889
61 	 0.9831559062004089
62 	 1.014013409614563
63 	 1.036397933959961
64 	 1.1749231815338135
65 	 1.4943708181381226
66 	 1.5506936311721802
67 	 1.7293682098388672
68 	 1.8720722198486328
69 	 2.3348238468170166
70 	 2.830604314804077
71 	 2.995929002761841
72 	 2.8024587631225586
73 	 1.8530281782150269
74 	 1.313774824142456
75 	 1.0293691158294678
76 	 0.9759026765823364
77 	 0.7487215399742126
78 	 0.6320635676383972
79 	 0.5744569301605225
80 	 0.6394677758216858
81 	 0.6946136355400085
82 	 0.7624970078468323
83 	 0.7487581968307495
84 	 0.6834430694580078
85 	 0.7322697043418884
86 	 0.8083521723747253
87 	 0.7576390504837036
88 	 0.7549833059310913
89 	 0.8021267652511597
90 	 0.9036310315132141
91 	 0.8099233508110046
92 	 0.7871643304824829
93 	 0.884752631187439
94 	 0.9499964714050293
95 	 0.8860635161399841
96 	 0.8750076293945313
97 	 1.0341252088546753
98 	 1.1811749935150146
99 	 1.1060417890548706
100 	 1.1786772012710571
101 	 2.024261951446533
102 	 3.6820497512817383
103 	 2.1496193408966064
104 	 2.108097553253174
105 	 2.0387909412384033
106 	 2.0574753284454346
107 	 1.7787715196609497
108 	 1.305517554283142
109 	 0.8392896056175232
110 	 0.9669523239135742
111 	 0.9078839421272278
112 	 0.8832253813743591
113 	 1.0440571308135986
114 	 1.026593804359436
115 	 1.0902518033981323
116 	 1.294579267501831
117 	 1.1444385051727295
118 	 0.9751430749893188
119 	 1.2420140504837036
120 	 1.3987513780593872
121 	 1.7007172107696533
122 	 1.8646918535232544
123 	 1.888375163078308
124 	 1.417614221572876
125 	 1.585731863975525
126 	 1.8464936017990112
127 	 1.4056591987609863
128 	 1.0504456758499146
129 	 0.9264557361602783
130 	 0.9958127737045288
131 	 0.8404009342193604
132 	 0.6784586310386658
133 	 0.6039190888404846
134 	 0.5476994514465332
135 	 0.5101025104522705
136 	 0.5075358748435974
137 	 0.5210245847702026
138 	 0.5285671353340149
139 	 0.5582123398780823
140 	 0.6376921534538269
141 	 0.6552184820175171
142 	 0.8336425423622131
143 	 0.680073082447052
144 	 0.6509198546409607
145 	 0.6249958276748657
146 	 0.7837636470794678
147 	 0.8875811100006104
148 	 0.8569706082344055
149 	 0.6752975583076477
150 	 0.7393109202384949
151 	 0.7752838730812073
152 	 0.8215463161468506
153 	 0.7101512551307678
154 	 0.710163950920105
155 	 0.7741961479187012
156 	 0.7535277009010315
157 	 0.6822836399078369
158 	 0.7259598970413208
159 	 0.8091325163841248
160 	 0.8000859022140503
161 	 0.8298784494400024
162 	 0.9166843295097351
163 	 1.0426987409591675
164 	 1.0041457414627075
165 	 0.9647843837738037
166 	 1.1381888389587402
167 	 1.3501604795455933
168 	 1.4529950618743896
169 	 1.8426191806793213
170 	 2.272667646408081
171 	 2.2560606002807617
172 	 1.57172429561615
173 	 1.231000542640686
174 	 0.866094172000885
175 	 0.8408428430557251
176 	 0.7403026819229126
177 	 0.7218183279037476
178 	 0.7606909275054932
179 	 0.8711287975311279
180 	 1.0652843713760376
181 	 1.1826703548431396
182 	 1.403648853302002
183 	 2.0010204315185547
184 	 2.48116135597229
185 	 2.947633743286133
186 	 2.2489819526672363
187 	 1.7571707963943481
188 	 2.680931568145752
189 	 2.739931583404541
190 	 1.71836256980896
191 	 2.1440916061401367
192 	 2.9944751262664795
193 	 2.441383123397827
194 	 1.7538118362426758
195 	 1.1133661270141602
196 	 1.1072368621826172
197 	 1.0681593418121338
198 	 1.435140609741211
199 	 1.2323273420333862
200 	 1.3061213493347168
201 	 1.800693392753601
202 	 1.5633903741836548
203 	 1.493346929550171
204 	 1.3054872751235962
205 	 1.166575312614441
206 	 1.2619386911392212
207 	 1.3363606929779053
208 	 1.284386396408081
209 	 1.2428268194198608
210 	 1.100031852722168
211 	 1.0831197500228882
212 	 1.0220085382461548
213 	 0.926916241645813
214 	 0.9254031777381897
215 	 0.8627274632453918
216 	 0.7795956134796143
217 	 0.6857519745826721
218 	 0.6626801490783691
219 	 0.762555718421936
220 	 0.6590897440910339
221 	 0.6719793677330017
222 	 0.7692487835884094
223 	 0.9568785429000854
224 	 1.230466365814209
225 	 1.6006064414978027
226 	 1.3616414070129395
227 	 1.406061053276062
228 	 0.7572813630104065
229 	 0.6682094931602478
230 	 0.5657835006713867
231 	 0.5719582438468933
232 	 0.5440136790275574
233 	 0.6121433973312378
234 	 0.8102250695228577
235 	 0.6686158776283264
236 	 0.5703185200691223
237 	 0.5747518539428711
238 	 0.5432654023170471
239 	 0.5571033358573914
240 	 0.5588927865028381
241 	 0.5200912356376648
242 	 0.5622849464416504
243 	 0.6724602580070496
244 	 0.8745319247245789
245 	 1.0363693237304688
246 	 1.1002551317214966
247 	 1.0040713548660278
248 	 1.0396192073822021
249 	 0.7704756855964661
250 	 0.8176741003990173
251 	 0.8183304667472839
252 	 0.6724895238876343
253 	 0.6246668100357056
254 	 0.7410545945167542
255 	 0.7633815407752991
256 	 0.6673334240913391
257 	 0.7216206192970276
258 	 0.8235392570495605
259 	 0.7628320455551147
260 	 0.6363819241523743
261 	 0.7183977365493774
262 	 0.7597569227218628
263 	 0.7480782866477966
264 	 0.771213948726654
265 	 0.8669471144676208
266 	 0.8689405918121338
267 	 0.8637286424636841
268 	 0.9806626439094543
269 	 1.1277024745941162
270 	 1.1535757780075073
271 	 1.0530034303665161
272 	 0.8550856709480286
273 	 0.7337750196456909
274 	 0.5933257341384888
275 	 0.5971565842628479
276 	 0.6892186999320984
277 	 0.783378541469574
278 	 0.8823357820510864
279 	 0.8406318426132202
280 	 0.7025798559188843
281 	 0.6409255266189575
282 	 0.5752606391906738
283 	 0.566005527973175
284 	 0.5539854168891907
285 	 0.6659227013587952
286 	 0.6314002871513367
287 	 0.7007726430892944
288 	 0.7171587347984314
289 	 0.585351824760437
290 	 0.588089644908905
291 	 0.6152794361114502
292 	 0.6019647717475891
293 	 0.6019753813743591
294 	 0.5401448607444763
295 	 0.5234571099281311
296 	 0.5166351199150085
297 	 0.7566242218017578
298 	 0.7212594151496887
299 	 0.8703134059906006
300 	 0.9087460041046143
301 	 1.073629379272461
302 	 1.1195086240768433
303 	 1.4490501880645752
304 	 1.3555779457092285
305 	 1.181865930557251
306 	 1.294003963470459
307 	 1.5700777769088745
308 	 1.4867162704467773
309 	 1.705245018005371
310 	 1.5475859642028809
311 	 1.2669808864593506
312 	 1.3036980628967285
313 	 1.3451789617538452
314 	 1.1294981241226196
315 	 0.9762470722198486
316 	 1.1466033458709717
317 	 1.1719863414764404
318 	 1.0247968435287476
319 	 1.014848232269287
320 	 0.7865779995918274
321 	 0.8961334228515625
322 	 1.011117696762085
323 	 1.2819544076919556
324 	 1.709765076637268
325 	 2.6301662921905518
326 	 4.314479351043701
327 	 5.7801690101623535
328 	 6.9938435554504395
329 	 8.048863410949707
330 	 7.650838851928711
331 	 7.519040584564209
332 	 6.781494140625
333 	 5.247125625610352
334 	 3.2325398921966553
335 	 2.054889440536499
336 	 1.3278230428695679
337 	 1.0327774286270142
338 	 0.9544634222984314
339 	 0.7645071744918823
340 	 0.6447293758392334
341 	 0.6342597603797913
342 	 0.8149940371513367
343 	 0.8562110662460327
344 	 0.7162517309188843
345 	 0.7021332383155823
346 	 0.8090545535087585
347 	 0.6878219842910767
348 	 0.6420373916625977
349 	 0.5637297034263611
350 	 0.621623158454895
351 	 0.6438344120979309
352 	 0.5836684107780457
353 	 0.5503765940666199
354 	 0.6187927722930908
355 	 0.6682193875312805
356 	 0.6361379027366638
357 	 0.6738462448120117
358 	 0.699017345905304
359 	 0.7255483269691467
360 	 0.7586662769317627
361 	 0.8387616872787476
362 	 0.8477035760879517
363 	 0.849029004573822
364 	 0.9442941546440125
365 	 1.062922477722168
366 	 1.0552315711975098
367 	 1.177695631980896
368 	 1.404797911643982
369 	 1.4492403268814087
370 	 1.4929455518722534
371 	 1.7220791578292847
372 	 1.97430419921875
373 	 1.9763084650039673
374 	 1.836568832397461
375 	 1.743831753730774
376 	 1.4237534999847412
377 	 1.7026774883270264
378 	 1.7111722230911255
379 	 1.3450894355773926
380 	 1.3950238227844238
381 	 1.604716181755066
382 	 2.5208539962768555
383 	 3.617258310317993
384 	 4.997931957244873
