1 	 8.751388549804688
2 	 6.962839603424072
3 	 5.532833576202393
4 	 4.445394039154053
5 	 3.6892049312591553
6 	 2.6521596908569336
7 	 2.1228744983673096
8 	 1.8918628692626953
9 	 2.2263870239257813
10 	 2.363717794418335
11 	 1.8956295251846313
12 	 1.6619677543640137
13 	 1.8554662466049194
14 	 1.7655246257781982
15 	 1.6769431829452515
16 	 1.8874062299728394
17 	 1.7887901067733765
18 	 1.760904312133789
19 	 1.4949815273284912
20 	 1.6811585426330566
21 	 1.741796851158142
22 	 1.446027398109436
23 	 1.3748688697814941
24 	 1.4135375022888184
25 	 1.686705231666565
26 	 1.6871706247329712
27 	 2.308166980743408
28 	 2.6185927391052246
29 	 2.1308765411376953
30 	 1.726473093032837
31 	 1.3690441846847534
32 	 1.2145421504974365
33 	 1.0443339347839355
34 	 1.2534303665161133
35 	 1.399465799331665
36 	 1.1965681314468384
37 	 1.1104295253753662
38 	 1.2773687839508057
39 	 1.3312110900878906
40 	 1.3389657735824585
41 	 1.1150718927383423
42 	 1.0451911687850952
43 	 1.2022230625152588
44 	 1.159827470779419
45 	 0.9697700142860413
46 	 1.0915132761001587
47 	 1.281457781791687
48 	 1.0794135332107544
49 	 0.8889355063438416
50 	 0.791212797164917
51 	 1.1848018169403076
52 	 1.0826257467269897
53 	 0.9582240581512451
54 	 0.7149237394332886
55 	 0.7842881083488464
56 	 0.8240280151367188
57 	 0.9833565950393677
58 	 0.8838024735450745
59 	 0.713810384273529
60 	 0.8552311062812805
61 	 1.0610778331756592
62 	 1.1041070222854614
63 	 1.1779054403305054
64 	 1.3370118141174316
65 	 1.6963577270507813
66 	 2.1488680839538574
67 	 3.269327402114868
68 	 3.8763175010681152
69 	 3.9016976356506348
70 	 4.737636566162109
71 	 4.654605388641357
72 	 3.483515739440918
73 	 2.289550542831421
74 	 1.4813117980957031
75 	 1.1038519144058228
76 	 1.0173171758651733
77 	 0.8327751159667969
78 	 0.7151708602905273
79 	 0.6140573620796204
80 	 0.6360296010971069
81 	 0.6668115854263306
82 	 0.7983964085578918
83 	 0.757602334022522
84 	 0.6620962023735046
85 	 0.7274438738822937
86 	 0.7844087481498718
87 	 0.7218639254570007
88 	 0.735797643661499
89 	 0.7973930239677429
90 	 0.8886376619338989
91 	 0.8123804330825806
92 	 0.838958203792572
93 	 0.9778361320495605
94 	 1.0009024143218994
95 	 0.9783238768577576
96 	 1.1151933670043945
97 	 1.2641940116882324
98 	 1.3681001663208008
99 	 1.4055944681167603
100 	 1.6062475442886353
101 	 2.371995449066162
102 	 2.995290994644165
103 	 3.1353421211242676
104 	 3.2218899726867676
105 	 4.013546943664551
106 	 3.052233934402466
107 	 1.872971773147583
108 	 1.2341554164886475
109 	 0.8253018856048584
110 	 1.0378098487854004
111 	 1.0730522871017456
112 	 1.4197806119918823
113 	 1.3953880071640015
114 	 1.7691161632537842
115 	 2.5002353191375732
116 	 2.819880962371826
117 	 2.6327099800109863
118 	 2.4628725051879883
119 	 2.484874725341797
120 	 2.9269540309906006
121 	 3.880873441696167
122 	 4.005992412567139
123 	 2.1269478797912598
124 	 1.6049087047576904
125 	 1.8385428190231323
126 	 2.141242027282715
127 	 1.2648195028305054
128 	 0.9638199210166931
129 	 0.8844643235206604
130 	 1.0239249467849731
131 	 0.935508668422699
132 	 0.7892661690711975
133 	 0.7128010988235474
134 	 0.6869521141052246
135 	 0.6002877354621887
136 	 0.6055406928062439
137 	 0.6455870270729065
138 	 0.6004568934440613
139 	 0.6254056692123413
140 	 0.6815415024757385
141 	 0.7616155743598938
142 	 0.9446419477462769
143 	 0.737571120262146
144 	 0.6588006615638733
145 	 0.6443560719490051
146 	 0.751594603061676
147 	 0.8187171220779419
148 	 0.785589337348938
149 	 0.7204715013504028
150 	 0.8405587673187256
151 	 0.9199503064155579
152 	 0.9032617807388306
153 	 0.784820020198822
154 	 0.8135319948196411
155 	 0.8918729424476624
156 	 0.858493983745575
157 	 0.7788553237915039
158 	 0.8597776293754578
159 	 0.943576991558075
160 	 0.876761257648468
161 	 0.857016921043396
162 	 0.9276115298271179
163 	 1.0142595767974854
164 	 0.9644293189048767
165 	 0.8842137455940247
166 	 1.0307525396347046
167 	 1.1930053234100342
168 	 1.1666256189346313
169 	 1.4446816444396973
170 	 1.6172113418579102
171 	 1.556829571723938
172 	 1.1385221481323242
173 	 0.9959266185760498
174 	 0.8408118486404419
175 	 0.9196904897689819
176 	 0.7868404388427734
177 	 0.8348933458328247
178 	 0.9490723609924316
179 	 1.05635666847229
180 	 1.2962545156478882
181 	 1.7071043252944946
182 	 1.8064143657684326
183 	 2.543968915939331
184 	 3.0736806392669678
185 	 3.6376655101776123
186 	 2.734726667404175
187 	 2.126431941986084
188 	 3.1166393756866455
189 	 3.0163285732269287
190 	 1.8301416635513306
191 	 2.3338944911956787
192 	 3.0335350036621094
193 	 2.184483528137207
194 	 1.6825298070907593
195 	 1.108033537864685
196 	 1.3443584442138672
197 	 1.4059739112854004
198 	 1.8284350633621216
199 	 1.4854010343551636
200 	 1.4224324226379395
201 	 1.8208402395248413
202 	 1.6440086364746094
203 	 1.622617244720459
204 	 1.5492547750473022
205 	 1.3614097833633423
206 	 1.3757953643798828
207 	 1.5458464622497559
208 	 1.57900869846344
209 	 1.4173864126205444
210 	 1.3409030437469482
211 	 1.3172208070755005
212 	 1.259727954864502
213 	 1.3265236616134644
214 	 1.2800575494766235
215 	 1.1869616508483887
216 	 1.1277328729629517
217 	 0.9234340190887451
218 	 0.8016819953918457
219 	 0.8183648586273193
220 	 0.7222447395324707
221 	 0.6935032606124878
222 	 0.7285881638526917
223 	 0.8170050382614136
224 	 1.0363600254058838
225 	 1.2108030319213867
226 	 1.0522445440292358
227 	 1.0329679250717163
228 	 0.7057651877403259
229 	 0.6843041181564331
230 	 0.6202219724655151
231 	 0.6269077062606812
232 	 0.6224773526191711
233 	 0.703879177570343
234 	 0.9305890798568726
235 	 0.8172038197517395
236 	 0.717094898223877
237 	 0.5956395268440247
238 	 0.5891949534416199
239 	 0.5831010341644287
240 	 0.5631395578384399
241 	 0.6143715977668762
242 	 0.6919134855270386
243 	 0.8337425589561462
244 	 1.0299664735794067
245 	 1.1765720844268799
246 	 1.4045689105987549
247 	 1.1147537231445313
248 	 1.3480454683303833
249 	 1.0597981214523315
250 	 1.1099536418914795
251 	 1.0182942152023315
252 	 0.7951382398605347
253 	 0.7674164772033691
254 	 0.9129853248596191
255 	 0.8696091175079346
256 	 0.728574275970459
257 	 0.8060535788536072
258 	 0.8238577842712402
259 	 0.7405307292938232
260 	 0.6852508783340454
261 	 0.7563598155975342
262 	 0.7462005615234375
263 	 0.7438017725944519
264 	 0.7681372165679932
265 	 0.8654359579086304
266 	 0.851665198802948
267 	 0.8359048962593079
268 	 0.9588841795921326
269 	 1.0998097658157349
270 	 1.1538481712341309
271 	 1.0775082111358643
272 	 0.8549476265907288
273 	 0.7995290756225586
274 	 0.6687278747558594
275 	 0.6842010021209717
276 	 0.7943149209022522
277 	 0.8884174227714539
278 	 1.0142595767974854
279 	 0.9760887622833252
280 	 0.8148332238197327
281 	 0.7509976625442505
282 	 0.6768368482589722
283 	 0.6394256949424744
284 	 0.6808578372001648
285 	 0.7845153212547302
286 	 0.8284085392951965
287 	 0.8335262537002563
288 	 1.2047449350357056
289 	 0.8875930309295654
290 	 0.830202043056488
291 	 0.8285729289054871
292 	 0.8189716935157776
293 	 0.8742001056671143
294 	 0.6581721901893616
295 	 0.6946043968200684
296 	 0.6544651985168457
297 	 0.8066466450691223
298 	 0.7114903926849365
299 	 0.8856346607208252
300 	 0.8762575387954712
301 	 0.9966488480567932
302 	 1.0875896215438843
303 	 1.5721358060836792
304 	 1.3590792417526245
305 	 1.221028208732605
306 	 1.3810114860534668
307 	 1.6050008535385132
308 	 1.59415602684021
309 	 2.055253505706787
310 	 1.9775899648666382
311 	 1.4890327453613281
312 	 1.570934534072876
313 	 1.6642866134643555
314 	 1.36868155002594
315 	 1.1046221256256104
316 	 1.287435531616211
317 	 1.3194990158081055
318 	 1.0970951318740845
319 	 1.0229005813598633
320 	 0.8549779057502747
321 	 1.0021922588348389
322 	 1.2352064847946167
323 	 1.602001428604126
324 	 3.0609824657440186
325 	 5.516427993774414
326 	 7.4651713371276855
327 	 9.46813678741455
328 	 11.031173706054688
329 	 10.538734436035156
330 	 9.292510986328125
331 	 8.318553924560547
332 	 6.974913597106934
333 	 5.36679220199585
334 	 3.4643213748931885
335 	 1.5884946584701538
336 	 1.2423388957977295
337 	 1.0676288604736328
338 	 0.9962393045425415
339 	 0.8223562836647034
340 	 0.7092060446739197
341 	 0.6478054523468018
342 	 0.9042438864707947
343 	 0.8722332715988159
344 	 0.7987460494041443
345 	 0.7795547842979431
346 	 0.880462110042572
347 	 0.8262544870376587
348 	 0.7833554148674011
349 	 0.6852784752845764
350 	 0.804780900478363
351 	 0.8443349599838257
352 	 0.7316004633903503
353 	 0.6820006966590881
354 	 0.7676571011543274
355 	 0.8314540982246399
356 	 0.7350300550460815
357 	 0.7362638711929321
358 	 0.8534817099571228
359 	 0.840851902961731
360 	 0.7956386804580688
361 	 0.894652247428894
362 	 0.9358132481575012
363 	 0.9127694368362427
364 	 0.9579300284385681
365 	 1.1180505752563477
366 	 1.168848991394043
367 	 1.2800273895263672
368 	 1.4508508443832397
369 	 1.5202882289886475
370 	 1.5942399501800537
371 	 1.7904525995254517
372 	 2.0308518409729004
373 	 2.0972156524658203
374 	 1.9339334964752197
375 	 1.9265072345733643
376 	 1.6337140798568726
377 	 1.975296139717102
378 	 2.0006532669067383
379 	 1.5905296802520752
380 	 1.6251639127731323
381 	 1.7681293487548828
382 	 2.51678466796875
383 	 3.865081310272217
384 	 5.632156848907471
