# Gaussian distribution
# mean (nm) = 2.5
# sigma (nm) = 0.37
# columns: x_nm	pdf
1.020000	3.617033128781e-04
1.022960	3.734530515846e-04
1.025920	3.855597976534e-04
1.028880	3.980335499560e-04
1.031840	4.108845595779e-04
1.034800	4.241233353122e-04
1.037760	4.377606492464e-04
1.040720	4.518075424436e-04
1.043680	4.662753307196e-04
1.046640	4.811756105163e-04
1.049600	4.965202648715e-04
1.052560	5.123214694871e-04
1.055520	5.285916988955e-04
1.058480	5.453437327259e-04
1.061440	5.625906620695e-04
1.064400	5.803458959469e-04
1.067360	5.986231678755e-04
1.070320	6.174365425397e-04
1.073280	6.368004225636e-04
1.076240	6.567295553872e-04
1.079200	6.772390402456e-04
1.082160	6.983443352534e-04
1.085120	7.200612645936e-04
1.088080	7.424060258117e-04
1.091040	7.653951972157e-04
1.094000	7.890457453823e-04
1.096960	8.133750327695e-04
1.099920	8.384008254360e-04
1.102880	8.641413008678e-04
1.105840	8.906150559125e-04
1.108800	9.178411148207e-04
1.111760	9.458389373953e-04
1.114720	9.746284272492e-04
1.117680	1.004229940170e-03
1.120640	1.034664292594e-03
1.123600	1.065952770187e-03
1.126560	1.098117136533e-03
1.129520	1.131179641933e-03
1.132480	1.165163032307e-03
1.135440	1.200090558210e-03
1.138400	1.235985983946e-03
1.141360	1.272873596798e-03
1.144320	1.310778216361e-03
1.147280	1.349725203977e-03
1.150240	1.389740472282e-03
1.153200	1.430850494851e-03
1.156160	1.473082315957e-03
1.159120	1.516463560421e-03
1.162080	1.561022443576e-03
1.165040	1.606787781326e-03
1.168000	1.653789000307e-03
1.170960	1.702056148153e-03
1.173920	1.751619903853e-03
1.176880	1.802511588209e-03
1.179840	1.854763174399e-03
1.182800	1.908407298616e-03
1.185760	1.963477270823e-03
1.188720	2.020007085583e-03
1.191680	2.078031432989e-03
1.194640	2.137585709681e-03
1.197600	2.198706029951e-03
1.200560	2.261429236930e-03
1.203520	2.325792913867e-03
1.206480	2.391835395479e-03
1.209440	2.459595779389e-03
1.212400	2.529113937642e-03
1.215360	2.600430528285e-03
1.218320	2.673587007037e-03
1.221280	2.748625639013e-03
1.224240	2.825589510527e-03
1.227200	2.904522540956e-03
1.230160	2.985469494664e-03
1.233120	3.068475992992e-03
1.236080	3.153588526294e-03
1.239040	3.240854466039e-03
1.242000	3.330322076954e-03
1.244960	3.422040529215e-03
1.247920	3.516059910684e-03
1.250880	3.612431239183e-03
1.253840	3.711206474810e-03
1.256800	3.812438532274e-03
1.259760	3.916181293275e-03
1.262720	4.022489618894e-03
1.265680	4.131419362014e-03
1.268640	4.243027379748e-03
1.271600	4.357371545884e-03
1.274560	4.474510763336e-03
1.277520	4.594504976593e-03
1.280480	4.717415184173e-03
1.283440	4.843303451063e-03
1.286400	4.972232921147e-03
1.289360	5.104267829621e-03
1.292320	5.239473515382e-03
1.295280	5.377916433384e-03
1.298240	5.519664166971e-03
1.301200	5.664785440157e-03
1.304160	5.813350129872e-03
1.307120	5.965429278150e-03
1.310080	6.121095104261e-03
1.313040	6.280421016779e-03
1.316000	6.443481625581e-03
1.318960	6.610352753766e-03
1.321920	6.781111449496e-03
1.324880	6.955835997743e-03
1.327840	7.134605931936e-03
1.330800	7.317502045515e-03
1.333760	7.504606403361e-03
1.336720	7.696002353113e-03
1.339680	7.891774536365e-03
1.342640	8.092008899715e-03
1.345600	8.296792705689e-03
1.348560	8.506214543503e-03
1.351520	8.720364339679e-03
1.354480	8.939333368483e-03
1.357440	9.163214262201e-03
1.360400	9.392101021230e-03
1.363360	9.626089023974e-03
1.366320	9.865275036549e-03
1.369280	1.010975722227e-02
1.372240	1.035963515095e-02
1.375200	1.061500980790e-02
1.378160	1.087598360282e-02
1.381120	1.114266037831e-02
1.384080	1.141514541820e-02
1.387040	1.169354545566e-02
1.390000	1.197796868091e-02
1.392960	1.226852474878e-02
1.395920	1.256532478590e-02
1.398880	1.286848139760e-02
1.401840	1.317810867453e-02
1.404800	1.349432219895e-02
1.407760	1.381723905063e-02
1.410720	1.414697781249e-02
1.413680	1.448365857585e-02
1.416640	1.482740294529e-02
1.419600	1.517833404322e-02
1.422560	1.553657651394e-02
1.425520	1.590225652744e-02
1.428480	1.627550178269e-02
1.431440	1.665644151059e-02
1.434400	1.704520647639e-02
1.437360	1.744192898184e-02
1.440320	1.784674286669e-02
1.443280	1.825978350989e-02
1.446240	1.868118783023e-02
1.449200	1.911109428654e-02
1.452160	1.954964287735e-02
1.455120	1.999697514011e-02
1.458080	2.045323414985e-02
1.461040	2.091856451727e-02
1.464000	2.139311238643e-02
1.466960	2.187702543171e-02
1.469920	2.237045285435e-02
1.472880	2.287354537833e-02
1.475840	2.338645524574e-02
1.478800	2.390933621145e-02
1.481760	2.444234353730e-02
1.484720	2.498563398556e-02
1.487680	2.553936581180e-02
1.490640	2.610369875715e-02
1.493600	2.667879403987e-02
1.496560	2.726481434625e-02
1.499520	2.786192382086e-02
1.502480	2.847028805612e-02
1.505440	2.909007408110e-02
1.508400	2.972145034974e-02
1.511360	3.036458672823e-02
1.514320	3.101965448171e-02
1.517280	3.168682626025e-02
1.520240	3.236627608402e-02
1.523200	3.305817932778e-02
1.526160	3.376271270451e-02
1.529120	3.448005424832e-02
1.532080	3.521038329654e-02
1.535040	3.595388047102e-02
1.538000	3.671072765861e-02
1.540960	3.748110799081e-02
1.543920	3.826520582261e-02
1.546880	3.906320671048e-02
1.549840	3.987529738951e-02
1.552800	4.070166574967e-02
1.555760	4.154250081125e-02
1.558720	4.239799269937e-02
1.561680	4.326833261768e-02
1.564640	4.415371282106e-02
1.567600	4.505432658752e-02
1.570560	4.597036818914e-02
1.573520	4.690203286214e-02
1.576480	4.784951677593e-02
1.579440	4.881301700138e-02
1.582400	4.979273147801e-02
1.585360	5.078885898033e-02
1.588320	5.180159908322e-02
1.591280	5.283115212630e-02
1.594240	5.387771917744e-02
1.597200	5.494150199520e-02
1.600160	5.602270299040e-02
1.603120	5.712152518662e-02
1.606080	5.823817217985e-02
1.609040	5.937284809701e-02
1.612000	6.052575755363e-02
1.614960	6.169710561045e-02
1.617920	6.288709772906e-02
1.620880	6.409593972658e-02
1.623840	6.532383772930e-02
1.626800	6.657099812536e-02
1.629760	6.783762751643e-02
1.632720	6.912393266839e-02
1.635680	7.043012046104e-02
1.638640	7.175639783678e-02
1.641600	7.310297174833e-02
1.644560	7.447004910544e-02
1.647520	7.585783672065e-02
1.650480	7.726654125399e-02
1.653440	7.869636915679e-02
1.656400	8.014752661444e-02
1.659360	8.162021948820e-02
1.662320	8.311465325607e-02
1.665280	8.463103295263e-02
1.668240	8.616956310798e-02
1.671200	8.773044768567e-02
1.674160	8.931389001977e-02
1.677120	9.092009275090e-02
1.680080	9.254925776140e-02
1.683040	9.420158610953e-02
1.686000	9.587727796279e-02
1.688960	9.757653253032e-02
1.691920	9.929954799440e-02
1.694880	1.010465214411e-01
1.697840	1.028176487899e-01
1.700800	1.046131247229e-01
1.703760	1.064331426123e-01
1.706720	1.082778944482e-01
1.709680	1.101475707647e-01
1.712640	1.120423605653e-01
1.715600	1.139624512480e-01
1.718560	1.159080285292e-01
1.721520	1.178792763666e-01
1.724480	1.198763768823e-01
1.727440	1.218995102841e-01
1.730400	1.239488547866e-01
1.733360	1.260245865319e-01
1.736320	1.281268795087e-01
1.739280	1.302559054719e-01
1.742240	1.324118338607e-01
1.745200	1.345948317164e-01
1.748160	1.368050635997e-01
1.751120	1.390426915073e-01
1.754080	1.413078747880e-01
1.757040	1.436007700581e-01
1.760000	1.459215311167e-01
1.762960	1.482703088603e-01
1.765920	1.506472511966e-01
1.768880	1.530525029588e-01
1.771840	1.554862058184e-01
1.774800	1.579484981985e-01
1.777760	1.604395151863e-01
1.780720	1.629593884453e-01
1.783680	1.655082461278e-01
1.786640	1.680862127860e-01
1.789600	1.706934092843e-01
1.792560	1.733299527101e-01
1.795520	1.759959562851e-01
1.798480	1.786915292768e-01
1.801440	1.814167769090e-01
1.804400	1.841718002731e-01
1.807360	1.869566962386e-01
1.810320	1.897715573644e-01
1.813280	1.926164718096e-01
1.816240	1.954915232443e-01
1.819200	1.983967907612e-01
1.822160	2.013323487865e-01
1.825120	2.042982669913e-01
1.828080	2.072946102036e-01
1.831040	2.103214383202e-01
1.834000	2.133788062186e-01
1.836960	2.164667636699e-01
1.839920	2.195853552515e-01
1.842880	2.227346202606e-01
1.845840	2.259145926280e-01
1.848800	2.291253008325e-01
1.851760	2.323667678152e-01
1.854720	2.356390108956e-01
1.857680	2.389420416870e-01
1.860640	2.422758660137e-01
1.863600	2.456404838278e-01
1.866560	2.490358891277e-01
1.869520	2.524620698767e-01
1.872480	2.559190079229e-01
1.875440	2.594066789198e-01
1.878400	2.629250522472e-01
1.881360	2.664740909344e-01
1.884320	2.700537515829e-01
1.887280	2.736639842914e-01
1.890240	2.773047325807e-01
1.893200	2.809759333210e-01
1.896160	2.846775166590e-01
1.899120	2.884094059475e-01
1.902080	2.921715176752e-01
1.905040	2.959637613985e-01
1.908000	2.997860396742e-01
1.910960	3.036382479940e-01
1.913920	3.075202747199e-01
1.916880	3.114320010214e-01
1.919840	3.153733008146e-01
1.922800	3.193440407016e-01
1.925760	3.233440799130e-01
1.928720	3.273732702511e-01
1.931680	3.314314560351e-01
1.934640	3.355184740477e-01
1.937600	3.396341534840e-01
1.940560	3.437783159020e-01
1.943520	3.479507751745e-01
1.946480	3.521513374436e-01
1.949440	3.563798010766e-01
1.952400	3.606359566243e-01
1.955360	3.649195867809e-01
1.958320	3.692304663461e-01
1.961280	3.735683621893e-01
1.964240	3.779330332163e-01
1.967200	3.823242303374e-01
1.970160	3.867416964383e-01
1.973120	3.911851663531e-01
1.976080	3.956543668393e-01
1.979040	4.001490165559e-01
1.982000	4.046688260426e-01
1.984960	4.092134977026e-01
1.987920	4.137827257871e-01
1.990880	4.183761963826e-01
1.993840	4.229935874004e-01
1.996800	4.276345685686e-01
1.999760	4.322988014273e-01
2.002720	4.369859393255e-01
2.005680	4.416956274208e-01
2.008640	4.464275026826e-01
2.011600	4.511811938965e-01
2.014560	4.559563216728e-01
2.017520	4.607524984565e-01
2.020480	4.655693285413e-01
2.023440	4.704064080850e-01
2.026400	4.752633251288e-01
2.029360	4.801396596189e-01
2.032320	4.850349834308e-01
2.035280	4.899488603970e-01
2.038240	4.948808463369e-01
2.041200	4.998304890900e-01
2.044160	5.047973285521e-01
2.047120	5.097808967139e-01
2.050080	5.147807177031e-01
2.053040	5.197963078290e-01
2.056000	5.248271756303e-01
2.058960	5.298728219260e-01
2.061920	5.349327398689e-01
2.064880	5.400064150021e-01
2.067840	5.450933253192e-01
2.070800	5.501929413264e-01
2.073760	5.553047261083e-01
2.076720	5.604281353969e-01
2.079680	5.655626176427e-01
2.082640	5.707076140897e-01
2.085600	5.758625588533e-01
2.088560	5.810268790003e-01
2.091520	5.861999946331e-01
2.094480	5.913813189762e-01
2.097440	5.965702584658e-01
2.100400	6.017662128426e-01
2.103360	6.069685752470e-01
2.106320	6.121767323180e-01
2.109280	6.173900642946e-01
2.112240	6.226079451202e-01
2.115200	6.278297425496e-01
2.118160	6.330548182601e-01
2.121120	6.382825279634e-01
2.124080	6.435122215229e-01
2.127040	6.487432430712e-01
2.130000	6.539749311328e-01
2.132960	6.592066187480e-01
2.135920	6.644376336001e-01
2.138880	6.696672981456e-01
2.141840	6.748949297464e-01
2.144800	6.801198408057e-01
2.147760	6.853413389057e-01
2.150720	6.905587269480e-01
2.153680	6.957713032973e-01
2.156640	7.009783619268e-01
2.159600	7.061791925664e-01
2.162560	7.113730808537e-01
2.165520	7.165593084873e-01
2.168480	7.217371533817e-01
2.171440	7.269058898261e-01
2.174400	7.320647886442e-01
2.177360	7.372131173564e-01
2.180320	7.423501403452e-01
2.183280	7.474751190218e-01
2.186240	7.525873119950e-01
2.189200	7.576859752422e-01
2.192160	7.627703622831e-01
2.195120	7.678397243542e-01
2.198080	7.728933105860e-01
2.201040	7.779303681819e-01
2.204000	7.829501425986e-01
2.206960	7.879518777290e-01
2.209920	7.929348160860e-01
2.212880	7.978981989878e-01
2.215840	8.028412667461e-01
2.218800	8.077632588539e-01
2.221760	8.126634141766e-01
2.224720	8.175409711427e-01
2.227680	8.223951679376e-01
2.230640	8.272252426969e-01
2.233600	8.320304337023e-01
2.236560	8.368099795779e-01
2.239520	8.415631194874e-01
2.242480	8.462890933327e-01
2.245440	8.509871419535e-01
2.248400	8.556565073267e-01
2.251360	8.602964327683e-01
2.254320	8.649061631340e-01
2.257280	8.694849450222e-01
2.260240	8.740320269759e-01
2.263200	8.785466596867e-01
2.266160	8.830280961978e-01
2.269120	8.874755921081e-01
2.272080	8.918884057760e-01
2.275040	8.962657985240e-01
2.278000	9.006070348427e-01
2.280960	9.049113825954e-01
2.283920	9.091781132218e-01
2.286880	9.134065019427e-01
2.289840	9.175958279632e-01
2.292800	9.217453746766e-01
2.295760	9.258544298672e-01
2.298720	9.299222859131e-01
2.301680	9.339482399878e-01
2.304640	9.379315942624e-01
2.307600	9.418716561053e-01
2.310560	9.457677382828e-01
2.313520	9.496191591575e-01
2.316480	9.534252428868e-01
2.319440	9.571853196196e-01
2.322400	9.608987256919e-01
2.325360	9.645648038220e-01
2.328320	9.681829033033e-01
2.331280	9.717523801967e-01
2.334240	9.752725975207e-01
2.337200	9.787429254408e-01
2.340160	9.821627414567e-01
2.343120	9.855314305881e-01
2.346080	9.888483855586e-01
2.349040	9.921130069781e-01
2.352000	9.953247035225e-01
2.354960	9.984828921126e-01
2.357920	1.001586998090e+00
2.360880	1.004636455391e+00
2.363840	1.007630706718e+00
2.366800	1.010569203711e+00
2.369760	1.013451407113e+00
2.372720	1.016276786934e+00
2.375680	1.019044822616e+00
2.378640	1.021755003192e+00
2.381600	1.024406827440e+00
2.384560	1.026999804041e+00
2.387520	1.029533451730e+00
2.390480	1.032007299444e+00
2.393440	1.034420886468e+00
2.396400	1.036773762577e+00
2.399360	1.039065488179e+00
2.402320	1.041295634448e+00
2.405280	1.043463783461e+00
2.408240	1.045569528326e+00
2.411200	1.047612473311e+00
2.414160	1.049592233966e+00
2.417120	1.051508437247e+00
2.420080	1.053360721629e+00
2.423040	1.055148737222e+00
2.426000	1.056872145880e+00
2.428960	1.058530621309e+00
2.431920	1.060123849171e+00
2.434880	1.061651527178e+00
2.437840	1.063113365193e+00
2.440800	1.064509085320e+00
2.443760	1.065838421992e+00
2.446720	1.067101122055e+00
2.449680	1.068296944847e+00
2.452640	1.069425662279e+00
2.455600	1.070487058902e+00
2.458560	1.071480931978e+00
2.461520	1.072407091547e+00
2.464480	1.073265360482e+00
2.467440	1.074055574550e+00
2.470400	1.074777582464e+00
2.473360	1.075431245928e+00
2.476320	1.076016439684e+00
2.479280	1.076533051552e+00
2.482240	1.076980982464e+00
2.485200	1.077360146499e+00
2.488160	1.077670470906e+00
2.491120	1.077911896130e+00
2.494080	1.078084375831e+00
2.497040	1.078187876899e+00
2.500000	1.078222379463e+00
2.502960	1.078187876899e+00
2.505920	1.078084375831e+00
2.508880	1.077911896130e+00
2.511840	1.077670470906e+00
2.514800	1.077360146499e+00
2.517760	1.076980982464e+00
2.520720	1.076533051552e+00
2.523680	1.076016439684e+00
2.526640	1.075431245928e+00
2.529600	1.074777582464e+00
2.532560	1.074055574550e+00
2.535520	1.073265360482e+00
2.538480	1.072407091547e+00
2.541440	1.071480931978e+00
2.544400	1.070487058902e+00
2.547360	1.069425662279e+00
2.550320	1.068296944847e+00
2.553280	1.067101122055e+00
2.556240	1.065838421992e+00
2.559200	1.064509085320e+00
2.562160	1.063113365193e+00
2.565120	1.061651527178e+00
2.568080	1.060123849171e+00
2.571040	1.058530621309e+00
2.574000	1.056872145880e+00
2.576960	1.055148737222e+00
2.579920	1.053360721629e+00
2.582880	1.051508437247e+00
2.585840	1.049592233966e+00
2.588800	1.047612473311e+00
2.591760	1.045569528326e+00
2.594720	1.043463783461e+00
2.597680	1.041295634448e+00
2.600640	1.039065488179e+00
2.603600	1.036773762577e+00
2.606560	1.034420886468e+00
2.609520	1.032007299444e+00
2.612480	1.029533451730e+00
2.615440	1.026999804041e+00
2.618400	1.024406827440e+00
2.621360	1.021755003192e+00
2.624320	1.019044822616e+00
2.627280	1.016276786934e+00
2.630240	1.013451407113e+00
2.633200	1.010569203711e+00
2.636160	1.007630706718e+00
2.639120	1.004636455391e+00
2.642080	1.001586998090e+00
2.645040	9.984828921126e-01
2.648000	9.953247035225e-01
2.650960	9.921130069781e-01
2.653920	9.888483855586e-01
2.656880	9.855314305881e-01
2.659840	9.821627414567e-01
2.662800	9.787429254408e-01
2.665760	9.752725975207e-01
2.668720	9.717523801967e-01
2.671680	9.681829033033e-01
2.674640	9.645648038220e-01
2.677600	9.608987256919e-01
2.680560	9.571853196196e-01
2.683520	9.534252428868e-01
2.686480	9.496191591575e-01
2.689440	9.457677382828e-01
2.692400	9.418716561053e-01
2.695360	9.379315942624e-01
2.698320	9.339482399878e-01
2.701280	9.299222859131e-01
2.704240	9.258544298672e-01
2.707200	9.217453746766e-01
2.710160	9.175958279632e-01
2.713120	9.134065019427e-01
2.716080	9.091781132218e-01
2.719040	9.049113825954e-01
2.722000	9.006070348427e-01
2.724960	8.962657985240e-01
2.727920	8.918884057760e-01
2.730880	8.874755921081e-01
2.733840	8.830280961978e-01
2.736800	8.785466596867e-01
2.739760	8.740320269759e-01
2.742720	8.694849450222e-01
2.745680	8.649061631340e-01
2.748640	8.602964327683e-01
2.751600	8.556565073267e-01
2.754560	8.509871419535e-01
2.757520	8.462890933327e-01
2.760480	8.415631194874e-01
2.763440	8.368099795779e-01
2.766400	8.320304337023e-01
2.769360	8.272252426969e-01
2.772320	8.223951679376e-01
2.775280	8.175409711427e-01
2.778240	8.126634141766e-01
2.781200	8.077632588539e-01
2.784160	8.028412667461e-01
2.787120	7.978981989878e-01
2.790080	7.929348160860e-01
2.793040	7.879518777290e-01
2.796000	7.829501425986e-01
2.798960	7.779303681819e-01
2.801920	7.728933105860e-01
2.804880	7.678397243542e-01
2.807840	7.627703622831e-01
2.810800	7.576859752422e-01
2.813760	7.525873119950e-01
2.816720	7.474751190218e-01
2.819680	7.423501403452e-01
2.822640	7.372131173564e-01
2.825600	7.320647886442e-01
2.828560	7.269058898261e-01
2.831520	7.217371533817e-01
2.834480	7.165593084873e-01
2.837440	7.113730808537e-01
2.840400	7.061791925664e-01
2.843360	7.009783619268e-01
2.846320	6.957713032973e-01
2.849280	6.905587269480e-01
2.852240	6.853413389057e-01
2.855200	6.801198408057e-01
2.858160	6.748949297464e-01
2.861120	6.696672981456e-01
2.864080	6.644376336001e-01
2.867040	6.592066187480e-01
2.870000	6.539749311328e-01
2.872960	6.487432430712e-01
2.875920	6.435122215229e-01
2.878880	6.382825279634e-01
2.881840	6.330548182601e-01
2.884800	6.278297425496e-01
2.887760	6.226079451202e-01
2.890720	6.173900642946e-01
2.893680	6.121767323180e-01
2.896640	6.069685752470e-01
2.899600	6.017662128426e-01
2.902560	5.965702584658e-01
2.905520	5.913813189762e-01
2.908480	5.861999946331e-01
2.911440	5.810268790003e-01
2.914400	5.758625588533e-01
2.917360	5.707076140897e-01
2.920320	5.655626176427e-01
2.923280	5.604281353969e-01
2.926240	5.553047261083e-01
2.929200	5.501929413264e-01
2.932160	5.450933253192e-01
2.935120	5.400064150021e-01
2.938080	5.349327398689e-01
2.941040	5.298728219260e-01
2.944000	5.248271756303e-01
2.946960	5.197963078290e-01
2.949920	5.147807177031e-01
2.952880	5.097808967139e-01
2.955840	5.047973285521e-01
2.958800	4.998304890900e-01
2.961760	4.948808463369e-01
2.964720	4.899488603970e-01
2.967680	4.850349834308e-01
2.970640	4.801396596189e-01
2.973600	4.752633251288e-01
2.976560	4.704064080850e-01
2.979520	4.655693285413e-01
2.982480	4.607524984565e-01
2.985440	4.559563216728e-01
2.988400	4.511811938965e-01
2.991360	4.464275026826e-01
2.994320	4.416956274208e-01
2.997280	4.369859393255e-01
3.000240	4.322988014273e-01
3.003200	4.276345685686e-01
3.006160	4.229935874004e-01
3.009120	4.183761963826e-01
3.012080	4.137827257871e-01
3.015040	4.092134977026e-01
3.018000	4.046688260426e-01
3.020960	4.001490165559e-01
3.023920	3.956543668393e-01
3.026880	3.911851663531e-01
3.029840	3.867416964383e-01
3.032800	3.823242303374e-01
3.035760	3.779330332163e-01
3.038720	3.735683621893e-01
3.041680	3.692304663461e-01
3.044640	3.649195867809e-01
3.047600	3.606359566243e-01
3.050560	3.563798010766e-01
3.053520	3.521513374436e-01
3.056480	3.479507751745e-01
3.059440	3.437783159020e-01
3.062400	3.396341534840e-01
3.065360	3.355184740477e-01
3.068320	3.314314560351e-01
3.071280	3.273732702511e-01
3.074240	3.233440799130e-01
3.077200	3.193440407016e-01
3.080160	3.153733008146e-01
3.083120	3.114320010214e-01
3.086080	3.075202747199e-01
3.089040	3.036382479940e-01
3.092000	2.997860396742e-01
3.094960	2.959637613985e-01
3.097920	2.921715176752e-01
3.100880	2.884094059475e-01
3.103840	2.846775166590e-01
3.106800	2.809759333210e-01
3.109760	2.773047325807e-01
3.112720	2.736639842914e-01
3.115680	2.700537515829e-01
3.118640	2.664740909344e-01
3.121600	2.629250522472e-01
3.124560	2.594066789198e-01
3.127520	2.559190079229e-01
3.130480	2.524620698767e-01
3.133440	2.490358891277e-01
3.136400	2.456404838278e-01
3.139360	2.422758660137e-01
3.142320	2.389420416870e-01
3.145280	2.356390108956e-01
3.148240	2.323667678152e-01
3.151200	2.291253008325e-01
3.154160	2.259145926280e-01
3.157120	2.227346202606e-01
3.160080	2.195853552515e-01
3.163040	2.164667636699e-01
3.166000	2.133788062186e-01
3.168960	2.103214383202e-01
3.171920	2.072946102036e-01
3.174880	2.042982669913e-01
3.177840	2.013323487865e-01
3.180800	1.983967907612e-01
3.183760	1.954915232443e-01
3.186720	1.926164718096e-01
3.189680	1.897715573644e-01
3.192640	1.869566962386e-01
3.195600	1.841718002731e-01
3.198560	1.814167769090e-01
3.201520	1.786915292768e-01
3.204480	1.759959562851e-01
3.207440	1.733299527101e-01
3.210400	1.706934092843e-01
3.213360	1.680862127860e-01
3.216320	1.655082461278e-01
3.219280	1.629593884453e-01
3.222240	1.604395151863e-01
3.225200	1.579484981985e-01
3.228160	1.554862058184e-01
3.231120	1.530525029588e-01
3.234080	1.506472511966e-01
3.237040	1.482703088603e-01
3.240000	1.459215311167e-01
3.242960	1.436007700581e-01
3.245920	1.413078747880e-01
3.248880	1.390426915073e-01
3.251840	1.368050635997e-01
3.254800	1.345948317164e-01
3.257760	1.324118338607e-01
3.260720	1.302559054719e-01
3.263680	1.281268795087e-01
3.266640	1.260245865319e-01
3.269600	1.239488547866e-01
3.272560	1.218995102841e-01
3.275520	1.198763768823e-01
3.278480	1.178792763666e-01
3.281440	1.159080285292e-01
3.284400	1.139624512480e-01
3.287360	1.120423605653e-01
3.290320	1.101475707647e-01
3.293280	1.082778944482e-01
3.296240	1.064331426123e-01
3.299200	1.046131247229e-01
3.302160	1.028176487899e-01
3.305120	1.010465214411e-01
3.308080	9.929954799440e-02
3.311040	9.757653253032e-02
3.314000	9.587727796279e-02
3.316960	9.420158610953e-02
3.319920	9.254925776140e-02
3.322880	9.092009275090e-02
3.325840	8.931389001977e-02
3.328800	8.773044768567e-02
3.331760	8.616956310798e-02
3.334720	8.463103295263e-02
3.337680	8.311465325607e-02
3.340640	8.162021948820e-02
3.343600	8.014752661444e-02
3.346560	7.869636915679e-02
3.349520	7.726654125399e-02
3.352480	7.585783672065e-02
3.355440	7.447004910544e-02
3.358400	7.310297174833e-02
3.361360	7.175639783678e-02
3.364320	7.043012046104e-02
3.367280	6.912393266839e-02
3.370240	6.783762751643e-02
3.373200	6.657099812536e-02
3.376160	6.532383772930e-02
3.379120	6.409593972658e-02
3.382080	6.288709772906e-02
3.385040	6.169710561045e-02
3.388000	6.052575755363e-02
3.390960	5.937284809701e-02
3.393920	5.823817217985e-02
3.396880	5.712152518662e-02
3.399840	5.602270299040e-02
3.402800	5.494150199520e-02
3.405760	5.387771917744e-02
3.408720	5.283115212630e-02
3.411680	5.180159908322e-02
3.414640	5.078885898033e-02
3.417600	4.979273147801e-02
3.420560	4.881301700138e-02
3.423520	4.784951677593e-02
3.426480	4.690203286214e-02
3.429440	4.597036818914e-02
3.432400	4.505432658752e-02
3.435360	4.415371282106e-02
3.438320	4.326833261768e-02
3.441280	4.239799269937e-02
3.444240	4.154250081125e-02
3.447200	4.070166574967e-02
3.450160	3.987529738951e-02
3.453120	3.906320671048e-02
3.456080	3.826520582261e-02
3.459040	3.748110799081e-02
3.462000	3.671072765861e-02
3.464960	3.595388047102e-02
3.467920	3.521038329654e-02
3.470880	3.448005424832e-02
3.473840	3.376271270451e-02
3.476800	3.305817932778e-02
3.479760	3.236627608402e-02
3.482720	3.168682626025e-02
3.485680	3.101965448171e-02
3.488640	3.036458672823e-02
3.491600	2.972145034974e-02
3.494560	2.909007408110e-02
3.497520	2.847028805612e-02
3.500480	2.786192382086e-02
3.503440	2.726481434625e-02
3.506400	2.667879403987e-02
3.509360	2.610369875715e-02
3.512320	2.553936581180e-02
3.515280	2.498563398556e-02
3.518240	2.444234353730e-02
3.521200	2.390933621145e-02
3.524160	2.338645524574e-02
3.527120	2.287354537833e-02
3.530080	2.237045285435e-02
3.533040	2.187702543171e-02
3.536000	2.139311238643e-02
3.538960	2.091856451727e-02
3.541920	2.045323414985e-02
3.544880	1.999697514011e-02
3.547840	1.954964287735e-02
3.550800	1.911109428654e-02
3.553760	1.868118783023e-02
3.556720	1.825978350989e-02
3.559680	1.784674286669e-02
3.562640	1.744192898184e-02
3.565600	1.704520647639e-02
3.568560	1.665644151059e-02
3.571520	1.627550178269e-02
3.574480	1.590225652744e-02
3.577440	1.553657651394e-02
3.580400	1.517833404322e-02
3.583360	1.482740294529e-02
3.586320	1.448365857585e-02
3.589280	1.414697781249e-02
3.592240	1.381723905063e-02
3.595200	1.349432219895e-02
3.598160	1.317810867453e-02
3.601120	1.286848139760e-02
3.604080	1.256532478590e-02
3.607040	1.226852474878e-02
3.610000	1.197796868091e-02
3.612960	1.169354545566e-02
3.615920	1.141514541820e-02
3.618880	1.114266037831e-02
3.621840	1.087598360282e-02
3.624800	1.061500980790e-02
3.627760	1.035963515095e-02
3.630720	1.010975722227e-02
3.633680	9.865275036549e-03
3.636640	9.626089023974e-03
3.639600	9.392101021230e-03
3.642560	9.163214262201e-03
3.645520	8.939333368483e-03
3.648480	8.720364339679e-03
3.651440	8.506214543503e-03
3.654400	8.296792705689e-03
3.657360	8.092008899715e-03
3.660320	7.891774536365e-03
3.663280	7.696002353113e-03
3.666240	7.504606403361e-03
3.669200	7.317502045515e-03
3.672160	7.134605931936e-03
3.675120	6.955835997743e-03
3.678080	6.781111449496e-03
3.681040	6.610352753766e-03
3.684000	6.443481625581e-03
3.686960	6.280421016779e-03
3.689920	6.121095104261e-03
3.692880	5.965429278150e-03
3.695840	5.813350129872e-03
3.698800	5.664785440157e-03
3.701760	5.519664166971e-03
3.704720	5.377916433384e-03
3.707680	5.239473515382e-03
3.710640	5.104267829621e-03
3.713600	4.972232921147e-03
3.716560	4.843303451063e-03
3.719520	4.717415184173e-03
3.722480	4.594504976593e-03
3.725440	4.474510763336e-03
3.728400	4.357371545884e-03
3.731360	4.243027379748e-03
3.734320	4.131419362014e-03
3.737280	4.022489618894e-03
3.740240	3.916181293275e-03
3.743200	3.812438532274e-03
3.746160	3.711206474810e-03
3.749120	3.612431239183e-03
3.752080	3.516059910684e-03
3.755040	3.422040529215e-03
3.758000	3.330322076954e-03
3.760960	3.240854466039e-03
3.763920	3.153588526294e-03
3.766880	3.068475992992e-03
3.769840	2.985469494664e-03
3.772800	2.904522540956e-03
3.775760	2.825589510527e-03
3.778720	2.748625639013e-03
3.781680	2.673587007037e-03
3.784640	2.600430528285e-03
3.787600	2.529113937642e-03
3.790560	2.459595779389e-03
3.793520	2.391835395479e-03
3.796480	2.325792913867e-03
3.799440	2.261429236930e-03
3.802400	2.198706029951e-03
3.805360	2.137585709681e-03
3.808320	2.078031432989e-03
3.811280	2.020007085583e-03
3.814240	1.963477270823e-03
3.817200	1.908407298616e-03
3.820160	1.854763174399e-03
3.823120	1.802511588209e-03
3.826080	1.751619903853e-03
3.829040	1.702056148153e-03
3.832000	1.653789000307e-03
3.834960	1.606787781326e-03
3.837920	1.561022443576e-03
3.840880	1.516463560421e-03
3.843840	1.473082315957e-03
3.846800	1.430850494851e-03
3.849760	1.389740472282e-03
3.852720	1.349725203977e-03
3.855680	1.310778216361e-03
3.858640	1.272873596798e-03
3.861600	1.235985983946e-03
3.864560	1.200090558210e-03
3.867520	1.165163032307e-03
3.870480	1.131179641933e-03
3.873440	1.098117136533e-03
3.876400	1.065952770187e-03
3.879360	1.034664292594e-03
3.882320	1.004229940170e-03
3.885280	9.746284272492e-04
3.888240	9.458389373953e-04
3.891200	9.178411148207e-04
3.894160	8.906150559125e-04
3.897120	8.641413008678e-04
3.900080	8.384008254360e-04
3.903040	8.133750327695e-04
3.906000	7.890457453823e-04
3.908960	7.653951972157e-04
3.911920	7.424060258117e-04
3.914880	7.200612645936e-04
3.917840	6.983443352534e-04
3.920800	6.772390402456e-04
3.923760	6.567295553872e-04
3.926720	6.368004225636e-04
3.929680	6.174365425397e-04
3.932640	5.986231678755e-04
3.935600	5.803458959469e-04
3.938560	5.625906620695e-04
3.941520	5.453437327259e-04
3.944480	5.285916988955e-04
3.947440	5.123214694871e-04
3.950400	4.965202648715e-04
3.953360	4.811756105163e-04
3.956320	4.662753307196e-04
3.959280	4.518075424436e-04
3.962240	4.377606492464e-04
3.965200	4.241233353123e-04
3.968160	4.108845595779e-04
3.971120	3.980335499560e-04
3.974080	3.855597976534e-04
3.977040	3.734530515846e-04
3.980000	3.617033128781e-04
