0 3.9199791644874766
1 4.522734014898894
2 3.8600294499711048
3 3.1660781873826016
4 4.010889846939189
5 3.4720413386020694
6 1.7877778263053556
7 4.39288170098645
8 3.9424672987662928
9 4.604805041850321
10 3.140389624005598
11 3.730328188079707
12 2.225499435613074
13 5.016794289891571
14 5.641319212742138
15 5.1739754685510695
16 3.996533970882553
17 3.9965874811702653
18 2.439908290977242
19 2.969633132545247
20 3.491812452403992
21 3.0271024480573825
22 2.500807584874083
23 3.192134706371255
24 3.733479801451788
25 4.102516579938624
26 2.3370593706906853
27 5.426085893241084
28 2.801155551219175
29 3.9486386634350743
30 3.38442853800783
31 3.5597860021081056
32 4.714488162004877
33 4.2343301794619626
34 3.8987973118161796
35 2.4084936967532355
36 2.8243316018495306
37 3.077465687305992
38 4.752442190682879
39 3.526650646341892
40 5.94151062635906
41 4.18024119841122
42 4.015129030524407
43 2.665728811760575
44 3.9921827475660376
45 3.178121284466189
46 2.296891537464242
47 4.335397923903121
48 4.365387371399389
49 2.5781217021783593
50 5.491030715437819
51 2.343741023477711
52 5.401908918494872
53 5.642810990777811
54 4.243384068063187
55 5.304040533361017
56 7.202950595615825
57 6.155920195116851
58 5.088029747838317
59 4.2872083968590236
60 2.6218352023323237
61 3.03823071355665
62 2.4146911674174585
63 3.8421131082325326
64 4.5673874072986305
65 3.645421928570078
66 5.220477709488908
67 3.782660786689973
68 4.619939401919049
69 5.616958001182636
70 3.908352934098401
71 4.714788281325171
72 5.732267427644155
73 3.223754995379083
74 5.174265373219228
75 4.893365205643113
76 4.281817460090117
77 4.461471779408512
78 4.371999812309551
79 5.860217565932165
80 3.9994072055332093
81 6.729384950465932
82 5.798125199952166
83 3.602756774799328
84 5.779046216238067
85 4.188796355613344
86 2.153798850581726
87 4.660850381383046
88 4.337153297639411
89 1.5459139217083613
90 5.214700048489859
91 5.368575867642367
92 6.190886112154964
93 5.486403419618436
94 4.060555617240927
95 4.627188170846662
96 4.784480100266575
97 4.456832051375876
98 4.001635295595366
99 4.2311960206650205
100 4.7114803623662596
101 5.742965043392948
102 3.829155495943718
103 4.930614920524932
104 5.267782652207332
105 4.724035742846503
106 3.743505140733702
107 5.210837284295807
108 4.688960672747403
109 4.471425826370589
110 3.1697056999694975
111 3.5411332633799337
112 4.328541526809966
113 2.2872130407317615
114 2.5552054095481544
115 4.096256579209349
116 5.693137770712452
117 4.619563163240792
118 5.879674716735217
119 6.687591839344241
120 6.300199267363222
121 5.654191036220076
122 5.642537609904887
123 5.196481297734732
124 4.957793432998363
125 7.6211630123825325
126 3.42648774455889
127 4.139579275111708
128 1.505281240758572
129 5.959877479710975
130 7.218509652183886
131 6.310902865219443
132 6.136006762539643
133 5.98362404239329
134 4.9250896936303885
135 3.203145900227221
136 5.52132274677597
137 4.131321364089082
138 5.164719337473407
139 5.273928102652899
140 1.574016881686228
141 4.700153217175604
142 6.136857594800978
143 3.822058794322125
144 5.1391182531629855
145 2.352749765482822
146 5.304634754928161
147 4.744028810713674
148 6.6240923790119
149 5.96654929881815
150 4.342423806785037
151 4.912263974082902
152 4.091177666842839
153 3.5667411310929378
154 4.574453958758902
155 6.740864415329001
156 3.527611947018238
157 4.464509362544866
158 6.375666509642888
159 3.7810359809163523
160 3.8192270555376817
161 4.765595405305221
162 4.437182186570403
163 5.7256504580468635
164 5.106861595354456
165 5.129086403656233
166 4.827695085535063
167 3.174084203689096
168 5.988662750784864
169 4.440487818641867
170 5.5246582420038175
171 4.622798052517201
172 6.232892492739426
173 3.6723025550228168
174 5.4680929892229395
175 7.114780142258499
176 4.995081580951738
177 5.777648925643432
178 4.8065859081916935
179 6.498481805682456
180 6.107627930033649
181 4.934250464402743
182 4.407142419811245
183 5.316309832906544
184 2.8512148278169733
185 4.911899103667457
186 7.048786422130407
187 6.257465023716382
188 6.002402847626802
189 5.736657119196353
190 5.465242165399119
191 5.343376262162788
192 4.049199113386399
193 5.33300497284197
194 6.470564464830321
195 1.5146470489700612
196 3.51825134671757
197 2.923804564366615
198 4.881033366369803
199 4.4108975276733435
200 2.289093054210717
201 5.525751293708413
202 1.619513618611318
203 3.6052640842727435
204 3.278997626263668
205 4.5921053381528845
206 5.355298403302688
207 4.392597887661211
208 2.687844855960564
209 4.39300100820306
210 5.436681393362731
211 5.623186788574611
212 6.066274007494837
213 4.820510902999996
214 3.3060142712356164
215 4.85649382824306
216 5.676569872677633
217 5.256051797619937
218 3.411600827405625
219 6.702995530783434
220 2.635627035188214
221 5.24665694142862
222 6.345161921280823
223 2.9531806090441703
224 5.583605804691906
225 6.395633550085833
226 5.033363754202907
227 4.496999197169223
228 4.956355016456506
229 5.027359771780691
230 4.171476227135356
231 4.940911956032215
232 6.315858798445528
233 6.4400701802313
234 5.822528852202427
235 4.8292183481379505
236 6.9712469303538125
237 5.629436633316484
238 2.6209222638434038
239 3.4765891395475514
240 3.0070060619143066
241 5.553441568205508
242 5.878677797160617
243 3.2931830795081054
244 5.160066257038522
245 5.159736149370116
246 3.9205550574694947
247 5.340494230685105
248 3.820099078061061
249 6.283010227009045
250 4.123677790921593
251 4.294641790113458
252 6.02739236091141
253 4.202438135849802
254 5.62370341506679
255 4.994087892863697
256 6.45864771979766
257 5.027980078571422
258 7.0693844986558805
259 6.500626864031669
260 4.381197174738427
261 3.6663544051758765
262 2.2056414088533822
263 3.8856915116625
264 3.0030057742031406
265 5.448274433405391
266 7.179140641928484
267 4.059288199546492
268 4.546122708345507
269 3.8875892159398644
270 5.029245187059833
271 3.2054487758698023
272 4.190050412724132
273 4.973476583629122
274 5.892694592079808
275 6.69810066607405
276 5.4634432620116025
277 6.085825277265449
278 5.8136927109035
279 6.641311246751724
280 6.5978659768627885
281 4.416569394253704
282 3.8842518663037713
283 5.491760547661449
284 5.281261134970003
285 5.988124216492087
286 5.804439380259449
287 6.089460315043615
288 5.036343306477655
289 5.497733642628225
290 5.107998445150346
291 5.238018514753504
292 5.4840718765780885
293 4.167084825934381
294 2.7159944358978803
295 4.961687070473483
296 3.570534501401646
297 4.888341560856319
298 6.319797402860056
299 5.003147992023655
300 5.958965736667342
301 2.7107841543401117
302 3.3149397386840866
303 6.131765395946626
304 4.782182430461536
305 4.462792019446119
306 4.437339846280192
307 4.193733147788389
308 4.970596266578735
309 4.153295111586715
310 5.607584270031894
311 6.2471013120646885
312 4.190696466140074
313 5.96261081605507
314 4.3277267797208285
315 5.863811448956066
316 2.7877629460075197
317 3.5639872075659342
318 6.032697380481823
319 6.2250233798771815
320 3.5849128148576046
321 4.640746630320193
322 4.875937539295787
323 4.730099943349757
324 5.172624011942155
325 5.142032293173363
326 5.547162558674815
327 4.502406235361749
328 3.807906125969758
329 2.594005884916221
330 4.3860543419292375
331 5.7824751386064905
332 4.81292495111419
333 6.498981694349473
334 3.231258011207705
335 3.3524235301552943
336 4.855309036061172
337 6.2834072191337
338 4.7124870149193745
339 5.280758641090905
340 5.725394088891677
341 6.01912377738509
342 3.8083420987524312
343 2.8641631292205703
344 6.104052321810514
345 4.911225804535209
346 4.593000179154809
347 1.6085166531385973
348 3.430913908731072
349 3.265937658870428
350 2.804589517640484
351 1.866280619725006
352 2.8299107024022314
353 2.7282989494839853
354 2.9919772211438387
355 3.7772645684774298
356 6.016071295411093
357 5.1520576836362535
358 3.3369844165230558
359 7.335171433285348
360 6.447786992625107
361 5.807745148022417
362 6.300694298024962
363 4.686581567480368
364 5.34993659291873
365 5.510289262197502
366 5.249785539188841
367 5.058658032014135
368 5.695062323516897
369 4.76103990011044
370 3.8012298438314542
371 3.5166572867595653
372 5.969446339335553
373 5.11950822941344
374 5.027705259275434
375 6.205991309260462
376 3.4411903703295317
377 1.3952920048025395
378 5.605932372737178
379 5.848023593002395
380 3.768346561471201
381 5.195494103658261
382 5.779678717280335
383 5.195385274705237
384 2.8571569768199705
385 4.148556733312545
386 5.448810193412521
387 4.532085715451662
388 4.758171874964998
389 4.491625433545588
390 4.021036019109679
391 3.7810774954902886
392 7.170962289188311
393 6.246746058455888
394 6.207553083457558
395 6.1679517972937115
396 7.042032798641532
397 5.514747544436155
398 5.108590352997009
399 6.6383977048493525
400 5.131954023801709
401 4.461246508154457
402 5.78517813953275
403 5.6160024766486485
404 6.773982129065121
405 5.718656158737947
406 4.465542515249876
407 5.073533908255506
408 5.762835632951483
409 3.8319358231511305
410 4.360192502437849
411 4.666685018836083
412 5.2418420126008884
413 5.462473279141365
414 6.005364055571374
415 5.50760661432461
416 5.900988302568166
417 3.4443212918312875
418 6.202278763873639
419 6.0021212601710285
420 5.6934901177221455
421 5.21695759175945
