0 2.020548910289043
1 5.688202594309332
2 4.275289771557847
3 4.495715629696248
4 3.5807884414829174
5 5.079166292014421
6 6.995280457805339
7 4.097157466255041
8 6.534814323796736
9 5.035166881102979
10 3.784949809752246
11 8.909752872261636
12 3.415116662851064
13 3.251042094050066
14 2.8058909193419868
15 3.413157894719755
16 5.397408272005154
17 3.7040681315771944
18 4.737602089353725
19 4.8636771904566345
20 3.197191148976466
21 3.627051565902412
22 4.454886947094328
23 7.988086357598689
24 9.259116600510716
25 7.927019830928862
26 7.7412753734249735
27 12.932173450607875
28 12.455817328994996
29 11.868890173659876
30 12.563450815796784
31 16.628371927280405
32 14.838305963378492
33 15.524925169153713
34 14.18910534394056
35 16.42478757240681
36 15.818794682785162
37 13.950769784702615
38 18.129512886434085
39 13.796737056921417
40 11.16771577278854
41 16.901794440114486
42 11.632246920953222
43 17.885150276385243
44 15.899587729871147
45 13.657221704957614
46 12.266082124678887
47 11.633542383170974
48 16.529965752928703
49 16.081693804409888
50 16.761748647626995
51 18.201208445865753
52 17.034002870368294
53 13.981138881848942
54 11.376758829642977
55 16.023442104125348
56 13.893730101579694
57 10.670105172594672
58 13.32856133930631
59 14.607314312120032
60 13.405727236664857
61 14.47222394049608
62 15.30853104257226
63 16.52765536196753
64 21.163145493939734
65 16.58538215848267
66 14.839389509821746
67 19.228824900931173
68 17.471335717833725
69 17.40778084943755
70 18.322071236252878
71 20.178334032061432
72 17.702185601725873
73 17.34212996908232
74 21.279796935679414
75 19.639908450193754
76 18.156383947879416
77 16.74296356512922
78 16.857119265335935
79 14.134238616496466
80 13.254063074039529
81 14.987904008681468
82 16.834701722132575
83 17.075927117046643
84 17.501392486149406
85 18.51667057928038
86 16.036940489541863
87 16.756588334302062
88 15.816031279077157
89 18.724557935240053
90 21.939785679571404
91 20.244591208503003
92 22.748211824278812
93 14.154706266197504
94 12.901698709247258
95 15.008501661794446
96 16.473798234707097
97 15.090276494077456
98 13.14910004053436
99 11.740129828919676
100 13.844133151657955
101 14.404447185085221
102 12.814854563408883
103 14.364593408204929
104 14.994191056462547
105 16.19791565431319
106 17.848121181478213
107 18.848471349893217
108 19.109889049142343
109 16.96691331853984
110 18.635871596077997
111 18.422243472390566
112 19.04156100846895
113 17.416427609509753
114 19.30363461937196
115 16.583280970782617
116 17.218526342217363
117 18.433158772991217
118 17.522592913915254
119 17.853273266609207
120 17.1446366077486
121 19.519724654842186
122 18.86393594411584
123 19.867387614290376
124 18.309149102310077
125 17.705447147744174
126 17.843890537286573
127 16.81764533433272
128 16.289050243369807
129 18.047511452660927
130 18.582320578568144
131 17.774134918859563
132 17.77915841289824
133 17.650573935335547
134 18.319735722474935
135 19.49171185501903
136 17.283952887271347
137 17.76986184361446
138 15.814856937065738
139 14.989003869295727
140 17.19075462496962
141 18.976152221546002
142 18.54063859252307
143 18.076196853637548
144 15.52301012857217
145 17.699831618571977
146 16.670234979687017
147 17.572917166410193
148 19.889135048886576
149 18.22675887498492
150 19.64447191115792
151 19.3589853624151
152 17.32362410427255
153 16.914982371317112
154 18.01762589582686
155 17.117998935974438
156 15.702681077225831
157 12.401863404212051
158 18.242955978492102
159 16.325619212215607
160 15.092266760854827
161 14.573307710448255
162 15.464026139879241
163 14.46788857810633
164 13.244272919673792
165 16.29327879004366
166 17.578699492877533
167 16.20049904585285
168 17.595410237287766
169 21.197289229458857
170 18.823683133272734
171 19.209373907189764
172 19.009880980058306
173 20.681565064079717
174 19.72594911459912
175 18.57808878664289
176 17.726891668636778
177 18.143009572148
178 18.460333146105853
179 19.06700231041747
180 19.264440078994177
181 17.912656346870573
182 17.167367847618284
183 19.522074702959898
184 20.339279724481848
185 17.732971581721497
186 17.894995358280315
187 16.378529344541747
188 16.632109596875207
189 14.231466560916008
190 18.025229217387803
191 16.61432467936146
192 18.476739693177286
193 17.71878600422418
194 16.806913298922545
195 16.18886572468032
196 20.434825726177298
197 19.171481956009494
198 18.238382050728784
199 18.003672973472227
200 18.285298501370814
201 19.68590133186049
202 17.753280789678215
203 18.538135645897857
204 21.028980251666948
205 16.97165655835734
206 18.140982005405487
207 17.84021970828907
208 16.92337850086003
209 16.099677218543885
210 17.70051503722074
211 15.686322351868538
212 19.11291397731474
213 16.76953984757532
214 15.64296748801081
215 18.913867979878564
216 17.725719976514387
217 17.247435112972326
218 18.879436612523612
219 20.718237267271963
220 22.40097020473301
221 20.7723781890129
222 21.49576540331303
223 21.2471078034834
224 20.547099388307032
225 18.515758453516714
226 18.490037092864473
227 17.632987451681462
228 17.386220677069762
229 19.91312299988034
230 19.55461470029955
231 21.2111594696648
232 22.823790397610257
233 20.189755403591317
234 23.156500310513128
235 21.872250340385957
236 19.902213862310035
237 19.770139774849987
238 21.150227062313725
239 16.625490786982333
240 15.362559734855164
241 15.329397606796757
242 19.926921770090196
243 18.856202657267225
244 18.369530882841254
245 15.574376568799172
246 13.843177691393466
247 13.524515010686532
248 14.067869699536868
249 13.75244753458361
250 11.13888032776619
251 15.024982935253231
252 12.250045447164482
253 11.077367240353686
254 12.931069904083273
255 12.381350386860678
256 12.111011099996592
257 11.839574157025456
258 14.607919667302816
259 8.586612396539469
260 10.044212741138463
261 11.209964788242587
262 8.718424973320356
263 10.073201873037428
264 12.003939322620994
265 10.949643909560447
266 12.735812266087024
267 12.69460693790144
268 10.14007825044484
269 12.842178212577108
270 16.01692982438414
271 9.60538264569006
272 10.422460634296266
273 9.035846118957105
274 9.900042943992577
275 14.752947683882892
276 14.60103850362275
277 14.802465323173656
278 16.381898911054865
279 16.06769800939329
280 15.800999017217075
281 11.701056485737825
282 9.318293169428191
283 15.727932933605205
284 15.475301880678666
285 14.858694562354938
286 14.431908485613686
287 14.673024726521927
288 12.744905685383143
289 14.797493424022804
290 15.043897766631355
291 17.829721681145113
292 24.144946273978544
293 22.250688568905534
294 16.190635125998966
295 20.579276079513463
296 18.020575190091304
297 13.905993968964205
298 16.694582477384035
299 17.30347427898353
300 18.96413929598514
301 19.67856441117676
302 20.778952460391828
303 17.331978633680862
304 18.15315902495797
305 21.17100475925406
306 22.6413168346363
307 21.82314145437515
308 19.261627364127396
309 21.142151491732363
310 21.56111227098568
311 18.97304192312461
312 16.1864282688934
313 19.097942167868048
314 15.221511780756419
315 15.709034437154436
316 15.977444490057179
317 21.60010987484419
318 19.51273557731571
319 18.13847621125446
320 20.889257156910737
321 19.18246988522888
322 21.12046810054339
323 18.77040707282337
324 20.934151757015655
325 18.39549582165268
326 21.900320043019253
327 21.384777684709373
328 17.578186603344864
329 15.444671916313938
330 18.549503479600972
331 16.761776184771037
332 18.33767609548958
333 21.27201172463839
334 20.908009919267236
335 20.054540074394186
336 20.245112607764018
337 19.442208416524007
338 19.051409895072375
339 18.92064471774052
340 18.203327364025267
341 19.22310745577389
342 21.1497132671017
343 19.463966354888004
344 19.42731605099354
345 17.660458936881238
346 13.766915931151448
347 17.071316662078114
348 19.52207069051284
349 17.416216279611557
350 16.380723272767412
351 16.747005602863982
352 16.114565848803846
353 15.435940403260878
354 16.971401830315415
355 15.193005258092166
356 16.213647095921345
357 16.164193917891176
358 20.820300200110538
359 21.126383087312366
360 21.126003439554918
361 22.428384964682387
362 22.520156655596505
363 21.178928494327074
364 20.967789595263834
365 20.29555057814806
366 22.882634668794527
367 19.40750419920774
368 21.03570191209516
369 17.922420804744974
370 21.26764905576115
371 23.825249414094973
372 20.141409969361625
373 20.405660490286362
374 21.404759524802444
375 21.11391317249595
376 20.270671558562114
377 21.39547629954307
378 24.34394405511869
379 20.32620982580132
380 22.26549044192867
381 21.02657042944772
382 20.37190041244786
383 19.38854812165189
384 22.08585582316675
385 21.395730224136006
386 17.38841141050259
387 17.998663832956765
388 18.92055141719559
389 19.392218561651188
390 19.652369107798364
391 17.97417898420037
392 18.6206594289534
393 17.369806805429572
394 18.417947604818824
395 16.642363435121474
396 20.05984996041322
397 21.883002540344346
398 20.189158237826742
399 20.32034322493532
400 21.78301277165568
401 25.416329077654563
402 23.142438105695664
403 25.854118346869154
404 23.046650737227676
405 23.83199819928111
406 24.646998846170945
407 23.23069121429142
408 23.594816882355182
409 22.68118557505025
410 21.997289324639315
411 20.321301891158015
412 20.220699042076216
413 17.943858910293777
414 17.972367894946792
415 18.690087002507823
416 17.515789890453178
417 21.55344008096146
418 24.45380667013381
419 23.441267185019676
420 19.340666247840833
421 17.724822433470454
