0 1.2925420762091007
1 2.1795135686779705
2 0.6096104536270346
3 1.54107082779242
4 3.6623629174198036
5 3.94756325040669
6 5.737650745505485
7 2.184238107929743
8 3.995387872751534
9 5.4262814663108205
10 3.4486731978254976
11 4.231062600845381
12 1.2000213341823478
13 4.924940973622938
14 3.1190961258531607
15 2.6112111713655337
16 1.6300775835773307
17 3.8667242223147955
18 2.6536808632972995
19 2.103271805525323
20 2.0179529018969387
21 3.2092440063106165
22 1.7664164052894678
23 4.986383816130269
24 5.305639615271696
25 4.433925005605593
26 5.86586370845248
27 9.312008289742911
28 11.810957770898694
29 10.478421421650825
30 12.408900775617
31 15.460676820054479
32 10.536738048015836
33 11.553035365702982
34 12.104495945737307
35 14.440516332683588
36 12.005929882613971
37 10.676564738378953
38 13.474454647382572
39 10.881223370447028
40 6.255992095606753
41 13.482651194682386
42 6.843139091490401
43 14.096993165835439
44 12.482576036837653
45 10.841236627310682
46 10.25563959222609
47 8.203817536902864
48 13.423502820039609
49 14.38134846435383
50 12.280096878364482
51 16.206636665883547
52 12.103110894013348
53 11.1021076481385
54 10.290179203790148
55 14.614351865490095
56 9.64658455028512
57 8.64857983199149
58 11.026004625255245
59 10.601242444852272
60 10.788393960164983
61 11.970308689147346
62 13.841257564387691
63 14.47302915333902
64 17.431004804445152
65 13.527582701764459
66 13.292075529327862
67 15.980987353511937
68 12.924789513242883
69 15.244924431388378
70 14.546661935656347
71 16.260450433260495
72 13.578475260216289
73 14.734795132697073
74 17.277979966376737
75 15.375690749655964
76 15.351547969742816
77 16.644038762148348
78 16.49346700936747
79 13.012313339038606
80 11.601982296921697
81 12.948747296743557
82 12.045025112686885
83 13.450451908510805
84 14.1150605845396
85 15.564404302733164
86 14.408263923191845
87 12.493331909175065
88 11.25919720694052
89 17.493503195127662
90 17.37858656568193
91 14.82691950808927
92 16.70774857751448
93 10.677014072499261
94 9.033755354507312
95 10.998784407455586
96 12.056343652005598
97 11.019665513839854
98 9.619664343101785
99 7.517648448031497
100 9.235331454623502
101 8.037321493157267
102 8.811436555769223
103 10.689898445441552
104 10.313068394990681
105 12.596488183053575
106 15.521670863012936
107 13.501920902856083
108 14.33692098760327
109 13.723916829968836
110 15.526321339981527
111 15.818370871857468
112 14.45093500907245
113 15.621417026537591
114 16.57451427090841
115 13.122477144920278
116 11.679495365982833
117 13.54106814268956
118 11.149433930973677
119 11.839062008848071
120 12.694436249246852
121 14.234012737082919
122 14.298238812069114
123 16.309351807658008
124 13.371911404319638
125 12.89542725495718
126 14.991004572594855
127 13.816943179295501
128 14.774998326302494
129 12.25201146278498
130 11.339133697885515
131 11.376503728019939
132 12.2754163319426
133 13.239282399523534
134 14.157427581297751
135 15.260882711202738
136 11.582092089875905
137 13.013138723867026
138 10.790886024081486
139 10.431282453505412
140 14.777307085534067
141 13.814286905674583
142 12.621926423891637
143 12.986756996332547
144 9.814179434653695
145 13.94126345084784
146 11.12089331080797
147 13.757759947635034
148 12.759182460492102
149 11.388400723915236
150 15.590114435779993
151 14.362282775073334
152 13.020259195277799
153 11.723196494320014
154 13.53191776610515
155 9.910343637647989
156 11.937604282980319
157 8.877728521882105
158 12.025976535084983
159 14.937829574225875
160 11.131105290375457
161 11.467571940123104
162 12.215528263781325
163 7.596318226748482
164 9.449293477657964
165 12.91880799497536
166 12.775618260507388
167 14.95502002500734
168 11.407902107026642
169 16.332752135369415
170 12.835360263774744
171 12.851523548588192
172 12.775119387859593
173 16.113377578038666
174 15.082499987002844
175 11.392790649951403
176 11.909863198872022
177 12.935221359592465
178 14.207878154747716
179 13.762551141543096
180 15.488319491139855
181 15.639471339180638
182 16.019717204957065
183 16.40505482002395
184 16.40141985091179
185 14.538071672503904
186 13.31179057692674
187 10.562899004024404
188 13.90327192118693
189 10.33257164544942
190 12.471011425597977
191 11.376165254015437
192 14.275032708068291
193 13.993145136420978
194 11.730686578364283
195 13.103076547427786
196 19.122534759788316
197 16.543505753514584
198 13.830469942493794
199 13.82524588014481
200 16.602280083304574
201 13.801111562793361
202 14.559808147851236
203 14.524339262486931
204 17.90688665970282
205 14.141401196104978
206 13.136414646270286
207 13.61560160540873
208 13.38949519452888
209 12.594508338281251
210 13.90047480830794
211 10.521358059711854
212 14.026934030261858
213 11.456849865475016
214 12.707786539606474
215 14.765825546856359
216 12.500879959634824
217 12.949815011913326
218 14.379386147050582
219 14.372597783248867
220 19.681753191143144
221 15.207623465407211
222 16.428707819849965
223 18.036263563410568
224 15.228558823493303
225 12.128430793206718
226 13.290344875942534
227 13.108088392630972
228 12.148456011514845
229 15.656167430860576
230 15.95110903611166
231 17.370147217012207
232 17.983527484621938
233 15.003908314894163
234 19.750165798834562
235 17.603373647984615
236 16.81964909888311
237 15.543896273936452
238 18.938946998023912
239 15.517677016731207
240 15.459062059761294
241 11.320290594494285
242 14.230510717110695
243 15.064261493876671
244 13.72826608930179
245 11.738202346276399
246 9.409988698967268
247 8.592561360424366
248 10.012055445584789
249 8.439823159498484
250 10.43371344503785
251 11.022641491453049
252 6.252249738949408
253 7.251241787985139
254 7.549380161058568
255 9.112750338215703
256 6.322283325412419
257 6.887107209945556
258 10.026191149538521
259 3.3683011701286296
260 7.86799788673324
261 8.752499962769395
262 6.875074519252371
263 7.982463077656873
264 10.049765209295296
265 8.156178836607877
266 10.993652675003927
267 9.567368502320484
268 7.36726827267678
269 12.300612349282753
270 13.198652606830624
271 8.229130676542153
272 7.863216387568585
273 5.570763674659403
274 5.55453965047677
275 7.693474264785386
276 11.597743214856369
277 11.855296232007207
278 10.063506305516588
279 9.862004652318312
280 9.391773100970246
281 9.630723390720922
282 5.442192427061327
283 13.177576388722876
284 12.878216416643811
285 13.685443340435206
286 12.773664102999234
287 12.90649680061174
288 7.320931482037666
289 9.184199903896255
290 9.627883885312057
291 12.387722182755555
292 17.381240951453655
293 18.928301135989773
294 14.319227568931142
295 16.958552700686184
296 13.309736209838672
297 8.405147369376522
298 9.39400361394283
299 15.482159918919008
300 14.622742859569719
301 16.274838853909184
302 17.058600368989442
303 10.659854553940459
304 13.79589972890395
305 16.407506678482353
306 19.39228418544386
307 19.1715228551804
308 14.96949515125908
309 17.437865567463383
310 15.855461682419762
311 13.638826472079629
312 10.598414421060498
313 13.101719326803249
314 10.914141613906498
315 9.227057556567953
316 12.546954882678437
317 17.90279924644038
318 13.612076582044988
319 11.788310815510252
320 18.353976716194904
321 13.54029142480056
322 17.184096962628747
323 13.355677148349555
324 15.402208670874124
325 13.274480022393448
326 17.41238933900513
327 19.51835133463169
328 13.259143918540081
329 13.517094863273584
330 12.937544419454941
331 10.194350526301019
332 13.007811424865487
333 15.582003426385453
334 17.4822822633301
335 16.739193947051216
336 14.830940845658164
337 15.210764747187593
338 15.30271636102996
339 13.05543914940756
340 14.57205015594269
341 13.662280545856715
342 17.93867407121882
343 17.164514723263515
344 14.223187122461809
345 13.781178499413452
346 13.475592059187349
347 15.061506281438367
348 17.56031303325411
349 13.443380101102871
350 13.405760300746042
351 14.63500354971964
352 15.307272030182986
353 13.859721082906447
354 17.0034186146983
355 11.370914468144118
356 11.200221336195403
357 11.554172446684914
358 18.544009495167252
359 14.515191969913728
360 15.129470263856728
361 16.393494610481525
362 18.113974168726784
363 16.212324217421894
364 16.72867246773088
365 14.745404961254573
366 17.585358359864944
367 15.894573826984523
368 14.356193023736987
369 13.714986186220784
370 18.966377236674965
371 20.31633518685086
372 12.98605209872343
373 15.669699981815418
374 16.486660304399557
375 14.846883535800462
376 17.26876003510356
377 18.990727941710762
378 19.37350823467864
379 15.017921310566054
380 18.336622122492713
381 15.240728998534378
382 14.233675112978947
383 14.949533292708782
384 19.882390359509564
385 17.373907002540655
386 11.913193475196739
387 13.947793012422098
388 14.517575736702593
389 16.287795491061864
390 15.214854250170383
391 14.15994826486811
392 13.532049392890189
393 12.310991709268524
394 11.425396152942971
395 12.80544739888305
396 12.36060889650285
397 15.964550291243498
398 16.485904613329946
399 14.667381827724768
400 19.689909753698227
401 22.335247782465686
402 17.251906545945054
403 22.335453298195578
404 19.49381598666332
405 21.729490277994554
406 21.11240209795277
407 22.022258765568843
408 18.4030234723225
409 20.031502129083556
410 17.87263528892486
411 14.96451266485445
412 14.863815630238747
413 15.444527217046428
414 12.300080945287508
415 17.342814953291004
416 15.609232491825132
417 18.34735222093761
418 18.487332681988427
419 16.71097822033294
420 13.541613219965173
421 12.942365722585894
