0 85.65217634805353
1 83.97877920829103
2 81.48111370540428
3 83.06221690362783
4 80.56339860838636
5 80.2784706823807
6 88.88831389921788
7 85.63445689104351
8 82.71002358448787
9 86.47066980214036
10 85.45183856915921
11 82.25526531333767
12 84.46182925933218
13 80.32909516305837
14 86.15749351200638
15 84.42459180550594
16 83.06722605949382
17 84.739197397969
18 89.3628264683954
19 87.84985117628275
20 85.37903494294613
21 83.56335933279384
22 78.72785568684571
23 84.50580239820412
24 89.93235759416157
25 86.2069263729912
26 88.51329318267717
27 83.72514482276986
28 86.47478992394765
29 85.0467365499852
30 83.72461786995424
31 88.78091416856164
32 86.29834414252844
33 80.61658579676634
34 80.58793285168151
35 82.96627468229597
36 85.0028771698142
37 85.03816146648225
38 87.13512914060986
39 88.7679537286363
40 89.41592518965471
41 87.04608562539974
42 86.92665790538352
43 84.45282773399263
44 86.65502042060079
45 86.49282169118158
46 85.8711446031884
47 89.53067480026665
48 87.23569770623679
49 83.08510491920524
50 86.5393695050277
51 84.3035500014372
52 85.74633184940596
53 86.55181285338826
54 82.05725218367067
55 86.40810906070068
56 80.23424718952859
57 85.75251918409946
58 86.6275912107723
59 83.49623991886335
60 84.76851495532809
61 80.5041754285896
62 81.17138254241804
63 79.50309381202617
64 85.2754585153534
65 78.89782860585574
66 81.94417744683197
67 73.73108562556926
68 80.08913165728146
69 82.09316935363258
70 81.64974454087346
71 79.93630150208013
72 80.42484745285641
73 83.29064203389846
74 82.14164146010887
75 77.34565196825002
76 85.22155964138052
77 75.16286374470633
78 85.51609231147073
79 79.56166566297944
80 81.94955646046255
81 78.50538792280541
82 71.21476682901772
83 87.2186113510843
84 78.64376921035156
85 77.06247501160765
86 81.51412122160616
87 89.38446283270481
88 82.03234408199283
89 81.98955380795441
90 77.60031704835751
91 77.64319118897696
92 79.20077090835494
93 81.14936395974033
94 82.53118967387975
95 77.97685855450935
96 79.36724270164417
97 81.56522693860879
98 81.72611974819787
99 83.15804441966289
100 85.31396048573815
101 86.71081466301656
102 89.16232369931372
103 84.83501536388872
104 86.05954688856652
105 83.26945928380364
106 85.36233064308256
107 83.18649270325669
108 87.18686801114873
109 79.76672980712313
110 89.47085474151724
111 84.72406896288044
112 87.11934606991815
113 86.25715647212199
114 81.11683727221043
115 81.32176186274039
116 86.44809032496764
117 82.87005959944243
118 80.82972948104825
119 82.14509140261235
120 85.31967055249163
121 80.46662265137286
122 79.82833631617072
123 81.56268522839125
124 80.81751579028058
125 79.99111131777826
126 87.89465183924095
127 80.35741274879643
128 87.12855276736364
129 79.76879619045353
130 84.92766894525327
131 84.06197375595646
132 80.54241693367861
133 89.74378590709297
134 81.93958436624864
135 86.31108713204597
136 83.53752839687853
137 88.18582193521581
138 88.63246063115648
139 80.649962088076
140 87.67127035513063
141 83.52709386756995
142 79.41794853039038
143 75.58306682962095
144 74.9907198749924
145 73.8755018364396
146 77.84550446526717
147 71.97196685460031
148 84.03503736828335
149 86.28597355502103
150 88.04545409900209
151 78.86279552608468
152 88.42495016687958
153 83.12997276771239
154 79.3938713013612
155 80.38780880589827
156 85.91268018592108
157 84.31336479680185
158 87.74287997843794
159 80.83557360269656
160 84.92939110359289
161 87.25805164190612
162 86.35280042118552
163 87.2656724057433
164 81.22342587672435
165 87.15498911636939
166 86.92001536130289
167 89.63944271580628
168 85.4414425250016
169 85.5879996511457
170 83.11863012802917
171 84.88145135362788
172 84.51466807095152
173 82.3387319640502
174 77.49520774936236
175 73.38961374922285
176 77.70494381495155
177 86.42931007820434
178 87.54217584235772
179 76.55467009840491
180 75.20653070797835
181 84.95222186220377
182 75.89457997282268
183 77.05958211915663
184 80.30056736540857
185 86.82827317953296
186 77.03152855419195
187 79.87493891023298
188 76.88210097830454
189 79.30525527669528
190 80.80225104497407
191 72.69613032317385
192 76.15826047873033
193 84.4032030187254
194 82.03159315988393
195 77.5006718362228
196 69.92240825490735
197 80.80884709120687
198 81.70965037638368
199 82.07037358464613
200 78.20174423791946
201 86.65179774846669
202 81.86939410926095
203 85.30113661357984
204 83.70899580412326
205 84.06805332928552
206 82.77796916882605
207 76.57742122398547
208 83.99049966209746
209 78.223060088408
210 80.70177548580241
211 80.85494104679711
212 82.63099607209354
213 83.21304913176951
214 80.05396938345211
215 86.16230171980543
216 88.93854965069912
217 83.3770071184034
218 84.24529713849375
219 79.13977649560725
220 89.13823012986767
221 88.77113359326988
222 85.35224099925736
223 84.87070431191047
224 84.13446011468386
225 79.18446721316532
226 83.51142474541955
227 82.53075701154394
228 84.07675334614808
229 79.29620864817973
230 84.72622327191065
231 89.0799028562274
232 87.41072457860732
233 80.36730925691826
234 83.3447278847364
235 86.18691293225278
236 87.59308887543969
237 89.81592530955353
238 83.2989698161438
239 82.81198505688471
240 80.61541667523122
241 83.75568932693366
242 77.28685870763884
243 78.55711269110022
244 85.64360035828692
245 80.4373935465826
246 89.20222627418876
247 87.69253409348886
248 85.80076554463301
249 82.88069085280098
250 88.07205215290375
251 88.19630252091802
252 88.27311251892726
253 87.34888582222662
254 86.71179006393862
255 84.21514533367038
256 88.20416544044137
257 88.47703761880787
258 83.38090176913184
259 84.01947534918966
260 88.40488671231621
261 86.49388519836022
262 83.00819225586564
263 80.83588932580257
264 85.57908634799576
265 82.24755548373203
266 85.3315335062567
267 87.81652537490591
268 88.58982324143447
269 86.86267894987897
270 87.51688066826368
271 87.09052211149229
272 85.59659926125472
273 89.36384420470122
274 88.96726094069241
275 84.76589540939474
276 86.61872976423341
277 87.44413532722795
278 89.54444587972581
279 89.03015495017483
280 89.99156438619983
281 88.5865080655077
282 86.84215069563629
283 87.4698384674812
284 89.52052078410672
285 76.0176943146779
286 89.51544182040202
287 84.20705855068326
288 84.63713203236769
289 84.47658100083788
290 85.77783790148348
291 84.84921200880815
292 80.16066318124405
293 87.82233628502331
294 89.72473926733257
295 88.79212907124959
296 88.21272011468251
297 82.03494802183012
298 89.022394968751
299 89.49708040081762
300 84.68074730267242
301 88.61985726045087
302 84.9365226839924
303 86.82393151529861
304 89.61679886237326
305 85.0281639384618
306 84.60604876820616
307 78.38339827639875
308 83.12554822730763
309 77.73110287662348
310 79.31188844991182
311 81.90526957283761
312 82.09565518446323
313 83.20474652019206
314 86.71037308705482
315 86.97598309476668
316 88.63809967801345
317 89.63628941339836
318 89.67215302147062
319 86.92410245505513
320 85.03950741177454
321 85.76501048158899
322 85.09992522457785
323 86.05981962014025
324 89.82674238506424
325 88.35482489262915
326 81.06786875781633
327 81.96318807283689
328 76.74018156323996
329 89.72626026279342
330 86.47097457956562
331 87.13315145145658
332 87.07097378777793
333 83.51887501679107
334 89.40294183867718
335 89.73465122005312
336 86.25225211448017
337 89.08826089623993
338 81.92074017283383
339 76.02866103952795
340 88.27683935571203
341 87.96591026338821
342 78.24667330906718
343 83.09853343867255
344 89.08231178562082
345 82.21953132178977
346 80.57058546746686
347 88.60041503369787
348 89.90231738282914
349 81.97172942161446
350 84.62073625711683
351 85.31676949428041
352 86.84388918887898
353 89.4418286438714
354 84.57885337136823
355 85.54650284019762
356 88.47595340169634
357 87.4067101518628
358 86.47713593117179
359 84.9645701661231
360 79.81550005630311
361 83.0035962156798
362 83.22230189348136
363 83.90940987269262
364 78.14000991964986
365 87.11674300036898
366 84.20876234293864
367 76.88882331442191
368 79.78302395243675
369 77.12297002158206
370 79.67617390057377
371 76.58074256691681
372 78.00392293519864
373 83.1086782326576
374 77.69727258622672
375 77.82734374277112
376 77.17991403225221
377 76.1746596549754
378 73.25266480364756
379 72.68890685796677
380 71.47631807862788
381 78.0987832900829
382 69.94967025002745
383 80.45977325112095
384 81.00093007155073
385 73.17661814523329
386 72.57864281420625
387 82.06249254403986
388 74.87052964586667
389 74.22055114138462
390 75.46478155880641
391 74.55499998490612
392 72.9708663808401
393 68.81402103339319
394 76.00680507198976
395 84.38551266557036
396 87.42346776946404
397 72.52780359116018
398 81.82860747661337
399 82.92382555999912
400 77.08535032445077
401 78.42526128770184
402 82.52020057730178
403 83.68739429561337
404 71.74729439077102
405 82.6514577786582
406 78.5208873138747
407 75.6556020904011
408 72.17905009603908
409 78.03893031306404
410 88.80776294281623
411 86.02437230516824
412 85.41631482331333
413 87.45252906603169
414 89.40225699240655
415 84.76346558219146
416 88.22023713756369
417 83.36960057160299
418 83.80427863441577
419 76.89488348439382
420 80.4902452477943
421 76.2940598262173
