1 3.8575758934020996 3.604353189468384 1.6996253728866577 1.806255578994751 1.3675854206085205 1.3640503883361816
2 4.155883312225342 3.902387857437134 1.6320873498916626 1.7514697313308716 1.3573721647262573 1.2781656980514526
3 4.231224060058594 4.0541253089904785 2.5181283950805664 1.8424956798553467 1.6180139780044556 1.6024905443191528
4 4.427199840545654 4.2528977394104 2.37951397895813 2.061755895614624 1.3306185007095337 1.8541690111160278
5 4.583729267120361 4.3446760177612305 2.4717586040496826 2.2480297088623047 1.6401747465133667 2.048513650894165
6 3.7014496326446533 3.3008463382720947 2.079435348510742 1.9549005031585693 1.5307073593139648 1.952609658241272
7 3.8956758975982666 3.5722501277923584 2.348592758178711 1.9985121488571167 1.6334364414215088 1.3681195974349976
8 4.376468181610107 4.162910461425781 2.311561107635498 2.5725526809692383 1.5012654066085815 1.5053603649139404
9 4.081650733947754 3.7519028186798096 2.334155797958374 2.508455991744995 1.7878506183624268 1.4664942026138306
10 4.42011833190918 4.1972174644470215 2.4746015071868896 2.75551438331604 1.63029146194458 1.2361524105072021
11 4.50617790222168 4.3159942626953125 2.403580904006958 3.1799819469451904 1.6431612968444824 1.5617663860321045
12 4.386255264282227 4.0944294929504395 2.464073657989502 3.0980658531188965 1.6211425065994263 1.6918566226959229
13 4.641576766967773 4.467854022979736 2.5413589477539063 2.9866998195648193 1.9386460781097412 1.5118746757507324
14 4.175654411315918 3.9310109615325928 2.7351694107055664 2.91076397895813 1.9202805757522583 1.4251848459243774
15 4.780158042907715 4.548940658569336 2.4789698123931885 3.0789904594421387 1.6391205787658691 1.626883864402771
16 4.156996726989746 3.8515405654907227 2.420231342315674 2.920563220977783 1.677651047706604 1.4651964902877808
17 4.308979511260986 4.053776741027832 2.7682383060455322 2.9327213764190674 1.9545668363571167 1.357765793800354
18 4.073118209838867 3.752539873123169 2.517390727996826 3.093474864959717 2.0138936042785645 1.3198868036270142
19 4.5447893142700195 4.306456565856934 2.7345516681671143 3.1508405208587646 1.9800969362258911 1.7633403539657593
20 4.241652488708496 3.997584342956543 2.5931241512298584 2.7982218265533447 1.7884937524795532 1.5205178260803223
21 4.7056684494018555 4.505363941192627 2.720874309539795 2.880908250808716 1.5011712312698364 1.6343423128128052
22 4.418328762054443 4.152503967285156 2.661057710647583 2.8928258419036865 1.693870186805725 1.299126386642456
23 4.312775135040283 4.013857841491699 2.6679184436798096 3.061253309249878 1.7874354124069214 1.2502702474594116
24 3.9433650970458984 3.6556546688079834 2.605482578277588 3.13454532623291 1.6798750162124634 1.7635722160339355
25 4.105769157409668 3.8323214054107666 2.50844407081604 3.0322234630584717 1.4368951320648193 1.5685734748840332
26 3.601381301879883 3.188591480255127 2.4207489490509033 2.7911930084228516 1.4041391611099243 1.6103826761245728
27 4.011499404907227 3.709061622619629 2.332897424697876 2.9005014896392822 1.3467429876327515 1.637503743171692
28 3.914177656173706 3.6028757095336914 2.2583322525024414 3.1880645751953125 1.2791706323623657 1.897613286972046
29 4.63822078704834 4.3875885009765625 2.4456915855407715 3.1432087421417236 1.513382077217102 1.9414384365081787
30 4.297390460968018 4.0020246505737305 2.4608500003814697 2.9365456104278564 1.6459776163101196 1.719569444656372
31 4.008014678955078 3.6706881523132324 2.5240447521209717 3.182542085647583 1.6121779680252075 1.6483663320541382
32 4.519237518310547 4.220522403717041 2.382591485977173 3.116243839263916 1.5726763010025024 1.9073247909545898
33 5.000301361083984 4.792714595794678 2.6838998794555664 3.1674206256866455 2.0502281188964844 2.061493158340454
34 4.574359893798828 4.29030704498291 2.297497272491455 3.165048360824585 1.373475432395935 1.8574708700180054
35 4.571039199829102 4.325324058532715 2.463923692703247 3.227517604827881 1.4330912828445435 1.7720407247543335
36 4.443967819213867 4.1412553787231445 2.51196026802063 2.9900715351104736 1.579429268836975 1.6143250465393066
37 4.4229230880737305 4.1375508308410645 2.6715903282165527 3.05349063873291 1.351914644241333 1.6533037424087524
38 4.540744781494141 4.286816596984863 2.529205560684204 3.384922981262207 1.5559648275375366 2.0764923095703125
39 4.142024517059326 3.852252244949341 2.3252298831939697 3.414764642715454 1.409745454788208 1.9944730997085571
40 4.235641002655029 4.042854309082031 2.699472427368164 3.951519012451172 1.3943995237350464 2.1320812702178955
41 4.477048873901367 4.314610004425049 2.4481518268585205 3.7906689643859863 1.4991183280944824 2.2347195148468018
42 4.7206130027771 4.575514316558838 2.4733450412750244 3.920151948928833 1.565595269203186 2.2912824153900146
43 4.586348056793213 4.449882507324219 2.6092748641967773 3.778386354446411 1.608764886856079 1.894887924194336
44 4.448179244995117 4.33347749710083 2.66709303855896 3.633038282394409 1.5580925941467285 1.9009898900985718
45 4.1898627281188965 3.9504058361053467 2.2775731086730957 3.3976821899414063 1.5703628063201904 1.9469375610351563
46 4.488452434539795 4.320423603057861 2.2514455318450928 3.9538910388946533 1.447400450706482 1.9330838918685913
47 4.024559020996094 3.6911461353302 2.134066343307495 3.5698516368865967 1.4990862607955933 2.074967384338379
48 4.022579669952393 3.7202773094177246 2.1907503604888916 3.8558332920074463 1.482399344444275 2.3197813034057617
49 4.697868824005127 4.452993392944336 2.2577996253967285 4.108656883239746 1.883077621459961 2.553713321685791
50 4.573147296905518 4.330960273742676 2.489885091781616 4.197175979614258 2.075108289718628 2.494265556335449
51 4.7188310623168945 4.510756492614746 2.1185903549194336 4.4747490882873535 1.5973293781280518 2.6782236099243164
52 4.808658599853516 4.549788951873779 2.422342300415039 4.395258903503418 1.5610933303833008 2.406780242919922
53 4.63132905960083 4.454833030700684 2.5305845737457275 4.475001335144043 1.5333340167999268 2.262296199798584
54 4.759754657745361 4.620582103729248 2.4506003856658936 4.159725189208984 1.7524628639221191 2.2389585971832275
55 4.422342300415039 4.216721057891846 2.5622189044952393 4.02467679977417 1.5382654666900635 2.238089084625244
56 5.0333333015441895 4.927499294281006 2.7086429595947266 3.8124351501464844 1.9763307571411133 1.6945668458938599
57 4.451466083526611 4.290643215179443 2.770017147064209 3.864871025085449 1.7493101358413696 1.9061599969863892
58 4.567477226257324 4.406980991363525 2.4758830070495605 4.307129383087158 1.3999608755111694 2.308713436126709
59 4.679098129272461 4.543028831481934 2.3234691619873047 4.262169361114502 1.3106862306594849 2.128080368041992
60 5.066125869750977 4.963334560394287 2.5959041118621826 4.603071212768555 1.732069492340088 2.115865707397461
61 4.713279724121094 4.557989597320557 2.5628604888916016 4.426499843597412 1.4905917644500732 1.958951473236084
62 4.9710469245910645 4.863131046295166 2.5219924449920654 4.55588436126709 1.6356837749481201 2.391484022140503
63 5.090785026550293 4.991221904754639 2.5620038509368896 4.285446643829346 1.3751837015151978 2.253681182861328
64 4.387346267700195 4.221043586730957 2.5645854473114014 4.077064514160156 1.502047061920166 2.022996664047241
65 5.0359272956848145 4.931414604187012 2.5863497257232666 4.029769420623779 1.5739827156066895 2.079223155975342
66 4.679152011871338 4.561462879180908 2.5409274101257324 4.126852989196777 1.4731749296188354 1.9820911884307861
67 5.4992876052856445 5.416371822357178 2.672339677810669 4.182456016540527 1.8262215852737427 2.0505361557006836
68 4.886310577392578 4.801435947418213 2.5419318675994873 3.816230297088623 1.5558230876922607 1.7597332000732422
69 4.73549222946167 4.641382217407227 2.630533456802368 4.025140762329102 1.8076131343841553 1.9667264223098755
70 4.956142902374268 4.84574031829834 2.7745094299316406 4.030519485473633 1.9369874000549316 2.206451892852783
71 5.111949443817139 5.0571980476379395 2.5819694995880127 3.8956122398376465 1.6949045658111572 1.8045809268951416
72 4.9337477684021 4.893576145172119 2.76945424079895 3.9407191276550293 1.7578070163726807 2.0155887603759766
73 4.593554973602295 4.484095573425293 2.6433794498443604 3.943458318710327 1.8017362356185913 1.8471919298171997
74 5.034906387329102 4.9846930503845215 2.689424514770508 4.279078483581543 1.7624250650405884 2.0512661933898926
75 4.94035530090332 4.889102458953857 2.5034618377685547 4.061029434204102 1.3520066738128662 2.0651450157165527
76 4.27156925201416 4.118564128875732 2.535435676574707 4.032680034637451 1.325774908065796 2.001251220703125
77 5.45319128036499 5.414527893066406 2.707437038421631 4.352334976196289 1.7756882905960083 1.973544955253601
78 4.727601051330566 4.622786521911621 2.5230493545532227 4.408728122711182 1.357818603515625 1.901517391204834
79 5.090811252593994 5.101100921630859 2.565009593963623 4.667026519775391 1.628369688987732 2.0592434406280518
80 5.019425392150879 5.022184371948242 2.5243122577667236 4.656771183013916 1.7268134355545044 2.1087710857391357
81 5.192440986633301 5.2090678215026855 2.5486538410186768 4.535051345825195 1.6260020732879639 1.9496856927871704
82 5.773019790649414 5.775532245635986 2.455819845199585 4.529021739959717 1.394230842590332 2.3044180870056152
83 4.575098514556885 4.4915971755981445 2.6010451316833496 4.588130474090576 1.5211416482925415 2.0279479026794434
84 4.960268497467041 4.873505592346191 2.495765447616577 4.310043811798096 1.4334250688552856 2.0392839908599854
85 5.297407627105713 5.211778163909912 2.7942910194396973 4.21042537689209 1.7106326818466187 2.0636610984802246
86 4.870101451873779 4.786072254180908 2.6859121322631836 4.520519256591797 1.7001429796218872 2.07820200920105
87 4.185577869415283 3.99497652053833 2.5191023349761963 4.2382378578186035 1.2966749668121338 1.6343930959701538
88 4.556281089782715 4.450655460357666 2.5999515056610107 4.487586975097656 1.4701710939407349 1.9338823556900024
89 4.434986591339111 4.260284423828125 2.526027202606201 3.770522356033325 1.4087518453598022 1.9137121438980103
90 4.646494388580322 4.458066463470459 2.508378267288208 3.6428918838500977 1.5019632577896118 1.8194351196289063
91 4.99047327041626 4.877505302429199 2.5516116619110107 4.070379257202148 1.4182358980178833 1.905372977256775
92 4.714959621429443 4.6085896492004395 2.5308234691619873 4.146703243255615 1.6103734970092773 1.8905378580093384
93 4.453186988830566 4.328580856323242 2.7249622344970703 4.198635578155518 1.8246500492095947 1.8568625450134277
94 4.633309841156006 4.513670921325684 2.7455599308013916 4.095485687255859 1.898094654083252 1.8568652868270874
95 4.8617987632751465 4.760497570037842 2.5839450359344482 3.8393361568450928 1.5322035551071167 1.6771763563156128
96 4.8686089515686035 4.76080322265625 2.779024124145508 4.224949836730957 1.4782960414886475 1.9847533702850342
97 5.295469760894775 5.217604160308838 2.8789374828338623 4.650002479553223 1.737637996673584 2.4281249046325684
98 4.800476551055908 4.658796787261963 2.6519076824188232 4.146020412445068 1.442041039466858 1.902853012084961
99 4.814815044403076 4.678778648376465 2.569448947906494 4.158924102783203 1.224838376045227 2.0032474994659424
100 4.743505477905273 4.625577449798584 2.588909387588501 4.450407981872559 1.4646320343017578 2.2480170726776123
101 4.664243221282959 4.5504150390625 2.5046303272247314 4.323381423950195 1.3214439153671265 2.185011386871338
102 4.579869270324707 4.445765495300293 2.820010185241699 4.395784378051758 1.5519018173217773 2.401341438293457
103 4.705216407775879 4.6005167961120605 2.6222760677337646 4.391668319702148 1.2078309059143066 2.13181471824646
104 4.625847816467285 4.484762191772461 2.6996541023254395 4.115964412689209 1.5126149654388428 2.0398240089416504
105 4.674137115478516 4.5695481300354 2.724065065383911 4.159262657165527 1.413467288017273 1.9592695236206055
106 4.599392414093018 4.509909629821777 2.6589627265930176 4.296023368835449 1.6362377405166626 2.1697142124176025
107 4.522852420806885 4.354785442352295 2.8087666034698486 3.963878631591797 1.5537512302398682 1.9608882665634155
108 4.473601818084717 4.32957649230957 2.7105889320373535 4.3423895835876465 1.434557557106018 1.8605670928955078
109 5.0587263107299805 4.973282814025879 2.8024189472198486 4.170112609863281 1.716646671295166 2.054288864135742
110 4.36225700378418 4.265804290771484 2.73770809173584 4.140378475189209 1.6422427892684937 1.8919031620025635
111 4.537450790405273 4.404839038848877 2.5763320922851563 4.284707546234131 1.325599193572998 1.9733257293701172
112 4.602103233337402 4.50009298324585 2.625134229660034 4.1345906257629395 1.2696080207824707 1.9171239137649536
113 4.580048561096191 4.484288215637207 2.5407519340515137 4.209260940551758 1.4242726564407349 1.618690848350525
114 4.885275363922119 4.801591396331787 2.570533275604248 4.2093586921691895 1.501375675201416 1.9862176179885864
115 5.419137954711914 5.368335723876953 2.624056100845337 4.264100551605225 1.5253543853759766 2.3295280933380127
116 4.841382026672363 4.745131969451904 2.6307778358459473 4.404008388519287 1.456864356994629 2.4482996463775635
117 5.050876140594482 5.031440258026123 2.573361396789551 4.714950084686279 1.343902826309204 2.464963674545288
118 5.0723748207092285 4.961001873016357 2.62625789642334 3.963000774383545 1.5491437911987305 2.156146287918091
119 5.326459884643555 5.256432056427002 2.7376112937927246 4.542724132537842 1.612809181213379 2.380429744720459
120 4.516144275665283 4.369649410247803 2.5596282482147217 4.426770210266113 1.3222075700759888 2.592254877090454
121 5.213339805603027 5.159874439239502 2.6916940212249756 4.055398941040039 1.5644315481185913 2.064741611480713
122 5.056783676147461 4.958685874938965 2.579328775405884 4.204031944274902 1.5255424976348877 2.4473109245300293
123 5.049102306365967 4.945624351501465 2.6181156635284424 3.9800326824188232 1.6896418333053589 2.0599069595336914
124 5.02161979675293 4.955938816070557 2.560906410217285 4.141276836395264 1.4525580406188965 2.084714889526367
125 5.051283359527588 4.9641194343566895 2.5857741832733154 3.9027328491210938 1.5746477842330933 2.0384392738342285
126 4.800731182098389 4.707123279571533 2.4407639503479004 4.5653605461120605 1.4496996402740479 2.1835861206054688
127 4.979970455169678 4.818639278411865 2.6058459281921387 3.980447769165039 1.5073204040527344 2.357640027999878
128 4.3632307052612305 4.166068077087402 2.5591747760772705 4.096048831939697 1.5720019340515137 2.2172932624816895
129 4.917646408081055 4.742317199707031 2.45928955078125 3.8674356937408447 1.4272688627243042 2.093794345855713
130 4.767197608947754 4.586257457733154 2.400374412536621 3.6905903816223145 1.3759477138519287 1.9238824844360352
131 4.4168620109558105 4.206466197967529 2.516249656677246 3.884326696395874 1.2919394969940186 1.885565161705017
132 4.853160381317139 4.693458557128906 2.3936195373535156 4.041472434997559 1.487626552581787 1.8261758089065552
133 4.054291725158691 3.8319835662841797 2.4913856983184814 3.9364521503448486 1.3399758338928223 1.9624148607254028
134 4.746838092803955 4.611291885375977 2.482210159301758 4.071321964263916 1.2796205282211304 2.2017273902893066
135 4.792910099029541 4.620180130004883 2.5055203437805176 4.280004501342773 1.3876280784606934 2.3644542694091797
136 4.8277740478515625 4.626916408538818 2.6913695335388184 3.6609718799591064 1.7842609882354736 1.8377436399459839
137 4.636763095855713 4.411747932434082 2.542754888534546 4.048895835876465 1.522627592086792 2.4423365592956543
138 4.639235973358154 4.41242790222168 2.5464420318603516 4.093266487121582 1.4134660959243774 2.5084991455078125
139 5.335025310516357 5.200891971588135 2.826582431793213 4.211118221282959 1.872532844543457 2.1144542694091797
140 4.3910746574401855 4.217005252838135 2.6301558017730713 4.232367038726807 1.2823346853256226 2.0435054302215576
141 4.748423099517822 4.624872207641602 2.7857730388641357 4.299292087554932 1.4001421928405762 2.243569850921631
142 5.110143661499023 4.987091064453125 2.714716911315918 3.9798808097839355 1.6750284433364868 1.6105222702026367
143 5.460292816162109 5.401130676269531 2.5506629943847656 4.197070121765137 1.5122569799423218 2.078049659729004
144 5.780520439147949 5.757120132446289 2.405651092529297 4.259149551391602 1.4447592496871948 1.9326443672180176
145 5.324103355407715 5.244348049163818 2.4503469467163086 4.130682945251465 1.3087903261184692 1.9666931629180908
146 5.30131721496582 5.210721969604492 2.50569224357605 4.146236896514893 1.5405124425888062 2.1412253379821777
147 5.853857517242432 5.804248332977295 2.5062429904937744 4.5995354652404785 1.818483829498291 2.2476346492767334
148 4.747640609741211 4.646629333496094 2.5731770992279053 4.470465660095215 1.493967056274414 1.9996904134750366
149 4.174905776977539 3.9496941566467285 2.4694321155548096 4.159703254699707 1.4716265201568604 1.7893588542938232
150 4.749127388000488 4.61548376083374 2.525851249694824 4.410648345947266 1.464115858078003 2.133758068084717
151 5.432354927062988 5.326807498931885 2.5336952209472656 4.405340671539307 1.6309930086135864 1.9411920309066772
152 4.218893527984619 3.98464298248291 2.5241405963897705 4.3562517166137695 1.2632434368133545 2.0622169971466064
153 4.648319721221924 4.463299751281738 2.4677724838256836 4.190239429473877 1.1953989267349243 1.9841688871383667
154 4.72694206237793 4.553627014160156 2.824683427810669 4.0373992919921875 1.2952089309692383 2.0614936351776123
155 5.300448894500732 5.152604103088379 2.6225759983062744 4.217068195343018 1.3426119089126587 2.0725553035736084
156 4.856030464172363 4.6755690574646 2.589887857437134 4.457464694976807 1.4482252597808838 2.4136157035827637
157 4.813205242156982 4.669701099395752 2.596294403076172 4.233945846557617 1.3258494138717651 2.3894426822662354
158 4.648029804229736 4.454306602478027 2.6787917613983154 4.227728366851807 1.2198001146316528 2.2476649284362793
159 4.8575758934021 4.742195129394531 2.726162910461426 4.263946533203125 1.4426724910736084 2.1423654556274414
160 4.818675518035889 4.691187858581543 2.6464853286743164 4.164816379547119 1.2717516422271729 1.9421204328536987
161 4.835394859313965 4.687272071838379 2.7924489974975586 4.10708475112915 1.6228598356246948 2.0947265625
162 4.405307769775391 4.232233047485352 2.7744622230529785 4.19029426574707 1.5439585447311401 2.521411657333374
163 4.620334625244141 4.43501615524292 2.7297377586364746 4.060816764831543 1.4310357570648193 2.232666254043579
164 5.3531575202941895 5.286347389221191 2.6936166286468506 4.1795654296875 1.4561244249343872 2.1638307571411133
165 4.7254204750061035 4.567036151885986 2.7505228519439697 4.243777751922607 1.600636601448059 2.3955063819885254
166 4.64385461807251 4.509861946105957 2.7104382514953613 4.289918422698975 1.5834951400756836 2.369222402572632
167 4.271520614624023 4.05991792678833 2.551506757736206 4.153890132904053 1.3640897274017334 2.3600597381591797
168 5.174991130828857 5.060276031494141 2.7250888347625732 4.2550950050354 1.6413366794586182 2.400017738342285
169 4.638321876525879 4.417026519775391 2.7243003845214844 4.251027584075928 1.6407043933868408 2.5561859607696533
170 5.221921920776367 5.135696887969971 2.704341173171997 4.4237494468688965 1.502316951751709 2.4944586753845215
171 4.807015419006348 4.611804008483887 2.7023203372955322 4.510751724243164 1.480183720588684 2.340134859085083
172 4.930061340332031 4.758730411529541 2.6997122764587402 4.428699970245361 1.5949559211730957 2.6223745346069336
173 4.75502347946167 4.565180778503418 2.7221333980560303 4.410056114196777 1.5542736053466797 2.4044835567474365
174 5.090508460998535 4.97426700592041 2.606090784072876 4.307994365692139 1.4291014671325684 2.3019192218780518
175 5.387341022491455 5.294313430786133 2.6565253734588623 4.328972339630127 1.3599542379379272 2.123187780380249
176 5.4216156005859375 5.294745922088623 2.760373115539551 4.3664116859436035 1.6507748365402222 2.1993143558502197
177 4.8720293045043945 4.698473930358887 2.6919710636138916 4.436697006225586 1.5797680616378784 2.747096061706543
178 4.818661689758301 4.6724090576171875 2.605816125869751 4.371269702911377 1.3094342947006226 2.3258745670318604
179 5.34732723236084 5.219571113586426 2.5708234310150146 4.53038215637207 1.433240532875061 2.6984269618988037
180 5.025352954864502 4.896845817565918 2.6412854194641113 4.3598408699035645 1.3038147687911987 2.46958589553833
181 4.642330169677734 4.471367359161377 2.594161033630371 4.360506057739258 1.3636196851730347 2.415395498275757
182 5.58613920211792 5.512113571166992 2.5573348999023438 4.416023254394531 1.3835124969482422 2.656569242477417
183 5.323922157287598 5.22376012802124 2.656785726547241 4.524616241455078 1.4574058055877686 2.7264208793640137
184 4.918424129486084 4.776388645172119 2.659430742263794 4.558434009552002 1.4511001110076904 3.0255205631256104
185 4.899659156799316 4.792468070983887 2.582012176513672 4.52159309387207 1.2272769212722778 2.82122540473938
186 5.430421829223633 5.362056732177734 2.5135388374328613 4.44035005569458 1.4083083868026733 2.8906056880950928
187 4.9293131828308105 4.814609050750732 2.5947930812835693 4.224008560180664 1.3440027236938477 2.259317636489868
188 5.410273551940918 5.382256031036377 2.6090831756591797 4.452088356018066 1.3478968143463135 1.994742512702942
189 4.736290454864502 4.602941989898682 2.5598607063293457 4.421589374542236 1.3443324565887451 2.2619476318359375
190 4.8307108879089355 4.7517595291137695 2.632641315460205 4.4562530517578125 1.4161972999572754 2.1541237831115723
191 5.723700523376465 5.668697834014893 2.513676404953003 4.347660064697266 1.4656251668930054 2.090852737426758
192 5.483546733856201 5.36467981338501 2.6300692558288574 4.491818428039551 1.390023112297058 2.4321706295013428
193 4.626636505126953 4.4996161460876465 2.5310373306274414 4.475407123565674 1.1786210536956787 2.278855085372925
194 4.723628997802734 4.594198703765869 2.6165738105773926 4.263912677764893 1.4525089263916016 2.3910200595855713
195 4.954174041748047 4.845247268676758 2.4728386402130127 4.1803669929504395 1.3624266386032104 2.119514226913452
196 5.240028381347656 5.149026870727539 2.4960784912109375 4.279018878936768 1.2682833671569824 1.9956841468811035
197 4.884480953216553 4.729794502258301 2.5655789375305176 4.291879653930664 1.3565187454223633 2.191056489944458
198 4.715378284454346 4.606229305267334 2.421255350112915 4.524518013000488 1.3542083501815796 2.100947141647339
199 4.761340141296387 4.61257791519165 2.4150068759918213 4.190293788909912 1.1773136854171753 2.341326951980591
200 5.036117076873779 4.991993427276611 2.3874247074127197 4.622968673706055 1.220145583152771 2.367549180984497
201 4.56688117980957 4.463048934936523 2.457970380783081 4.725392818450928 1.219411015510559 2.283541202545166
202 4.700283527374268 4.535656929016113 2.498056650161743 4.176050662994385 1.2040461301803589 1.7969399690628052
203 4.6364264488220215 4.474575996398926 2.5581588745117188 4.2785964012146 1.338887095451355 2.097102403640747
204 4.613649845123291 4.478334426879883 2.552041530609131 4.2301344871521 1.6592050790786743 2.0993916988372803
205 4.656744956970215 4.484821319580078 2.452023506164551 4.154178619384766 1.2932013273239136 2.039914608001709
206 4.974214553833008 4.855752944946289 2.7282960414886475 4.384084224700928 1.627885341644287 2.3894286155700684
207 5.692287445068359 5.581296443939209 2.6230053901672363 4.561404705047607 1.2288038730621338 2.5390751361846924
208 4.349972724914551 4.141530990600586 2.795774459838867 4.297575950622559 1.1914697885513306 2.013587713241577
209 4.961946964263916 4.791259765625 2.8749077320098877 4.259170055389404 1.499790072441101 2.1148478984832764
210 4.829498767852783 4.631874084472656 2.636143922805786 4.163739204406738 1.5066332817077637 2.0995657444000244
211 4.871814727783203 4.773251056671143 2.6791369915008545 4.538163185119629 1.2553339004516602 2.3908379077911377
212 4.403691291809082 4.241942405700684 2.6903879642486572 4.381418704986572 1.5112301111221313 1.9899547100067139
213 4.598453044891357 4.450038433074951 2.714322328567505 4.543249130249023 1.5406928062438965 2.109809637069702
214 4.926846981048584 4.797297477722168 2.7758677005767822 4.690637588500977 1.4694370031356812 2.28839373588562
215 4.5850653648376465 4.389273643493652 2.579651117324829 4.58872652053833 1.4306524991989136 2.2646641731262207
216 4.458678722381592 4.281645774841309 2.562701940536499 4.594884395599365 1.4106122255325317 2.2817542552948
217 4.87863302230835 4.753472805023193 2.643381118774414 4.389906883239746 1.6355254650115967 2.0170137882232666
218 4.540755748748779 4.39174222946167 2.5422234535217285 4.229767322540283 1.4935420751571655 1.946071743965149
219 4.671252250671387 4.5462188720703125 2.495570659637451 4.371592044830322 1.5678225755691528 2.145590305328369
220 4.501821517944336 4.403209686279297 2.478039026260376 4.643338680267334 1.3857146501541138 2.5154645442962646
221 4.0457072257995605 3.881727933883667 2.5290684700012207 4.35148811340332 1.2917444705963135 2.0220255851745605
222 4.2950592041015625 4.134827613830566 2.503627300262451 4.432072639465332 1.3992812633514404 2.044297933578491
223 4.465062141418457 4.299438953399658 2.5957000255584717 4.326444625854492 1.5703305006027222 2.2932357788085938
224 4.609703540802002 4.439479827880859 2.6253180503845215 4.425347328186035 1.5181517601013184 2.493868827819824
225 4.835338115692139 4.692647933959961 2.5317325592041016 4.342245578765869 1.5660266876220703 2.2381198406219482
226 4.604278087615967 4.459704875946045 2.4660563468933105 4.3063859939575195 1.4753506183624268 2.448246479034424
227 4.458942890167236 4.295727252960205 2.4918675422668457 4.111522197723389 1.602067232131958 2.0190541744232178
228 4.492722034454346 4.293642520904541 2.449812173843384 4.290396213531494 1.5975141525268555 2.219449043273926
229 4.715240001678467 4.609285831451416 2.52899432182312 4.588017463684082 1.6377288103103638 2.1546576023101807
230 4.312544822692871 4.054338455200195 2.4902493953704834 4.125458240509033 1.4720921516418457 2.2145040035247803
231 4.552788257598877 4.382206916809082 2.6213505268096924 4.936974048614502 1.8951687812805176 2.33485746383667
232 4.605042457580566 4.45555305480957 2.5258495807647705 4.720588684082031 1.646063208580017 2.3451008796691895
233 4.781741619110107 4.633828163146973 2.5564839839935303 4.592585563659668 1.6100144386291504 2.5057027339935303
234 4.486555576324463 4.256190776824951 2.667614221572876 3.9880478382110596 1.762556791305542 2.093017101287842
235 4.417048454284668 4.218780994415283 2.742149591445923 3.998551607131958 1.9105513095855713 2.0685532093048096
236 4.273829460144043 4.039421558380127 2.6166210174560547 4.009488582611084 1.6426148414611816 2.1290225982666016
237 4.151914596557617 3.8764123916625977 2.720365524291992 3.741086006164551 1.7257617712020874 1.8051108121871948
238 4.544040203094482 4.3457350730896 2.7038028240203857 3.952012777328491 1.619695782661438 2.1768124103546143
239 4.5500688552856445 4.331995010375977 2.8347268104553223 3.9338996410369873 1.6307947635650635 2.088347911834717
240 4.837397575378418 4.748883247375488 2.8294458389282227 4.603060722351074 1.4375553131103516 2.2635929584503174
241 4.741657257080078 4.593863010406494 2.8223907947540283 4.530086517333984 1.6805459260940552 2.4153566360473633
242 5.11294412612915 5.02115535736084 2.919508934020996 4.1000261306762695 1.8660919666290283 2.0007848739624023
243 4.614990711212158 4.432984352111816 3.0363380908966064 4.159509658813477 1.540639877319336 2.178574800491333
244 4.547597885131836 4.407771110534668 2.934687376022339 4.489768028259277 1.4864765405654907 2.403041124343872
245 5.128923416137695 5.097772598266602 3.2035231590270996 4.630216598510742 1.7998664379119873 2.1656503677368164
246 4.332875728607178 4.205447673797607 3.1238839626312256 4.101719856262207 1.5858676433563232 2.278235912322998
247 4.599445343017578 4.524043083190918 3.148012399673462 4.699992656707764 1.739701271057129 2.3065109252929688
248 4.794813632965088 4.6582112312316895 3.04567289352417 4.752124309539795 1.685238242149353 1.9982287883758545
249 4.949289798736572 4.885966777801514 3.017303466796875 4.617077827453613 1.4637343883514404 2.1553213596343994
250 4.531126022338867 4.42181396484375 2.954559087753296 4.640317916870117 1.4477087259292603 2.092700481414795
251 4.603691101074219 4.478710174560547 2.9626808166503906 4.599675178527832 1.4833629131317139 2.4813199043273926
252 4.5702714920043945 4.476806640625 2.9782214164733887 4.42558479309082 1.6355210542678833 2.0637030601501465
253 4.793675422668457 4.695173740386963 3.0241639614105225 4.694995880126953 1.6256530284881592 2.1844711303710938
254 4.626705646514893 4.463785648345947 2.9099347591400146 4.752490043640137 1.6450680494308472 2.269536018371582
255 4.946996212005615 4.851667881011963 2.8433148860931396 4.967678070068359 1.9658329486846924 2.4897611141204834
256 4.822621822357178 4.749632835388184 2.9686520099639893 4.8213725090026855 1.8956897258758545 2.194640636444092
257 4.583762168884277 4.465587139129639 2.8881075382232666 4.821761608123779 1.825639009475708 2.4832096099853516
258 4.597968101501465 4.478793144226074 2.82743239402771 4.458978176116943 1.8785356283187866 1.8219103813171387
259 4.690685272216797 4.585483551025391 2.99800181388855 4.628540515899658 2.0882668495178223 2.3624513149261475
260 4.488567352294922 4.351320266723633 2.7912449836730957 4.553379058837891 1.7098945379257202 1.9677436351776123
261 4.63215970993042 4.532783031463623 2.982815980911255 4.70255708694458 1.6802009344100952 2.141733169555664
262 5.300182342529297 5.2312397956848145 3.236356019973755 4.573575019836426 2.1590092182159424 2.018301010131836
263 5.0629448890686035 5.0193047523498535 3.3745970726013184 4.544216632843018 2.3842577934265137 2.1279115676879883
264 5.196150779724121 5.173947334289551 3.469123125076294 4.743091583251953 2.477323055267334 1.9915742874145508
265 5.068222522735596 5.011781215667725 3.484314441680908 4.534809112548828 2.3789258003234863 2.091671943664551
266 4.372843265533447 4.211093902587891 3.291637420654297 4.5226640701293945 2.096249580383301 2.147754430770874
267 5.010709285736084 4.928468227386475 3.5312180519104004 4.609276294708252 2.4746556282043457 2.2519025802612305
268 4.7714433670043945 4.629473686218262 3.502680778503418 4.372668743133545 2.5205278396606445 1.8238712549209595
269 4.803408145904541 4.649869918823242 3.4176414012908936 4.252883434295654 2.5060195922851563 1.9331567287445068
270 4.662456512451172 4.604546070098877 3.4105255603790283 4.53562593460083 2.482497453689575 1.7332950830459595
271 4.632540702819824 4.509581089019775 3.2547857761383057 4.559673309326172 2.4322898387908936 2.0805230140686035
272 4.696273326873779 4.5576171875 3.518237352371216 4.251940727233887 2.538837432861328 2.1067211627960205
273 4.7090301513671875 4.598808765411377 3.374436616897583 4.410590648651123 2.2281885147094727 2.253274440765381
274 4.655290603637695 4.505684852600098 3.411907434463501 4.384425163269043 2.574532985687256 2.274571180343628
275 4.736306190490723 4.551054954528809 3.4375672340393066 4.382654666900635 2.4518980979919434 2.3688433170318604
276 4.653960704803467 4.503040313720703 3.7130215167999268 4.4344072341918945 2.583242177963257 2.2147433757781982
277 4.777882099151611 4.564274787902832 3.4674065113067627 4.4906768798828125 2.437652826309204 2.3258771896362305
278 4.815759181976318 4.6628642082214355 3.5440561771392822 4.5507073402404785 2.530735492706299 2.323840379714966
279 4.793096542358398 4.684071063995361 3.4691555500030518 4.546756744384766 2.4534497261047363 2.0221025943756104
280 4.742314338684082 4.587423324584961 3.413054943084717 4.427606105804443 2.4497575759887695 2.090135097503662
281 4.840076446533203 4.695430278778076 3.4213130474090576 4.6400651931762695 2.365405797958374 2.4302408695220947
282 4.549717903137207 4.371806621551514 3.292092800140381 4.444901943206787 2.5001749992370605 2.204658031463623
283 4.753391742706299 4.629292011260986 3.34123158454895 4.530344486236572 2.3399529457092285 2.0679330825805664
284 4.750615119934082 4.553342342376709 3.538370370864868 4.3191351890563965 2.708564043045044 2.1056222915649414
285 5.414557456970215 5.305769920349121 3.5970396995544434 4.40748929977417 2.608553171157837 2.0753514766693115
286 4.713308334350586 4.491491317749023 3.431948184967041 4.5330491065979 2.240888833999634 2.2401480674743652
287 4.712103843688965 4.552507400512695 3.3372409343719482 4.298523426055908 2.499666452407837 1.7534159421920776
288 4.572065830230713 4.41808557510376 3.0763936042785645 4.308498382568359 2.4007160663604736 1.9267784357070923
289 4.73691463470459 4.547696113586426 3.33378005027771 4.364864349365234 2.667271852493286 2.039008855819702
290 4.744056701660156 4.629759311676025 3.4038848876953125 4.444712162017822 2.401951551437378 1.9496662616729736
291 4.949551582336426 4.815636157989502 3.359893321990967 4.287014007568359 2.2867238521575928 2.0033116340637207
292 4.934563636779785 4.753794193267822 3.3046534061431885 4.199371814727783 2.301910400390625 1.9507991075515747
293 4.506624698638916 4.264204025268555 3.4537901878356934 4.390645503997803 2.384862184524536 1.996806263923645
294 4.421934127807617 4.1830291748046875 3.327322006225586 4.181636333465576 2.1603035926818848 2.046661138534546
295 4.50584077835083 4.327958583831787 3.3170037269592285 4.324007987976074 2.259244680404663 2.0664844512939453
296 4.393381595611572 4.203735828399658 3.203174591064453 4.2230634689331055 2.2351319789886475 2.02366304397583
297 4.481698513031006 4.257233619689941 3.729947566986084 4.206282138824463 2.5345773696899414 1.8818150758743286
298 4.662453651428223 4.496491432189941 3.4740726947784424 4.161837100982666 2.3119852542877197 2.1115970611572266
299 4.6192779541015625 4.482133388519287 3.420780897140503 4.247334003448486 2.2144815921783447 2.1318023204803467
300 5.126925468444824 4.986985683441162 3.689838409423828 4.359112739562988 2.34242844581604 1.8779828548431396
301 5.024564743041992 4.820466995239258 3.9618992805480957 4.4242730140686035 2.58345627784729 1.937094807624817
302 5.2565388679504395 5.136830806732178 3.5094785690307617 4.500406742095947 2.3937692642211914 1.9474114179611206
303 4.994747161865234 4.871755599975586 3.551802396774292 4.492375373840332 2.4243721961975098 2.105607032775879
304 4.500460624694824 4.27353048324585 3.6091043949127197 4.404651165008545 2.3082900047302246 2.076974630355835
305 5.016627788543701 4.8976569175720215 3.7231435775756836 4.622979640960693 2.354048490524292 2.217336654663086
306 5.171699523925781 5.0602922439575195 3.658815383911133 4.373464584350586 2.3337268829345703 2.2250537872314453
307 5.147787094116211 5.031012535095215 3.6211483478546143 4.276269912719727 2.2529847621917725 2.072543144226074
308 4.9378814697265625 4.79138708114624 3.3186748027801514 4.486844539642334 2.316267728805542 1.8406519889831543
309 5.33017110824585 5.198765754699707 3.5457615852355957 4.442839622497559 2.411146640777588 2.1581218242645264
310 5.4903693199157715 5.3786139488220215 3.7710113525390625 4.316385746002197 2.5219037532806396 2.057832717895508
311 4.949521541595459 4.852574348449707 3.4313337802886963 4.600873947143555 2.3785977363586426 2.0202836990356445
312 5.299860000610352 5.183154106140137 3.5413711071014404 4.572174072265625 2.3634510040283203 2.331345558166504
313 5.441457748413086 5.326311111450195 3.7335126399993896 4.452581405639648 2.4902849197387695 2.3596653938293457
314 4.790687084197998 4.6346306800842285 3.6307404041290283 4.465710163116455 2.2021756172180176 2.206173896789551
315 4.915782928466797 4.709357738494873 3.693363904953003 4.576737403869629 2.289796829223633 2.3072147369384766
316 4.909008026123047 4.773688793182373 3.5923779010772705 4.423025131225586 2.3717613220214844 2.27299165725708
317 4.812198162078857 4.707100868225098 3.427839994430542 4.6101908683776855 2.165855646133423 2.1633708477020264
318 4.573647499084473 4.394540786743164 3.499582052230835 4.334123611450195 2.063472270965576 2.1338300704956055
319 4.783566951751709 4.660660266876221 3.640702247619629 4.334697246551514 2.252373695373535 2.124049425125122
320 4.855644226074219 4.7622857093811035 3.585942506790161 4.143375873565674 2.5279486179351807 1.8599034547805786
321 4.8142476081848145 4.716582775115967 3.734447956085205 4.139697074890137 2.4921650886535645 1.7618402242660522
322 4.9286651611328125 4.819087505340576 3.5350754261016846 4.228957653045654 2.5232694149017334 2.084803581237793
323 4.864202976226807 4.769892692565918 3.4714910984039307 4.292042255401611 2.4233806133270264 1.9990382194519043
324 4.730616092681885 4.5532145500183105 3.5879428386688232 4.303340911865234 2.6852612495422363 2.0755441188812256
325 4.539314270019531 4.385591983795166 3.337082624435425 4.264555931091309 2.3833377361297607 1.9170634746551514
326 5.08949089050293 4.985631942749023 3.4617464542388916 4.285369873046875 2.440596580505371 2.0951242446899414
327 4.947617530822754 4.817005634307861 3.279109477996826 4.216822624206543 2.246623992919922 1.946529507637024
328 5.329625606536865 5.204465866088867 3.4252679347991943 4.26496696472168 2.671342134475708 2.1160569190979004
329 4.717077255249023 4.539148330688477 3.2996490001678467 4.226612091064453 2.2410805225372314 1.906121850013733
330 4.6354827880859375 4.439105987548828 3.3188586235046387 4.237194538116455 2.35347580909729 2.0349531173706055
331 5.001080513000488 4.890047073364258 3.191690683364868 4.295746326446533 2.4381744861602783 2.0285730361938477
332 4.771065711975098 4.610645294189453 3.277357578277588 4.264188289642334 2.365551471710205 1.9692240953445435
333 4.38577938079834 4.175152778625488 3.3185675144195557 4.090492248535156 2.5951876640319824 1.9756176471710205
334 4.879871368408203 4.726945400238037 3.57729434967041 4.159248352050781 2.8171730041503906 1.9325666427612305
335 4.643580436706543 4.506568908691406 3.3422677516937256 4.2627458572387695 2.608315944671631 1.9884774684906006
336 5.486135482788086 5.375484943389893 3.2627739906311035 4.930681228637695 2.6278557777404785 2.3564670085906982
337 4.911574363708496 4.78416633605957 3.310028314590454 4.400539398193359 2.7140536308288574 2.0427119731903076
338 5.491104602813721 5.415401458740234 3.4526023864746094 4.468703269958496 2.6945250034332275 2.345383644104004
339 5.588059425354004 5.5163726806640625 3.232060194015503 4.32316255569458 2.526366949081421 2.32534122467041
340 4.798640251159668 4.6382737159729 3.3566055297851563 4.285526275634766 2.792320489883423 2.1706135272979736
341 4.859193801879883 4.713350772857666 3.3901913166046143 4.213883876800537 2.4254019260406494 2.0031445026397705
342 5.814811706542969 5.75133752822876 3.2337234020233154 4.548740863800049 2.1090259552001953 2.4714243412017822
343 5.205142974853516 5.129339218139648 3.30751895904541 4.296855926513672 2.2284984588623047 2.2917470932006836
344 5.096571922302246 4.94097900390625 3.3739547729492188 4.31047248840332 2.5480055809020996 2.4756813049316406
345 5.149247646331787 4.997847557067871 3.2355592250823975 4.098071575164795 2.3773839473724365 1.9886146783828735
346 5.549190044403076 5.497781753540039 3.3684654235839844 4.328531742095947 2.2728238105773926 2.171562671661377
347 5.008635997772217 4.850473880767822 3.553365707397461 4.155168533325195 2.6231493949890137 1.9912307262420654
348 4.817845344543457 4.619344711303711 3.456463575363159 4.079352378845215 2.472020387649536 2.1907958984375
349 5.1565632820129395 5.105493545532227 3.2636754512786865 4.186020374298096 2.304762125015259 2.0470986366271973
350 5.144804954528809 5.0547614097595215 3.3801987171173096 4.381914138793945 2.780154228210449 2.2608253955841064
351 5.412703514099121 5.330151557922363 3.4255921840667725 4.321256160736084 2.5303566455841064 2.1760072708129883
352 4.72369384765625 4.558526992797852 3.1640021800994873 3.801894426345825 2.0312657356262207 1.818189024925232
353 4.576107025146484 4.395567417144775 3.2529332637786865 4.045792579650879 2.353870391845703 2.0715348720550537
354 4.845643520355225 4.706550121307373 3.362183094024658 3.7783408164978027 2.506577491760254 2.0117454528808594
355 4.881436824798584 4.7377777099609375 3.4009695053100586 4.12529993057251 2.5937678813934326 2.0719501972198486
356 4.941563606262207 4.775104999542236 3.527407646179199 3.8699862957000732 2.807292938232422 2.1304643154144287
357 4.62843132019043 4.481599807739258 3.2718265056610107 3.9100332260131836 2.398678779602051 2.125638484954834
358 4.6629533767700195 4.453493118286133 3.075636625289917 3.842862129211426 2.2109808921813965 2.0850508213043213
359 4.940410137176514 4.753265857696533 3.15177845954895 4.086911201477051 2.1595075130462646 2.031378984451294
360 5.564959526062012 5.457982540130615 3.2265830039978027 4.2718119621276855 2.0644068717956543 2.092076301574707
361 5.198996067047119 5.116145610809326 3.305426836013794 4.189488410949707 2.4659957885742188 2.26287579536438
362 4.922065258026123 4.823710918426514 3.491330623626709 3.958559274673462 2.3551506996154785 1.8957711458206177
363 5.376906871795654 5.304202556610107 3.344998598098755 4.335826396942139 2.282113790512085 2.242626905441284
364 5.948488235473633 5.908089637756348 3.4225423336029053 4.229640483856201 2.4178757667541504 2.2061872482299805
365 4.60836124420166 4.471797943115234 3.269700050354004 4.104755878448486 2.235915184020996 2.021507978439331
366 5.087369441986084 4.957611083984375 3.3504998683929443 4.0842061042785645 2.292759656906128 2.064470052719116
367 5.485777378082275 5.36642599105835 3.188608169555664 4.115718841552734 2.175562620162964 2.055447578430176
368 5.419414520263672 5.313185691833496 3.240246057510376 4.19089412689209 2.0527162551879883 1.918412685394287
369 5.260904312133789 5.122345447540283 3.3401222229003906 3.985506534576416 1.979818344116211 2.1006593704223633
370 5.567253589630127 5.445779323577881 3.114877700805664 4.363914966583252 2.299720048904419 2.2526402473449707
371 5.368661880493164 5.279275417327881 3.117133140563965 4.128103256225586 2.1925227642059326 2.23789381980896
372 5.3656206130981445 5.19146203994751 3.068993330001831 4.33970832824707 2.1573429107666016 2.1563353538513184
373 4.907293319702148 4.779026985168457 3.183692693710327 4.164321422576904 2.0424387454986572 1.999320149421692
374 4.954974174499512 4.782574653625488 3.169057607650757 4.095210552215576 2.1504926681518555 1.8680964708328247
375 5.09963846206665 4.947493553161621 3.116105079650879 4.3546600341796875 2.238518476486206 2.259166955947876
376 5.151261806488037 5.009882926940918 3.0954155921936035 4.003120422363281 2.3683347702026367 2.0432145595550537
377 5.484521865844727 5.388676643371582 3.3961799144744873 4.113443374633789 2.1421337127685547 2.1319925785064697
378 5.38044548034668 5.255235195159912 3.011723756790161 4.166351318359375 2.0970797538757324 2.263861894607544
379 5.627712249755859 5.52487325668335 3.067199945449829 4.157714366912842 2.038303852081299 2.197340250015259
380 5.800015926361084 5.733681678771973 3.312185525894165 3.964674949645996 2.186915636062622 2.032278299331665
381 5.211688041687012 5.05858850479126 3.1026828289031982 3.886134147644043 1.8973045349121094 2.0724596977233887
382 5.770512580871582 5.612942218780518 3.0005500316619873 4.2355546951293945 2.112644910812378 2.259626865386963
383 5.360737323760986 5.2269697189331055 3.2128775119781494 4.703317642211914 2.0438647270202637 2.1347551345825195
384 5.297917366027832 5.141413688659668 3.150416612625122 4.4890618324279785 2.1421408653259277 2.064338207244873
385 5.938455104827881 5.902754783630371 3.1799662113189697 4.321439266204834 2.2482476234436035 2.2008397579193115
386 5.817750453948975 5.782210350036621 3.051546812057495 4.208600997924805 2.258452892303467 2.2666561603546143
387 5.365006923675537 5.277482986450195 2.9581971168518066 4.359433650970459 2.139907121658325 2.425769329071045
388 6.234438419342041 6.235018253326416 3.365948438644409 4.223305702209473 2.4107441902160645 2.402076244354248
389 6.130738258361816 6.1325154304504395 3.537945508956909 4.6075968742370605 2.2761175632476807 2.5148823261260986
390 5.803958415985107 5.78074312210083 3.4578471183776855 4.444688320159912 2.2775888442993164 2.3953697681427
391 5.873134136199951 5.835217475891113 3.435953140258789 4.350933074951172 2.327528953552246 2.2729194164276123
392 5.937860012054443 5.87752103805542 3.4701292514801025 4.212176322937012 2.3994529247283936 2.0172924995422363
393 6.734694480895996 6.777111053466797 3.8063549995422363 4.405688285827637 2.5453031063079834 2.190058946609497
394 5.962820053100586 5.952391147613525 3.647268295288086 4.425043106079102 2.3006789684295654 2.3379759788513184
395 4.905712127685547 4.776276111602783 3.2877635955810547 4.219188213348389 2.348670244216919 2.1073431968688965
396 4.725152969360352 4.596614837646484 3.2504172325134277 4.244195461273193 2.013925552368164 2.188373327255249
397 6.051779270172119 6.069417953491211 3.3414063453674316 4.27211332321167 2.1048974990844727 2.2061121463775635
398 5.129734516143799 5.099696159362793 3.2564992904663086 4.116087913513184 2.1927170753479004 1.957156777381897
399 5.245283603668213 5.224248886108398 3.1024084091186523 4.652013778686523 1.8360241651535034 2.4682555198669434
400 5.384706497192383 5.301690578460693 3.1295714378356934 3.936375379562378 2.1842691898345947 2.4363253116607666
401 5.6737380027771 5.578055381774902 3.3218722343444824 3.6753318309783936 2.413088083267212 2.124423027038574
402 5.082136154174805 4.932902812957764 3.206481695175171 3.6032400131225586 2.0891077518463135 2.201408624649048
403 5.417665481567383 5.273953437805176 3.177680730819702 4.303398132324219 2.1827585697174072 2.4120635986328125
404 5.834628105163574 5.781128406524658 3.4400153160095215 4.310482501983643 2.268155813217163 2.379333734512329
405 5.414847373962402 5.310081958770752 3.5216519832611084 4.318961143493652 2.316237211227417 2.1908721923828125
406 5.5633392333984375 5.467903137207031 3.4262170791625977 4.241994857788086 2.361726760864258 1.9893585443496704
407 5.8394999504089355 5.8200297355651855 3.4889941215515137 4.758202075958252 2.2421417236328125 2.2539610862731934
408 6.264567852020264 6.2849555015563965 3.646564483642578 4.787135124206543 2.5237343311309814 2.534478187561035
409 5.593137741088867 5.499791145324707 3.3061563968658447 4.507096767425537 2.3812365531921387 2.3567073345184326
410 4.872525691986084 4.734439373016357 3.279838800430298 3.9618589878082275 2.1524176597595215 2.3475186824798584
411 5.169299602508545 5.059085369110107 3.486316204071045 3.6243605613708496 2.2651519775390625 2.590587615966797
412 5.110413551330566 4.992786884307861 3.419888496398926 3.864835500717163 2.3024191856384277 2.2864181995391846
413 5.440189838409424 5.407719612121582 3.3681414127349854 4.556277751922607 2.4124515056610107 2.4211642742156982
414 4.958971977233887 4.913904190063477 3.377138614654541 4.607271671295166 2.343068838119507 2.1304500102996826
415 5.274258136749268 5.196371078491211 3.306058883666992 4.560530185699463 2.2331881523132324 2.3580737113952637
416 4.7973551750183105 4.665281772613525 3.232509136199951 4.332936763763428 2.038604736328125 2.192336320877075
417 4.992773532867432 4.885982513427734 3.018829107284546 4.325007915496826 2.201803684234619 2.099259376525879
418 5.191335678100586 5.190894603729248 3.432857036590576 4.2340216636657715 2.2244436740875244 2.081455945968628
419 5.990367412567139 5.944149017333984 3.378077268600464 4.2573771476745605 2.5787770748138428 2.064324140548706
420 4.992733955383301 4.866937160491943 3.082482099533081 4.072414875030518 2.2600934505462646 1.888227105140686
421 39.524932861328125 39.65684127807617 3.508655309677124 4.439528465270996 2.5019872188568115 2.397686004638672
