1 	 12.779873847961426
2 	 11.797385215759277
3 	 10.514655113220215
4 	 9.213961601257324
5 	 8.704510688781738
6 	 7.684563636779785
7 	 7.050558090209961
8 	 6.281795501708984
9 	 4.902397632598877
10 	 4.126117706298828
11 	 3.882131576538086
12 	 2.692115068435669
13 	 2.578308343887329
14 	 2.993023157119751
15 	 1.8051131963729858
16 	 1.8710845708847046
17 	 1.6529736518859863
18 	 1.747084140777588
19 	 1.5984054803848267
20 	 1.6144241094589233
21 	 1.5040011405944824
22 	 1.276565670967102
23 	 1.2559223175048828
24 	 1.2680813074111938
25 	 1.421915054321289
26 	 1.3012372255325317
27 	 1.5454586744308472
28 	 1.6353380680084229
29 	 1.4163715839385986
30 	 1.4607834815979004
31 	 1.1443853378295898
32 	 1.027866244316101
33 	 0.9375179409980774
34 	 1.0863111019134521
35 	 1.2007139921188354
36 	 1.0475332736968994
37 	 1.0082190036773682
38 	 1.2227692604064941
39 	 1.3265827894210815
40 	 1.3495793342590332
41 	 1.1257119178771973
42 	 1.074547290802002
43 	 1.262890338897705
44 	 1.2000200748443604
45 	 0.9888535737991333
46 	 1.0959175825119019
47 	 1.1522114276885986
48 	 1.051796555519104
49 	 0.957792341709137
50 	 0.9891509413719177
51 	 1.3396005630493164
52 	 1.2170718908309937
53 	 1.08561110496521
54 	 0.8551027178764343
55 	 0.8849055767059326
56 	 0.8467758297920227
57 	 0.9036223888397217
58 	 0.8439445495605469
59 	 0.7630981206893921
60 	 0.8291178345680237
61 	 0.9562876224517822
62 	 1.010245442390442
63 	 1.041179895401001
64 	 1.1060129404067993
65 	 1.3752856254577637
66 	 1.7504836320877075
67 	 3.5409317016601563
68 	 3.90043568611145
69 	 4.175930500030518
70 	 5.0621747970581055
71 	 4.833824634552002
72 	 3.7245895862579346
73 	 2.7236905097961426
74 	 1.4651477336883545
75 	 0.9872745275497437
76 	 0.965555727481842
77 	 0.8139688968658447
78 	 0.7221472263336182
79 	 0.6843641996383667
80 	 0.7484229207038879
81 	 0.7917395830154419
82 	 0.8847931623458862
83 	 0.9556883573532104
84 	 0.8451551198959351
85 	 0.9173814058303833
86 	 0.961993396282196
87 	 0.8823720812797546
88 	 0.870293140411377
89 	 0.9090756773948669
90 	 0.9844490885734558
91 	 0.8446593284606934
92 	 0.8335370421409607
93 	 0.9359654188156128
94 	 1.0493204593658447
95 	 1.0922132730484009
96 	 1.0780621767044067
97 	 1.3060647249221802
98 	 1.7374732494354248
99 	 1.9745726585388184
100 	 2.1688332557678223
101 	 2.234788179397583
102 	 1.5503969192504883
103 	 2.0163371562957764
104 	 1.59614098072052
105 	 1.8271539211273193
106 	 2.149265766143799
107 	 1.8480616807937622
108 	 1.1611721515655518
109 	 1.0116770267486572
110 	 1.7119715213775635
111 	 1.961574673652649
112 	 1.993402123451233
113 	 1.2474325895309448
114 	 1.252386212348938
115 	 1.4192124605178833
116 	 1.4196596145629883
117 	 1.1726768016815186
118 	 1.3092191219329834
119 	 1.8701215982437134
120 	 2.339195966720581
121 	 3.0832200050354004
122 	 3.3873209953308105
123 	 1.8686059713363647
124 	 1.603273868560791
125 	 2.041757106781006
126 	 2.173733949661255
127 	 1.5024765729904175
128 	 0.913914680480957
129 	 0.7546836733818054
130 	 0.7984794974327087
131 	 0.7100825905799866
132 	 0.6422684192657471
133 	 0.5231844186782837
134 	 0.4963729679584503
135 	 0.471300333738327
136 	 0.47257232666015625
137 	 0.5840321183204651
138 	 0.5861969590187073
139 	 0.624040961265564
140 	 0.68062424659729
141 	 0.7960501909255981
142 	 0.9289988279342651
143 	 0.7752694487571716
144 	 0.7416282892227173
145 	 0.6941803693771362
146 	 0.7193906307220459
147 	 0.7842051386833191
148 	 0.8081817030906677
149 	 0.7716104984283447
150 	 0.8914807438850403
151 	 0.9522221088409424
152 	 0.9454805850982666
153 	 0.819751501083374
154 	 0.8028945922851563
155 	 0.8856145143508911
156 	 0.841342568397522
157 	 0.7357951998710632
158 	 0.7749412655830383
159 	 0.8616949319839478
160 	 0.8234078288078308
161 	 0.7954293489456177
162 	 0.8898221850395203
163 	 0.9872243404388428
164 	 0.9415280222892761
165 	 0.91349858045578
166 	 1.0528017282485962
167 	 1.2744543552398682
168 	 1.3876017332077026
169 	 1.7562536001205444
170 	 2.081819534301758
171 	 2.1174824237823486
172 	 1.533156156539917
173 	 1.0591299533843994
174 	 0.7916730046272278
175 	 0.8232185244560242
176 	 0.7345636487007141
177 	 0.7501433491706848
178 	 0.8119497895240784
179 	 0.9087055325508118
180 	 1.1577692031860352
181 	 1.5085647106170654
182 	 1.4012507200241089
183 	 1.6984269618988037
184 	 1.8802697658538818
185 	 2.0549771785736084
186 	 1.6080774068832397
187 	 1.2737622261047363
188 	 1.653563141822815
189 	 1.5737663507461548
190 	 1.0794260501861572
191 	 1.3212931156158447
192 	 1.619485855102539
193 	 1.3336231708526611
194 	 1.189815878868103
195 	 0.9185569882392883
196 	 0.968766450881958
197 	 0.9560782313346863
198 	 1.3107845783233643
199 	 1.3007367849349976
200 	 1.4962725639343262
201 	 2.003680467605591
202 	 1.861122488975525
203 	 2.0451385974884033
204 	 2.0709292888641357
205 	 1.6531437635421753
206 	 1.6294746398925781
207 	 1.9887595176696777
208 	 1.9300283193588257
209 	 1.566957712173462
210 	 1.3915472030639648
211 	 1.2460066080093384
212 	 1.025707483291626
213 	 0.992046594619751
214 	 0.9653269648551941
215 	 0.9024026989936829
216 	 0.8597723245620728
217 	 0.8034266829490662
218 	 0.7143998146057129
219 	 0.7552310228347778
220 	 0.6405062675476074
221 	 0.6295250654220581
222 	 0.6830132603645325
223 	 0.8167397975921631
224 	 1.0177937746047974
225 	 1.0915051698684692
226 	 0.9746260643005371
227 	 1.0708231925964355
228 	 0.6659784317016602
229 	 0.6085959672927856
230 	 0.5629851818084717
231 	 0.5752855539321899
232 	 0.6006714701652527
233 	 0.6507424712181091
234 	 0.7440410852432251
235 	 0.6643981337547302
236 	 0.6360512375831604
237 	 0.6217733025550842
238 	 0.5904713869094849
239 	 0.5684512257575989
240 	 0.5038362741470337
241 	 0.4677230715751648
242 	 0.5131102204322815
243 	 0.6064658761024475
244 	 0.7596808671951294
245 	 0.9098789691925049
246 	 1.1670783758163452
247 	 0.8968163132667542
248 	 1.121376872062683
249 	 0.7809011936187744
250 	 0.8161064982414246
251 	 0.8223142027854919
252 	 0.6149503588676453
253 	 0.6031949520111084
254 	 0.7419028282165527
255 	 0.7133796215057373
256 	 0.6219473481178284
257 	 0.6960325837135315
258 	 0.8094202280044556
259 	 0.7404118180274963
260 	 0.6353548169136047
261 	 0.7352625131607056
262 	 0.7626175284385681
263 	 0.7317508459091187
264 	 0.7708420753479004
265 	 0.8621887564659119
266 	 0.8689663410186768
267 	 0.855110764503479
268 	 0.9523088932037354
269 	 1.1123491525650024
270 	 1.219468593597412
271 	 1.1303008794784546
272 	 0.9066417217254639
273 	 0.8042168021202087
274 	 0.6815030574798584
275 	 0.7276996374130249
276 	 0.783789336681366
277 	 0.8410958051681519
278 	 0.9198423027992249
279 	 0.9082925915718079
280 	 0.7727434039115906
281 	 0.7216142416000366
282 	 0.6735521554946899
283 	 0.678950309753418
284 	 0.6311453580856323
285 	 0.6557775139808655
286 	 0.7401058077812195
287 	 0.778042733669281
288 	 1.1993131637573242
289 	 0.8328234553337097
290 	 0.8068938851356506
291 	 0.742974042892456
292 	 0.678744375705719
293 	 0.6231463551521301
294 	 0.5387095808982849
295 	 0.5266129970550537
296 	 0.4693382978439331
297 	 0.6333135366439819
298 	 0.5469163060188293
299 	 0.6386757493019104
300 	 0.730729341506958
301 	 0.8855385780334473
302 	 1.0797609090805054
303 	 1.478873610496521
304 	 1.313034176826477
305 	 1.1482787132263184
306 	 1.2484724521636963
307 	 1.5090770721435547
308 	 1.4374946355819702
309 	 1.7377694845199585
310 	 1.552804946899414
311 	 1.2646924257278442
312 	 1.2927801609039307
313 	 1.34358811378479
314 	 1.147324562072754
315 	 0.9584850072860718
316 	 1.0943301916122437
317 	 1.134901762008667
318 	 0.9771064519882202
319 	 0.9131798148155212
320 	 0.721092164516449
321 	 0.9007133841514587
322 	 0.8452664017677307
323 	 0.8666135668754578
324 	 1.00209641456604
325 	 1.2388912439346313
326 	 2.7754147052764893
327 	 4.867068290710449
328 	 6.408167839050293
329 	 7.185543060302734
330 	 7.585048198699951
331 	 7.772011756896973
332 	 6.657843589782715
333 	 5.066842079162598
334 	 3.152405023574829
335 	 1.5252190828323364
336 	 0.9857900142669678
337 	 0.767328143119812
338 	 0.6722276210784912
339 	 0.5739031434059143
340 	 0.5218085050582886
341 	 0.5653026103973389
342 	 0.7636127471923828
343 	 0.8897548317909241
344 	 0.7891241312026978
345 	 0.8285321593284607
346 	 0.975292444229126
347 	 0.7669503092765808
348 	 0.6877217292785645
349 	 0.5839556455612183
350 	 0.6177399158477783
351 	 0.6339733600616455
352 	 0.5760940909385681
353 	 0.5238707661628723
354 	 0.6058427691459656
355 	 0.6638488173484802
356 	 0.6138082146644592
357 	 0.6690961122512817
358 	 0.7506464719772339
359 	 0.7603201866149902
360 	 0.781838059425354
361 	 0.8456775546073914
362 	 0.8624404072761536
363 	 0.8561025857925415
364 	 0.9149482846260071
365 	 1.0203640460968018
366 	 1.050501823425293
367 	 1.1506835222244263
368 	 1.3431980609893799
369 	 1.430920958518982
370 	 1.5104591846466064
371 	 1.788498878479004
372 	 2.0507614612579346
373 	 2.032888889312744
374 	 1.9045748710632324
375 	 1.9244738817214966
376 	 1.8888455629348755
377 	 2.1638100147247314
378 	 2.19714617729187
379 	 1.7020379304885864
380 	 1.5705256462097168
381 	 1.7711223363876343
382 	 2.6710355281829834
383 	 3.846759557723999
384 	 5.383497714996338
