1 	 5.957466125488281
2 	 5.0995588302612305
3 	 4.806098937988281
4 	 3.5357825756073
5 	 2.887721300125122
6 	 2.727099895477295
7 	 2.4611642360687256
8 	 2.1092495918273926
9 	 2.131209135055542
10 	 1.7520525455474854
11 	 1.3971309661865234
12 	 1.5614242553710938
13 	 1.6275405883789063
14 	 1.495391845703125
15 	 1.650069236755371
16 	 1.6835519075393677
17 	 1.4009931087493896
18 	 1.4919894933700562
19 	 1.3623261451721191
20 	 1.5730524063110352
21 	 1.7131142616271973
22 	 1.451275110244751
23 	 1.3685317039489746
24 	 1.4079548120498657
25 	 1.5318248271942139
26 	 1.2925794124603271
27 	 1.5890682935714722
28 	 1.6374545097351074
29 	 1.2861895561218262
30 	 1.2540907859802246
31 	 1.012082576751709
32 	 0.9437577128410339
33 	 0.8277982473373413
34 	 1.007547378540039
35 	 1.1081520318984985
36 	 0.9885082244873047
37 	 0.9437321424484253
38 	 1.1541216373443604
39 	 1.2006096839904785
40 	 1.1886341571807861
41 	 0.9865537881851196
42 	 0.9400681257247925
43 	 1.0799005031585693
44 	 0.9979995489120483
45 	 0.7869547605514526
46 	 0.8555060029029846
47 	 1.0582356452941895
48 	 0.846573531627655
49 	 0.7281040549278259
50 	 0.6657729744911194
51 	 0.8485358953475952
52 	 0.77778160572052
53 	 0.7872299551963806
54 	 0.6032687425613403
55 	 0.6513370275497437
56 	 0.6608315110206604
57 	 0.7349744439125061
58 	 0.703582763671875
59 	 0.5758129358291626
60 	 0.6625955700874329
61 	 0.8135626316070557
62 	 0.9331504106521606
63 	 0.9395484328269958
64 	 1.2492612600326538
65 	 2.046943426132202
66 	 1.7377734184265137
67 	 1.7159571647644043
68 	 1.847413182258606
69 	 2.438774824142456
70 	 3.2418580055236816
71 	 3.2975046634674072
72 	 2.9111790657043457
73 	 2.1495273113250732
74 	 1.2038480043411255
75 	 0.8897645473480225
76 	 0.8187799453735352
77 	 0.6641895771026611
78 	 0.5950302481651306
79 	 0.5598459839820862
80 	 0.5643202662467957
81 	 0.6081628799438477
82 	 0.7555140256881714
83 	 0.6999160051345825
84 	 0.552464485168457
85 	 0.6189504861831665
86 	 0.7167333364486694
87 	 0.6679161787033081
88 	 0.622352123260498
89 	 0.6692829728126526
90 	 0.7394496202468872
91 	 0.655629575252533
92 	 0.6569615602493286
93 	 0.7894285321235657
94 	 0.8899006843566895
95 	 1.0474621057510376
96 	 1.142519235610962
97 	 1.3546942472457886
98 	 1.7153204679489136
99 	 2.0690040588378906
100 	 2.320599317550659
101 	 2.00998854637146
102 	 1.9638164043426514
103 	 2.1648383140563965
104 	 1.6665030717849731
105 	 1.8334709405899048
106 	 2.191333770751953
107 	 2.0800681114196777
108 	 1.6629016399383545
109 	 2.3355207443237305
110 	 2.733480453491211
111 	 2.060114860534668
112 	 1.9801437854766846
113 	 1.071393370628357
114 	 1.0340774059295654
115 	 1.0709532499313354
116 	 1.308457851409912
117 	 1.2647684812545776
118 	 1.056158185005188
119 	 1.657822608947754
120 	 2.627514123916626
121 	 3.28171443939209
122 	 2.1651339530944824
123 	 1.7995448112487793
124 	 1.2470000982284546
125 	 1.3088979721069336
126 	 1.0368977785110474
127 	 1.0748919248580933
128 	 0.790230393409729
129 	 0.6967806220054626
130 	 0.7759902477264404
131 	 0.6929682493209839
132 	 0.6218824982643127
133 	 0.4974181056022644
134 	 0.4587893486022949
135 	 0.4420684576034546
136 	 0.4222544729709625
137 	 0.49847012758255005
138 	 0.46739718317985535
139 	 0.5401122570037842
140 	 0.567547619342804
141 	 0.6265531778335571
142 	 0.8415578007698059
143 	 0.5883210301399231
144 	 0.5209295749664307
145 	 0.5492690801620483
146 	 0.6438176035881042
147 	 0.6911910772323608
148 	 0.6047446727752686
149 	 0.5558043718338013
150 	 0.663439154624939
151 	 0.7088529467582703
152 	 0.7530852556228638
153 	 0.6207809448242188
154 	 0.5830529928207397
155 	 0.6525416374206543
156 	 0.6682061553001404
157 	 0.608489990234375
158 	 0.6200596690177917
159 	 0.7120414972305298
160 	 0.7073057889938354
161 	 0.7040398716926575
162 	 0.7533621191978455
163 	 0.8579793572425842
164 	 0.7998558282852173
165 	 0.7511456608772278
166 	 0.8896671533584595
167 	 1.0247199535369873
168 	 1.0639394521713257
169 	 1.4036306142807007
170 	 1.660143256187439
171 	 1.577555537223816
172 	 1.0546561479568481
173 	 0.9077957272529602
174 	 0.7438313961029053
175 	 0.8408395648002625
176 	 0.7045145034790039
177 	 0.7177658081054688
178 	 0.7038248181343079
179 	 0.8269983530044556
180 	 1.1654841899871826
181 	 1.6089168787002563
182 	 1.515148401260376
183 	 2.036407947540283
184 	 2.5201454162597656
185 	 2.996772289276123
186 	 2.2099132537841797
187 	 1.712187647819519
188 	 2.632776975631714
189 	 2.531611680984497
190 	 1.50154447555542
191 	 1.992185354232788
192 	 2.6534740924835205
193 	 1.977779746055603
194 	 1.5011324882507324
195 	 1.108875036239624
196 	 1.2812191247940063
197 	 1.0836418867111206
198 	 1.3932209014892578
199 	 1.2905224561691284
200 	 1.2028453350067139
201 	 1.703539490699768
202 	 1.7610431909561157
203 	 2.0492212772369385
204 	 2.2181813716888428
205 	 1.6571037769317627
206 	 1.536996841430664
207 	 2.0957908630371094
208 	 2.040358304977417
209 	 1.4151214361190796
210 	 1.3695162534713745
211 	 1.1693369150161743
212 	 0.8906390070915222
213 	 0.8528922200202942
214 	 0.8270630240440369
215 	 0.7966045141220093
216 	 0.7188131213188171
217 	 0.6090497374534607
218 	 0.5898633599281311
219 	 0.7558908462524414
220 	 0.562629759311676
221 	 0.569884181022644
222 	 0.5790107250213623
223 	 0.7156628966331482
224 	 1.0127835273742676
225 	 1.3573479652404785
226 	 1.0712467432022095
227 	 0.9176170825958252
228 	 0.532968282699585
229 	 0.5132258534431458
230 	 0.464980810880661
231 	 0.4436000883579254
232 	 0.4494132697582245
233 	 0.49598631262779236
234 	 0.6365117430686951
235 	 0.659525990486145
236 	 0.587762713432312
237 	 0.4881287217140198
238 	 0.4754858911037445
239 	 0.45544546842575073
240 	 0.42945101857185364
241 	 0.41519489884376526
242 	 0.48547297716140747
243 	 0.5998885035514832
244 	 0.683987021446228
245 	 0.7862324714660645
246 	 0.9260194897651672
247 	 0.8508145809173584
248 	 0.9864810705184937
249 	 0.7450787425041199
250 	 0.7600448131561279
251 	 0.713422417640686
252 	 0.5583133101463318
253 	 0.5750402808189392
254 	 0.6694766879081726
255 	 0.6574817299842834
256 	 0.6031040549278259
257 	 0.6717000007629395
258 	 0.750290036201477
259 	 0.6738321185112
260 	 0.5939885973930359
261 	 0.6438276171684265
262 	 0.6672067046165466
263 	 0.6762528419494629
264 	 0.6794172525405884
265 	 0.7708622217178345
266 	 0.7617798447608948
267 	 0.791999101638794
268 	 0.8823444843292236
269 	 1.0242310762405396
270 	 1.0992053747177124
271 	 0.9725154042243958
272 	 0.735473096370697
273 	 0.6898635625839233
274 	 0.560698390007019
275 	 0.5646805763244629
276 	 0.6454244256019592
277 	 0.7144339680671692
278 	 0.9186285138130188
279 	 0.8745481371879578
280 	 0.6954705119132996
281 	 0.6648766398429871
282 	 0.6075817346572876
283 	 0.5576704144477844
284 	 0.6140626072883606
285 	 0.7336586713790894
286 	 1.021252989768982
287 	 0.8176233768463135
288 	 0.7395696043968201
289 	 0.7153235673904419
290 	 0.6243548393249512
291 	 0.6743090152740479
292 	 0.626753568649292
293 	 0.5938460826873779
294 	 0.5401195883750916
295 	 0.5263198614120483
296 	 0.46869900822639465
297 	 0.6865838170051575
298 	 0.5749986171722412
299 	 0.68736732006073
300 	 0.704041600227356
301 	 0.8016093969345093
302 	 0.9713057279586792
303 	 1.472582221031189
304 	 1.1699230670928955
305 	 0.9747611284255981
306 	 1.1963504552841187
307 	 1.4439843893051147
308 	 1.27406644821167
309 	 1.6197352409362793
310 	 1.6582554578781128
311 	 1.2237046957015991
312 	 1.212050437927246
313 	 1.3096299171447754
314 	 1.1138538122177124
315 	 0.8648333549499512
316 	 1.040378451347351
317 	 1.1213511228561401
318 	 0.9255073666572571
319 	 0.8741948008537292
320 	 0.6543857455253601
321 	 0.7749643325805664
322 	 0.8334406614303589
323 	 0.9020956754684448
324 	 1.0683510303497314
325 	 1.804210901260376
326 	 3.476318836212158
327 	 5.240957260131836
328 	 6.644935131072998
329 	 7.394225597381592
330 	 7.3625359535217285
331 	 8.002152442932129
332 	 6.706193923950195
333 	 5.514968395233154
334 	 3.2593002319335938
335 	 1.7116354703903198
336 	 1.0968536138534546
337 	 0.872925877571106
338 	 0.7120670676231384
339 	 0.5510326623916626
340 	 0.5062342286109924
341 	 0.5514990091323853
342 	 0.7220218777656555
343 	 0.7443946599960327
344 	 0.7120075225830078
345 	 0.793725848197937
346 	 0.9028759598731995
347 	 0.7389987111091614
348 	 0.740136444568634
349 	 0.620590090751648
350 	 0.5852298736572266
351 	 0.6330276131629944
352 	 0.5681962966918945
353 	 0.508256733417511
354 	 0.6041695475578308
355 	 0.6613701581954956
356 	 0.5698642730712891
357 	 0.6173473596572876
358 	 0.6676177978515625
359 	 0.664984405040741
360 	 0.6556395888328552
361 	 0.7126815915107727
362 	 0.7255401015281677
363 	 0.6859245896339417
364 	 0.7397775053977966
365 	 0.8896190524101257
366 	 0.8860660791397095
367 	 0.9900698661804199
368 	 1.16959547996521
369 	 1.2072993516921997
370 	 1.2716642618179321
371 	 1.5304434299468994
372 	 1.7467800378799438
373 	 1.7625091075897217
374 	 1.562971591949463
375 	 1.4997636079788208
376 	 1.228172779083252
377 	 1.5589063167572021
378 	 1.6308029890060425
379 	 1.328698754310608
380 	 1.4150253534317017
381 	 1.9485827684402466
382 	 2.961634635925293
383 	 4.01708459854126
384 	 5.537847518920898
