0 81.73384594400707
1 88.20563185468883
2 86.38490806813577
3 89.77978637104295
4 82.28742066926816
5 83.32564595571672
6 87.56599733165046
7 88.76904597233003
8 88.50218012299723
9 87.84671442677417
10 88.17478380542565
11 86.84511364180936
12 86.44599269581241
13 88.24594324004497
14 85.0839314565949
15 88.63655068146342
16 85.6278036815424
17 84.1513128954299
18 85.86570557510034
19 85.43584086622437
20 84.32677031564349
21 81.19868470672738
22 88.44113416060175
23 89.23466855261856
24 88.90677274037482
25 87.20079206445226
26 86.6779641481575
27 87.57589639440876
28 86.37312809668776
29 78.46467911684232
30 85.89647733228976
31 80.85573698065903
32 82.00530363181339
33 76.70721463617853
34 74.22935771844311
35 78.92259664753111
36 81.26672128086464
37 84.48777197458242
38 83.00615813117123
39 87.55041663624468
40 84.70047881637907
41 85.82752748288371
42 87.795328294637
43 87.80625568748076
44 89.22969035440673
45 89.45199133981501
46 76.65283374781623
47 79.55063303017329
48 83.4728215209367
49 77.76928032226868
50 81.9557904122317
51 82.27143613989709
52 72.20898531821275
53 76.68775367583079
54 79.49157242060696
55 83.61463424947357
56 82.89989821364072
57 77.4102600272801
58 88.5620151980748
59 81.12915942913041
60 85.51878844838328
61 88.2331764765049
62 89.10878655953726
63 79.21076778582768
64 75.57781739165337
65 83.2395711408859
66 86.17472996732668
67 76.5725808272251
68 89.06061511572253
69 81.57443405656471
70 81.76421408214037
71 80.68581105331077
72 79.09034502693531
73 77.21513201013202
74 81.77929732475711
75 79.28488668953031
76 86.47054054139757
77 81.21637731763798
78 82.88627819230824
79 86.22629001361514
80 77.40403109525063
81 77.49054770099085
82 82.55124531183132
83 89.6534822905912
84 84.23130581020828
85 89.8575723771747
86 78.44274360304138
87 88.80079702339688
88 88.52897731372455
89 85.98746872659751
90 89.16966292382816
91 88.12386405551875
92 88.33739841512906
93 88.57654174350132
94 89.62355571696948
95 87.10301448380929
96 84.88906347606884
97 84.223388569577
98 88.85068298441882
99 89.65835269393524
100 82.8224471927468
101 87.50241587291845
102 83.46255083767291
103 89.53222492708129
104 88.4775307117701
105 84.038372745849
106 89.82818849043703
107 87.82022079840763
108 87.80905410392546
109 83.73074206517748
110 88.41447507569427
111 88.34411084688398
112 84.95491627205186
113 89.25702482312013
114 85.89260640356622
115 89.95445592972426
116 85.73543524296562
117 88.02008882426495
118 82.2602379145828
119 82.63386106432921
120 87.6148384869111
121 89.67084866469078
122 89.37136131304837
123 85.86338369953823
124 87.3713247417443
125 86.85253520368617
126 89.40535174289737
127 84.37345592166153
128 83.70066598549212
129 89.71377323917159
130 86.70495173750986
131 89.02623457929849
132 88.12353806268935
133 84.10244299627759
134 86.86361297538895
135 88.29981428983866
136 80.14704328370661
137 85.31878034044774
138 88.28730124456061
139 83.28863178507626
140 76.85317323751725
141 79.34395724410761
142 82.36443586806968
143 81.47541010173197
144 79.51032929612245
145 81.93255303666663
146 78.95270787572828
147 77.10826438249313
148 84.64970731675294
149 79.81457408706764
150 75.30957123277831
151 75.510900734646
152 76.02393867995639
153 81.59779600153647
154 75.46311982726287
155 82.52922117197765
156 78.52774804430153
157 80.90752695351446
158 71.34192208029967
159 77.85985635876088
160 83.64798327566444
161 77.78504964070662
162 72.06040799666488
163 73.71774988660371
164 70.70447639140183
165 76.40883835639221
166 69.67732089754833
167 74.23585397614711
168 73.76954744545625
169 77.74564837722885
170 70.11689074167434
171 71.01201898637893
172 82.04301224853566
173 69.59260541037807
174 73.49066809477051
175 74.77671015031946
176 72.45052530415062
177 66.29730916297362
178 72.15621146301355
179 76.93448076597896
180 82.35537240720583
181 79.78516605265384
182 73.41335871094041
183 79.84169878252146
184 79.87279343549682
185 83.57663727320019
186 80.32295545634011
187 87.95862146184642
188 81.5856465602301
189 80.74550734932909
190 85.14175874810127
191 84.05649928292999
192 86.11993127554253
193 82.62685717426709
194 86.34937006160564
195 85.07690473946587
196 87.1127862179573
197 79.81078615607704
198 84.02106179488133
199 80.51350147536927
200 82.15257860474468
201 85.49880182713025
202 79.98292323146332
203 75.20504785797715
204 73.36704842242503
205 80.13866249798266
206 76.47493864125717
207 72.76692203729577
208 79.48692666726517
209 81.60391086573713
210 84.69403893140071
211 80.30073606619966
212 77.7294606703601
213 85.04707951802773
214 74.1086949261378
215 84.17819204039807
216 77.64540488762194
217 78.28632436833074
218 75.99639478822034
219 85.17476062862754
220 76.74429395939624
221 75.58975337924717
222 82.35569029387501
223 78.35444815464524
224 75.6648393499454
225 74.4403583099572
226 82.72223372766602
227 81.83932039613816
228 79.859816624794
229 80.86889792232395
230 76.24470904691334
231 82.55543038474605
232 85.02675685036978
233 84.98576958508771
234 82.35208743450981
235 84.18227378595388
236 78.56817142482804
237 88.22347352964385
238 87.09685900946467
239 88.97772639775769
240 83.15241569048784
241 80.00460894862404
242 82.96900892532192
243 87.23004705716986
244 81.14679105305443
245 83.61646134792892
246 79.31065852684648
247 85.21685609917097
248 81.05520739525271
249 79.13658689069969
250 86.93655544798246
251 87.04967745827808
252 78.15931662352178
253 87.62478385805463
254 87.88323185776673
255 84.40952058058751
256 83.35058558353158
257 82.62386940230807
258 86.15199035521297
259 85.08214413075001
260 80.90981022147122
261 79.37616039947689
262 75.73965317038419
263 82.20401527789183
264 87.33104132995325
265 85.47296508204956
266 77.67573574654337
267 82.9918205039674
268 89.37868483490405
269 80.61120820548881
270 79.3054855802352
271 86.39762192912096
272 77.05435896114926
273 77.0975381242458
274 83.41352569816938
275 87.13193968423508
276 82.71162955295635
277 79.66923984131512
278 81.27777808998275
279 76.96430782920432
280 77.8529657881468
281 78.64721958947297
282 76.48428693999402
283 76.52783748001849
284 74.60387463901922
285 80.9295020857022
286 81.68278381593754
287 82.21882676944512
288 79.27336937826992
289 72.7757586281561
290 84.65091817535915
291 76.40591670477521
292 82.97562155206711
293 82.97038306011952
294 85.33468162191747
295 83.67706840675821
296 83.86019678993476
297 87.8889423429069
298 84.85770497011238
299 85.89845603601482
300 79.95096408649691
301 85.0990833341347
302 87.07029056208579
303 81.19749756866494
304 81.23152982878607
305 83.14028365600257
306 85.59529910051165
307 86.87289870359065
308 85.28358059788789
309 82.00658567749852
310 88.65813428640426
311 75.58741027807491
312 83.85791905381687
313 82.21085552520107
314 88.92530892460121
315 78.09602588978147
316 75.53778844067465
317 74.9240076000724
318 82.40995453959401
319 83.48068235343428
320 83.3749872415098
321 76.43663353973103
322 80.93075705546951
323 79.8555556261119
324 80.66660040442177
325 84.48156761518409
326 79.26325713498726
327 74.27645858914559
328 80.31838644800304
329 80.54849373317943
330 78.21141753128849
331 77.21742628549805
332 77.18463932404869
333 75.16491333530361
334 76.95977172765635
335 75.34662089982135
336 76.41999293293519
337 84.39224363083851
338 80.99302716182346
339 76.23733401209505
340 83.73751470864883
341 79.01364379048441
342 77.72560184915869
343 74.80821982463068
344 79.37916090734849
345 80.6839627265887
346 77.67621108583502
347 81.10420676015688
348 79.09894808401636
349 69.98360974080279
350 72.7956734653434
351 73.86169753716554
352 70.6486047074165
353 69.75383483266495
354 77.75340906664083
355 75.4395718364102
356 69.79184548474068
357 73.707921234163
358 71.61122480355219
359 74.59350012543572
360 68.9413126273339
361 69.66048488324851
362 79.13180533968077
363 73.02691271742566
364 88.16384957374413
365 70.21401573873585
366 79.52977485384827
367 79.38204879689611
368 73.28640504759834
369 71.92988821873064
370 73.17467683850992
371 78.19883078453806
372 69.42719707579188
373 73.22696286276047
374 85.06582239615243
375 79.44454126951074
376 75.54466090944022
377 75.34718766676504
378 81.33340358331405
379 83.36060918268117
380 79.49808954506155
381 82.588065157435
382 82.33809293341905
383 84.9137333962848
384 84.56807656438649
385 84.68374807454379
386 78.83237834313957
387 82.83089840099443
388 86.69060871545538
389 76.4715410518953
390 79.20640630806463
391 76.62321432355856
392 82.02233743451161
393 83.89875624479859
394 84.10496142912588
395 81.20452627977072
396 81.92074311850358
397 88.8215338522402
398 88.49770560667517
399 77.13820294477021
400 76.83569517930492
401 75.98910468407541
402 77.63804679991082
403 78.95578619636349
404 76.50238268153952
405 77.431968447462
406 74.74690797183162
407 68.24187699320687
408 73.74110722468772
409 78.40923146002015
410 82.37852994657462
411 78.82562087192876
412 73.60362238858339
413 79.19897889709048
414 80.3155976670929
415 76.37803574727494
416 74.85485637948311
417 83.88224455385397
418 82.38358668047044
419 84.47099237904396
420 85.36530625913025
421 83.14717547054086
