1 2.9223313331604004 2.498199939727783 2.1354167461395264 2.510866403579712 0.8959788084030151 1.4526835680007935
2 3.1649768352508545 2.8220090866088867 2.1643197536468506 2.968655824661255 1.2532377243041992 1.3248850107192993
3 3.5635054111480713 3.24423885345459 2.7325220108032227 3.106220006942749 1.1033087968826294 1.0966989994049072
4 3.433281898498535 3.1412296295166016 2.8653013706207275 3.129619598388672 1.030013918876648 1.3363887071609497
5 3.38742733001709 3.1828980445861816 2.6776912212371826 3.2551193237304688 0.9426249861717224 1.2516998052597046
6 3.1839191913604736 2.7815256118774414 2.822658061981201 2.250603437423706 1.055861473083496 1.2445933818817139
7 3.1173508167266846 2.5437746047973633 2.502622365951538 2.193617582321167 1.0969536304473877 1.1325069665908813
8 3.5076920986175537 3.129237174987793 3.2378478050231934 2.592895746231079 1.2608660459518433 1.4366523027420044
9 3.425607442855835 3.037899971008301 2.857133388519287 2.3049726486206055 1.0342044830322266 1.912316918373108
10 3.308053731918335 2.934281826019287 3.050006628036499 2.195099115371704 1.0632939338684082 1.630543828010559
11 3.152597665786743 2.759721040725708 3.031611919403076 1.9439579248428345 1.2528672218322754 1.623799443244934
12 3.1851565837860107 2.8133318424224854 2.816895008087158 2.2698941230773926 1.100772500038147 1.865678071975708
13 3.202444553375244 2.807804822921753 2.5054969787597656 2.603145122528076 1.2385339736938477 1.3914414644241333
14 3.2210659980773926 2.8444132804870605 2.780388355255127 2.248478889465332 1.127981424331665 1.321368932723999
15 3.0721755027770996 2.685546398162842 2.8842597007751465 2.137408971786499 1.074527382850647 1.226733922958374
16 3.032158374786377 2.6139988899230957 2.9906880855560303 1.9521286487579346 1.1140986680984497 1.2331066131591797
17 3.14957857131958 2.761492967605591 2.6242403984069824 1.9843111038208008 1.1984879970550537 1.2727222442626953
18 2.8235933780670166 2.3054826259613037 2.1247141361236572 2.1727194786071777 1.0539329051971436 1.0148365497589111
19 2.760352849960327 2.2060558795928955 2.149078369140625 2.112201690673828 0.9742418527603149 1.067908763885498
20 2.8576369285583496 2.3014755249023438 2.267204523086548 2.1548688411712646 1.2635233402252197 1.0928306579589844
21 4.068774700164795 3.7566330432891846 2.5627143383026123 3.049349784851074 1.5901786088943481 1.977478265762329
22 3.302504539489746 2.737959146499634 2.239502191543579 2.42409348487854 1.315391182899475 1.7399523258209229
23 3.0503652095794678 2.574848175048828 2.334199905395508 2.3879456520080566 1.2058647871017456 1.5510003566741943
24 3.288726329803467 2.7997214794158936 2.51997447013855 2.4235329627990723 1.5947377681732178 1.4921321868896484
25 3.7617292404174805 3.390578269958496 2.748448133468628 2.4454658031463623 1.8351305723190308 1.3944082260131836
26 3.5044143199920654 3.057389259338379 2.4854211807250977 2.2544124126434326 1.6407417058944702 1.5575724840164185
27 3.141111135482788 2.6974878311157227 2.6046836376190186 2.203594446182251 1.066021203994751 1.804397463798523
28 3.6910452842712402 3.3121607303619385 2.5627286434173584 2.595902442932129 1.2016758918762207 1.9320632219314575
29 3.2265818119049072 2.7666513919830322 2.708397150039673 2.049544334411621 1.1961755752563477 1.09402596950531
30 3.1657652854919434 2.7349514961242676 2.6001813411712646 2.3023791313171387 1.0587067604064941 1.4967232942581177
31 3.183809757232666 2.7126619815826416 2.64316987991333 2.1400644779205322 1.0239402055740356 1.4170883893966675
32 3.050454616546631 2.535512924194336 2.444711685180664 2.126281976699829 0.9296225905418396 1.321495532989502
33 3.183969259262085 2.6670475006103516 2.7452666759490967 2.054922103881836 1.1145340204238892 1.1735528707504272
34 3.2361812591552734 2.7753357887268066 2.8129823207855225 2.1827645301818848 1.222851276397705 1.2909249067306519
35 3.2672500610351563 2.831998348236084 2.9060003757476807 2.3907108306884766 0.9611003994941711 1.2827376127243042
36 3.5447566509246826 3.214172601699829 3.1215624809265137 2.629708766937256 1.2514694929122925 1.278194785118103
37 3.4783449172973633 3.1566340923309326 3.147357702255249 2.714224338531494 0.8794659972190857 1.1562427282333374
38 3.5554487705230713 3.2218635082244873 2.7379469871520996 2.8730297088623047 1.0448235273361206 1.4198514223098755
39 3.449977397918701 3.05391526222229 2.6819007396698 2.915438413619995 1.2206287384033203 1.5384434461593628
40 3.465541124343872 3.162194013595581 2.819305181503296 3.101799964904785 1.1580842733383179 1.7572394609451294
41 3.9752116203308105 3.716116189956665 2.959801435470581 3.2607009410858154 1.4289203882217407 1.620379090309143
42 3.5517070293426514 3.2606027126312256 2.622690200805664 3.18975830078125 1.3588019609451294 1.8163748979568481
43 3.59309720993042 3.2034759521484375 2.8241400718688965 3.0111799240112305 1.3426283597946167 1.8088054656982422
44 3.3453545570373535 2.951313018798828 2.7865326404571533 2.7480969429016113 1.3665214776992798 1.460583209991455
45 3.6388139724731445 3.2570738792419434 3.1830668449401855 2.700622797012329 1.6194239854812622 1.7248271703720093
46 3.5423777103424072 3.1234219074249268 2.7021238803863525 2.8499436378479004 1.6257874965667725 1.8659956455230713
47 3.470737934112549 3.0341405868530273 2.6485724449157715 2.6802561283111572 1.7344828844070435 1.428673505783081
48 3.439887762069702 2.9790408611297607 2.731241464614868 2.682068109512329 1.3152074813842773 1.3874934911727905
49 3.7466046810150146 3.344796895980835 2.677672863006592 2.643389940261841 1.48366117477417 1.6697943210601807
50 3.427870273590088 2.9403746128082275 2.825904607772827 2.880603313446045 1.8300800323486328 1.7760488986968994
51 3.5483381748199463 3.096566677093506 2.5638628005981445 2.894571304321289 1.7096425294876099 1.8964717388153076
52 3.703813076019287 3.206484794616699 2.354055404663086 2.806525468826294 1.5627743005752563 2.295764684677124
53 3.7141637802124023 3.247872829437256 2.2975244522094727 3.0436878204345703 1.7538912296295166 2.300267219543457
54 3.2990949153900146 2.779721736907959 2.4141640663146973 2.5869898796081543 1.736657977104187 1.6674745082855225
55 3.1080901622772217 2.599954605102539 2.324819564819336 2.536633014678955 1.860213279724121 1.600576400756836
56 3.6470401287078857 3.248476505279541 2.5779616832733154 3.497096300125122 1.8399324417114258 2.3181779384613037
57 3.4764492511749268 2.9109983444213867 2.391575336456299 2.8051869869232178 1.9205068349838257 2.1235570907592773
58 3.2672579288482666 2.683192014694214 2.2495639324188232 2.614773750305176 1.669767141342163 1.9111136198043823
59 3.2550065517425537 2.6468958854675293 2.5171194076538086 2.578800678253174 1.8809335231781006 1.8532599210739136
60 3.3589680194854736 2.8559088706970215 2.4919819831848145 2.782878875732422 1.870035171508789 1.9939806461334229
61 3.3222432136535645 2.796809196472168 2.4104037284851074 2.7400314807891846 1.4653040170669556 1.7509551048278809
62 3.6035077571868896 3.060178279876709 2.752394676208496 3.0709216594696045 1.623175859451294 2.3056538105010986
63 3.484208345413208 2.9248781204223633 3.183069944381714 2.5450785160064697 1.5668314695358276 1.7728968858718872
64 3.588620901107788 3.097583532333374 3.1080212593078613 2.7554540634155273 1.3340141773223877 1.7854540348052979
65 3.1735634803771973 2.5949957370758057 2.2522826194763184 2.6354434490203857 1.4465413093566895 1.9448360204696655
66 3.604764223098755 3.113506317138672 2.837470054626465 2.930854082107544 1.5956683158874512 2.3257813453674316
67 3.621622323989868 3.160311460494995 2.524232864379883 2.732447385787964 1.8053818941116333 2.1900687217712402
68 3.252281427383423 2.697601318359375 2.2855756282806396 2.7685916423797607 1.4434642791748047 1.806074619293213
69 3.231618881225586 2.7506444454193115 2.1871042251586914 2.8069069385528564 1.5557211637496948 2.0840835571289063
70 3.470550298690796 2.9123475551605225 2.3977134227752686 2.743732213973999 1.7769947052001953 2.1535489559173584
71 3.400663137435913 2.947295904159546 2.430874824523926 2.6008200645446777 1.8630837202072144 1.869543433189392
72 3.355961799621582 2.8545353412628174 2.4658162593841553 2.6962294578552246 1.7650593519210815 1.9571528434753418
73 3.566138505935669 3.124969244003296 2.3002841472625732 2.733868360519409 1.761670708656311 2.015604019165039
74 3.4875941276550293 3.0202722549438477 2.5282061100006104 2.858734607696533 1.8490943908691406 2.02504563331604
75 3.3552086353302 2.878056049346924 2.525003433227539 2.626708745956421 1.6667981147766113 1.8278722763061523
76 3.401247501373291 2.921184539794922 2.4170546531677246 2.8700296878814697 1.7129559516906738 2.2513840198516846
77 3.4618334770202637 3.03983211517334 3.1939704418182373 2.5641112327575684 1.8697696924209595 1.777754306793213
78 3.638340950012207 3.240363359451294 3.5466668605804443 2.6230645179748535 1.775654911994934 1.8341296911239624
79 3.424525499343872 3.053062915802002 3.0113654136657715 2.723194122314453 1.4379394054412842 2.0213820934295654
80 3.9528636932373047 3.683107614517212 3.3447556495666504 2.7885947227478027 1.8405405282974243 2.070585012435913
81 3.8128345012664795 3.5635859966278076 3.7504663467407227 2.6767008304595947 1.8377063274383545 1.9646347761154175
82 3.5748543739318848 3.263716220855713 3.686535120010376 2.4867501258850098 1.8693304061889648 1.7393423318862915
83 3.5430142879486084 3.2075517177581787 3.605058193206787 2.547405242919922 1.9508895874023438 1.8299274444580078
84 3.620948314666748 3.2344861030578613 3.3586459159851074 2.7326745986938477 1.967191457748413 2.029165744781494
85 3.8001163005828857 3.5227179527282715 3.6786787509918213 2.644148588180542 1.7947540283203125 2.033935070037842
86 3.655089855194092 3.3273918628692627 3.189037561416626 2.581526756286621 1.8517379760742188 1.527166485786438
87 3.739190101623535 3.4671127796173096 3.334526538848877 3.0869860649108887 2.060396432876587 1.8370931148529053
88 3.7138733863830566 3.3952479362487793 3.546058416366577 2.9540088176727295 1.7677745819091797 1.6471657752990723
89 3.7155227661132813 3.3823764324188232 3.26122784614563 2.833857774734497 1.870693325996399 1.8253257274627686
90 3.7556681632995605 3.4327011108398438 3.3995916843414307 2.9411802291870117 1.665870189666748 1.9875454902648926
91 3.859807252883911 3.5231106281280518 3.5352251529693604 2.906057119369507 2.044450521469116 2.219653367996216
92 3.9002296924591064 3.5283923149108887 3.39785099029541 3.058621883392334 1.853928565979004 1.9717907905578613
93 3.8547823429107666 3.4654297828674316 3.5932884216308594 2.7180378437042236 1.9289220571517944 2.1453909873962402
94 4.07847261428833 3.6439707279205322 3.8923096656799316 2.4610838890075684 2.538804769515991 2.160719871520996
95 3.9698994159698486 3.5240514278411865 3.591177463531494 2.5702006816864014 1.9300413131713867 2.1342179775238037
96 3.877849578857422 3.4976115226745605 3.443099021911621 2.804807186126709 1.890486240386963 2.404808759689331
97 3.818814992904663 3.3885295391082764 3.5058062076568604 2.591179132461548 1.9110087156295776 2.134822368621826
98 3.7377774715423584 3.353851556777954 3.7936854362487793 2.32477068901062 1.8860082626342773 2.2556865215301514
99 3.9094443321228027 3.5692226886749268 3.894973039627075 2.7262825965881348 1.8027267456054688 2.322800636291504
100 3.7575526237487793 3.3641433715820313 3.568345785140991 2.6068618297576904 1.6740516424179077 2.1028976440429688
101 3.6085307598114014 3.115880012512207 3.1409153938293457 2.374260663986206 1.7835582494735718 2.083569288253784
102 3.533463716506958 2.990867853164673 3.2699828147888184 2.1142685413360596 1.7465370893478394 1.7418608665466309
103 3.909353733062744 3.454240083694458 3.7233903408050537 2.367220640182495 2.1380679607391357 1.791390061378479
104 3.918572187423706 3.478729486465454 3.6013803482055664 2.535353422164917 1.9196463823318481 2.5689618587493896
105 3.636294364929199 3.223139524459839 3.711151361465454 2.2986812591552734 1.7527799606323242 2.2726526260375977
106 3.926469326019287 3.5718305110931396 3.6698107719421387 2.703976631164551 1.9151568412780762 2.2629730701446533
107 3.9308712482452393 3.4825191497802734 3.2670702934265137 2.960670232772827 1.810027003288269 2.6642820835113525
108 4.0380096435546875 3.653036117553711 3.5609898567199707 3.12092924118042 2.1441311836242676 2.260794162750244
109 4.074588298797607 3.743828773498535 3.7746613025665283 2.8944482803344727 1.5823825597763062 2.285013198852539
110 4.037147521972656 3.6138417720794678 3.3705852031707764 3.12943434715271 2.0368247032165527 2.214348077774048
111 4.099984169006348 3.687922239303589 3.5395522117614746 3.0394656658172607 2.0052127838134766 2.0036771297454834
112 4.08203649520874 3.7507078647613525 3.9039361476898193 2.9402015209198 2.267052173614502 2.217784881591797
113 3.712416410446167 3.2655858993530273 3.28792405128479 2.713291883468628 1.678960919380188 2.4119365215301514
114 3.841217517852783 3.360882043838501 3.3755390644073486 2.478468179702759 1.9476213455200195 2.164774179458618
115 3.7555034160614014 3.2739789485931396 3.198260545730591 2.625025510787964 1.3664216995239258 2.160057306289673
116 3.8039090633392334 3.4111154079437256 3.5394461154937744 2.436511516571045 1.8962969779968262 2.2275309562683105
117 3.6995584964752197 3.2792441844940186 3.6007728576660156 2.547605276107788 1.699559211730957 1.9214928150177002
118 3.9461605548858643 3.5077273845672607 3.550463914871216 2.4328649044036865 1.759504795074463 2.045402765274048
119 3.8149678707122803 3.2887210845947266 3.1387879848480225 2.3079562187194824 1.9593170881271362 1.9466803073883057
120 4.052023410797119 3.6482670307159424 3.8687994480133057 2.340785503387451 2.0936732292175293 2.070295810699463
121 3.76332688331604 3.3107566833496094 3.538299322128296 2.3425424098968506 1.8686105012893677 2.0008842945098877
122 3.8147799968719482 3.39483380317688 3.433163642883301 2.5433716773986816 1.6433830261230469 1.8146415948867798
123 3.621005058288574 3.192129135131836 3.5878028869628906 2.341639280319214 2.0302577018737793 1.8137800693511963
124 3.8966124057769775 3.5847513675689697 3.6362571716308594 2.9132742881774902 1.7070741653442383 2.4175772666931152
125 3.8465466499328613 3.4982309341430664 3.746225118637085 2.8332066535949707 2.0938808917999268 1.9380863904953003
126 4.004530906677246 3.627768039703369 3.6750574111938477 2.819657325744629 2.3628251552581787 2.321054697036743
127 3.865771770477295 3.5934433937072754 3.5316405296325684 2.944912910461426 1.8130837678909302 2.2149415016174316
128 3.6154568195343018 3.2539875507354736 3.4558448791503906 2.5441055297851563 1.8342528343200684 1.6261038780212402
129 4.036411285400391 3.6405253410339355 3.7092325687408447 2.864694356918335 1.9505866765975952 2.321030616760254
130 4.358686923980713 4.020977973937988 3.969900131225586 2.6665403842926025 2.3790078163146973 2.024003267288208
131 4.170523166656494 3.82822322845459 3.8020050525665283 3.1509640216827393 1.9410395622253418 2.754227638244629
132 3.809962511062622 3.380605936050415 3.5495009422302246 2.845335006713867 2.092949867248535 2.422982692718506
133 4.407393455505371 4.050787448883057 4.028269290924072 3.005606174468994 2.2186970710754395 2.6650471687316895
134 4.105350494384766 3.6637661457061768 3.657996654510498 3.0138041973114014 1.9312225580215454 2.591808795928955
135 3.9039318561553955 3.468144178390503 3.649492025375366 2.8312246799468994 1.8388358354568481 2.4126853942871094
136 3.7146265506744385 3.302351713180542 3.4233789443969727 2.507960319519043 1.8212388753890991 2.047849416732788
137 4.011254787445068 3.5448594093322754 3.899441957473755 2.75258731842041 2.0369560718536377 2.1486427783966064
138 4.296316623687744 3.9053914546966553 3.8237497806549072 2.982926368713379 1.5773003101348877 2.477421283721924
139 3.833873748779297 3.473259210586548 3.948996067047119 2.7644171714782715 1.8364124298095703 1.963548183441162
140 3.654417037963867 3.259620189666748 3.3621609210968018 2.9436116218566895 1.9981342554092407 1.8489041328430176
141 3.682056427001953 3.284546375274658 3.1739821434020996 3.2031962871551514 1.6267045736312866 2.2953968048095703
142 3.816004753112793 3.3931429386138916 3.741243362426758 2.8697519302368164 1.517838716506958 1.627597451210022
143 3.840916395187378 3.518151044845581 3.909360408782959 2.8576772212982178 1.348233938217163 2.012885808944702
144 3.869464874267578 3.485098123550415 3.8152740001678467 2.8225255012512207 1.382286787033081 1.991323471069336
145 3.908008098602295 3.5503835678100586 3.917661428451538 2.98004150390625 1.7537192106246948 2.1921846866607666
146 3.917555332183838 3.579050064086914 3.8473093509674072 2.7695987224578857 1.3918431997299194 2.2929208278656006
147 4.116077423095703 3.8118410110473633 3.9841926097869873 3.111027956008911 1.7009289264678955 2.0958962440490723
148 4.081312656402588 3.7461941242218018 3.985684633255005 3.2694454193115234 1.7540817260742188 2.2936463356018066
149 3.823204517364502 3.3919994831085205 3.6466104984283447 2.941606044769287 1.2279026508331299 2.052271604537964
150 4.186535835266113 3.8245010375976563 3.88258957862854 3.006131649017334 1.5837669372558594 2.1924936771392822
151 3.864060640335083 3.589977741241455 3.9597864151000977 2.6405231952667236 1.4878627061843872 1.713965892791748
152 3.8845136165618896 3.5775628089904785 3.8549344539642334 2.8402225971221924 1.7445799112319946 1.7027801275253296
153 3.720789670944214 3.3127362728118896 3.7021636962890625 2.698577404022217 1.50013267993927 1.3905667066574097
154 3.893587112426758 3.505275011062622 3.7251834869384766 2.868039131164551 1.7428561449050903 1.793082356452942
155 3.522879123687744 2.9562060832977295 3.2094225883483887 2.3689799308776855 1.531972885131836 1.6142128705978394
156 3.740920066833496 3.215468645095825 3.3506991863250732 2.825960874557495 1.490361213684082 2.0045535564422607
157 3.7946856021881104 3.344189405441284 3.535550832748413 2.851184129714966 1.6557493209838867 1.7191468477249146
158 3.5870518684387207 3.0027709007263184 2.902470111846924 2.534371852874756 1.2757488489151 1.7272398471832275
159 3.8800668716430664 3.437551736831665 3.6402220726013184 2.8868041038513184 1.4097187519073486 2.1741504669189453
160 3.682433605194092 3.1375811100006104 3.2751033306121826 2.8007149696350098 1.5857080221176147 1.5309369564056396
161 4.0542168617248535 3.633493661880493 3.5693485736846924 2.8684768676757813 1.3369568586349487 1.941973328590393
162 4.116793155670166 3.684584856033325 3.293322801589966 2.8622217178344727 1.1947925090789795 2.0751774311065674
163 4.069652080535889 3.655665636062622 3.721684694290161 2.4561007022857666 1.1222189664840698 1.5697636604309082
164 4.202645778656006 3.738726854324341 3.724241018295288 2.5622735023498535 1.4586199522018433 2.0680363178253174
165 4.185153007507324 3.784789562225342 3.6290581226348877 3.0483148097991943 1.2526837587356567 2.307445764541626
166 4.044938564300537 3.5983777046203613 3.408700704574585 2.601780891418457 1.422964334487915 1.8434444665908813
167 3.878643274307251 3.4467356204986572 3.543630838394165 2.413174629211426 1.2770644426345825 1.4202148914337158
168 4.203376293182373 3.779982328414917 3.716470956802368 2.910646438598633 1.645951509475708 2.0664501190185547
169 3.9564321041107178 3.4877328872680664 3.5243523120880127 2.785412073135376 1.4984331130981445 2.064363479614258
170 4.123696327209473 3.633173942565918 3.4548282623291016 2.673961877822876 1.7532531023025513 2.0735442638397217
171 4.133040428161621 3.6552278995513916 3.450679302215576 2.487917900085449 1.4599412679672241 1.7734794616699219
172 3.528841018676758 2.8954663276672363 3.222398281097412 2.371770143508911 1.2559984922409058 1.8619168996810913
173 4.142899036407471 3.7101094722747803 3.645045042037964 3.0330986976623535 1.4344887733459473 2.241442918777466
174 4.016483306884766 3.5298333168029785 3.0922205448150635 2.864025831222534 1.413182020187378 2.064016580581665
175 3.992725133895874 3.5257740020751953 3.294227361679077 2.758971929550171 1.4543827772140503 1.7378708124160767
176 3.9809682369232178 3.485292673110962 3.145416736602783 3.0538482666015625 1.5870016813278198 1.989300012588501
177 4.439181804656982 4.056067943572998 3.5142982006073 2.9520180225372314 1.789648413658142 1.9455214738845825
178 3.9585022926330566 3.4742350578308105 3.243713140487671 2.836179494857788 1.1769211292266846 2.005842685699463
179 4.049477577209473 3.6310620307922363 3.5597915649414063 3.0151114463806152 1.5187478065490723 1.7917089462280273
180 4.3447113037109375 4.051019668579102 3.309846878051758 3.50648832321167 1.6428875923156738 1.895049810409546
181 3.8604493141174316 3.4838788509368896 3.4436142444610596 2.884380578994751 1.6040854454040527 1.395695447921753
182 3.8188652992248535 3.3785502910614014 3.4112207889556885 2.3909215927124023 1.5618846416473389 1.4226577281951904
183 4.048140525817871 3.589449644088745 3.0107779502868652 3.0929694175720215 1.4803075790405273 1.6601548194885254
184 4.248512268066406 3.836003065109253 3.7086844444274902 3.4577038288116455 2.0212154388427734 1.6952309608459473
185 4.571727275848389 4.210969924926758 4.137541770935059 3.24606990814209 2.0178110599517822 1.7865712642669678
186 4.129620552062988 3.7189600467681885 3.90853214263916 3.1192426681518555 2.083042860031128 1.795106291770935
187 4.504875659942627 4.120224952697754 4.2184553146362305 3.1824538707733154 2.122058153152466 1.732640027999878
188 3.9353840351104736 3.424144983291626 3.6531484127044678 2.9368789196014404 2.149519443511963 1.758767008781433
189 4.1915459632873535 3.7797672748565674 3.9688024520874023 3.3562393188476563 2.3827638626098633 1.9134052991867065
190 4.8835344314575195 4.605328559875488 4.776942253112793 3.5864763259887695 2.2517035007476807 2.3591599464416504
191 4.7399821281433105 4.4513959884643555 4.824338912963867 3.495144844055176 2.6265769004821777 2.056859016418457
192 4.40956449508667 4.136882305145264 4.593864440917969 3.139038562774658 2.061861991882324 1.7465966939926147
193 4.3029632568359375 3.9764351844787598 4.468626499176025 3.0093610286712646 2.600029468536377 1.496166706085205
194 4.218108177185059 3.8168230056762695 4.373236179351807 3.0090506076812744 2.1823952198028564 1.4674972295761108
195 4.042818546295166 3.6635894775390625 3.914315938949585 3.087770938873291 1.846719741821289 1.5892002582550049
196 4.233223915100098 3.8584091663360596 4.052700519561768 3.2152602672576904 1.7514451742172241 1.6884111166000366
197 4.2923359870910645 3.8615360260009766 4.058992862701416 3.3436455726623535 2.16227126121521 1.777535080909729
198 4.109647750854492 3.810769557952881 4.2567291259765625 3.16792893409729 1.9204740524291992 1.6045317649841309
199 4.173156261444092 3.8921220302581787 4.316880702972412 3.171895742416382 2.0297985076904297 1.8733700513839722
200 4.110488414764404 3.7746834754943848 4.069702625274658 3.244997024536133 1.7235679626464844 1.8039209842681885
201 4.088273525238037 3.7429213523864746 3.9918863773345947 3.1370790004730225 1.9124460220336914 2.061683416366577
202 4.095144748687744 3.7649807929992676 4.131229400634766 2.8834314346313477 1.814886450767517 1.5544089078903198
203 4.326010704040527 3.9490878582000732 3.994464635848999 3.2118122577667236 2.0579309463500977 1.9965167045593262
204 4.397014617919922 4.16511869430542 4.17838716506958 3.1861324310302734 1.802021861076355 1.634753704071045
205 4.337241172790527 4.061367988586426 4.1054463386535645 3.481426954269409 1.4111628532409668 2.1530683040618896
206 4.364814281463623 4.107500076293945 4.401480674743652 2.9888203144073486 1.936447262763977 1.7841789722442627
207 4.655710220336914 4.450276851654053 4.08750057220459 3.1035733222961426 1.8658760786056519 1.8022935390472412
208 4.394608497619629 4.155590057373047 4.455233573913574 3.014577865600586 1.961393117904663 1.8186453580856323
209 4.141671657562256 3.828355550765991 3.9581797122955322 3.124603033065796 1.8344433307647705 1.611604928970337
210 4.436334133148193 4.146305561065674 4.457804203033447 3.3312644958496094 1.6122527122497559 2.049268960952759
211 4.1954827308654785 3.875009059906006 4.0452141761779785 3.2975661754608154 1.6716605424880981 1.580125331878662
212 4.257634162902832 4.008673191070557 4.135505676269531 3.1169042587280273 1.4173755645751953 2.0148062705993652
213 3.718642473220825 3.3507988452911377 3.8231465816497803 2.662731409072876 1.6367430686950684 1.4725584983825684
214 3.740049362182617 3.3037686347961426 3.6021063327789307 2.557957887649536 1.5072821378707886 1.6695101261138916
215 3.749326467514038 3.39784574508667 3.832275629043579 2.635896921157837 1.2152886390686035 1.6664053201675415
216 3.6704788208007813 3.2366793155670166 3.463913917541504 2.4302432537078857 1.3632330894470215 1.6063748598098755
217 4.0849199295043945 3.7698633670806885 4.221325397491455 2.949723958969116 2.3446061611175537 2.108187437057495
218 3.950897216796875 3.6134214401245117 3.9681737422943115 2.8594112396240234 2.0002403259277344 1.8408156633377075
219 3.8439815044403076 3.488605260848999 4.011923789978027 2.7589755058288574 1.9785819053649902 1.7138221263885498
220 4.106314182281494 3.7447259426116943 4.154524326324463 3.049257278442383 1.9068127870559692 2.2584452629089355
221 4.05375862121582 3.6781442165374756 4.277829647064209 2.773007392883301 1.847063660621643 1.8224246501922607
222 4.346868515014648 3.9775023460388184 4.063389778137207 3.390942335128784 2.208115577697754 2.2205276489257813
223 4.595933437347412 4.239235877990723 4.048576354980469 3.5654823780059814 1.9853264093399048 2.5384817123413086
224 4.359875202178955 4.020953178405762 3.776008367538452 3.5597620010375977 1.9227608442306519 2.2249763011932373
225 4.30084753036499 3.915203809738159 4.122644901275635 3.323681116104126 2.352236747741699 2.041691541671753
226 4.298769474029541 3.8964452743530273 4.063346862792969 3.1025760173797607 2.307091474533081 2.0049426555633545
227 4.061791896820068 3.6720962524414063 4.1337456703186035 3.02646541595459 1.9510347843170166 1.7150989770889282
228 4.048248291015625 3.5984349250793457 3.8923845291137695 3.1105973720550537 2.1794381141662598 1.7645174264907837
229 3.867178201675415 3.3542420864105225 3.526200532913208 3.096562623977661 1.8068432807922363 1.4578039646148682
230 4.049353122711182 3.692530870437622 3.9377856254577637 3.101803779602051 1.7235705852508545 1.8611935377120972
231 4.192261219024658 3.946962594985962 4.239307403564453 3.3173940181732178 1.4999791383743286 1.5644888877868652
232 4.22200345993042 3.874464988708496 3.9543559551239014 3.3584632873535156 1.5589505434036255 1.7903209924697876
233 4.484572887420654 4.1764912605285645 4.070718765258789 3.514657735824585 1.860827922821045 1.8948534727096558
234 4.269731521606445 3.909189224243164 4.151373863220215 3.500880479812622 1.8525757789611816 2.103084087371826
235 4.226884365081787 3.8941221237182617 3.9491984844207764 3.6147005558013916 1.645505428314209 1.9998018741607666
236 4.282351970672607 4.034491062164307 4.241448879241943 3.664177656173706 1.4888803958892822 1.886743426322937
237 4.517648696899414 4.219854354858398 4.317592620849609 3.536576747894287 1.793128252029419 1.789267897605896
238 4.244073390960693 3.919858932495117 4.190089225769043 3.2987403869628906 1.8654072284698486 1.8448805809020996
239 4.299650192260742 3.9710769653320313 3.928684711456299 3.3719050884246826 1.5094608068466187 1.9911056756973267
240 3.9004769325256348 3.558248519897461 3.857708692550659 3.022940158843994 1.4719878435134888 1.5171446800231934
241 4.185675144195557 3.877936363220215 3.898744583129883 3.480619430541992 1.8368767499923706 1.862842321395874
242 4.205259323120117 3.8558554649353027 3.820719003677368 3.5068199634552 1.9093910455703735 1.8020890951156616
243 4.563271999359131 4.208220481872559 4.1410980224609375 3.4191606044769287 2.002246618270874 1.8970074653625488
244 4.218092918395996 3.8961293697357178 4.029213905334473 3.4151854515075684 1.5735396146774292 1.8758244514465332
245 4.069984436035156 3.7125260829925537 3.993476390838623 3.1693949699401855 1.5243092775344849 1.5302734375
246 4.601801872253418 4.37479829788208 3.96524715423584 4.133852005004883 1.7867752313613892 2.344714403152466
247 4.014760494232178 3.6664953231811523 3.613462209701538 3.557122230529785 1.384772777557373 1.8236886262893677
248 4.188200950622559 3.8994903564453125 3.5225870609283447 3.8719303607940674 1.592741847038269 2.090571165084839
249 4.064891338348389 3.7455356121063232 3.553497791290283 3.694847822189331 1.435021996498108 1.762370228767395
250 4.156599521636963 3.741239547729492 3.639256238937378 3.5687735080718994 1.920069932937622 1.863521695137024
251 4.112801551818848 3.734623670578003 3.6372530460357666 3.514765501022339 1.3423151969909668 2.025630474090576
252 4.208439350128174 3.941310405731201 3.6483852863311768 3.9442522525787354 1.072859525680542 1.9918309450149536
253 4.447546005249023 4.166046142578125 4.091036796569824 4.042412281036377 1.3131070137023926 2.2457799911499023
254 4.0646138191223145 3.6740689277648926 3.560117244720459 3.4886655807495117 1.831908106803894 1.9094690084457397
255 4.205967903137207 3.885356903076172 3.963900327682495 3.616217613220215 1.1969959735870361 1.8955107927322388
256 4.587527275085449 4.255943298339844 3.8405637741088867 4.205924034118652 1.389267921447754 2.788013458251953
257 4.385383129119873 4.038941860198975 3.668152093887329 4.042736530303955 1.1268314123153687 2.6165366172790527
258 4.499222278594971 4.172574043273926 4.032182693481445 3.843472480773926 1.2404953241348267 2.1591827869415283
259 4.331785202026367 3.9507288932800293 3.9709441661834717 3.461808204650879 1.6607310771942139 1.9982750415802002
260 4.1671528816223145 3.7726383209228516 3.6576173305511475 3.6879448890686035 1.266787052154541 2.4389069080352783
261 4.173804759979248 3.7670340538024902 3.4768152236938477 3.758795976638794 1.6499534845352173 2.2682886123657227
262 4.266008377075195 3.9184882640838623 3.7298688888549805 3.9428293704986572 1.8203353881835938 2.561934471130371
263 4.576534748077393 4.1816301345825195 3.954625368118286 3.9110140800476074 1.7085646390914917 2.5968589782714844
264 4.247982025146484 3.7912254333496094 3.4855904579162598 3.5819318294525146 1.2846453189849854 2.144420623779297
265 4.505845069885254 4.135235786437988 3.8414742946624756 3.682041645050049 1.515525221824646 2.4472405910491943
266 4.173776626586914 3.7784323692321777 3.584933280944824 3.777881622314453 1.0985167026519775 2.3746743202209473
267 4.388720512390137 3.998507261276245 3.645146608352661 3.9577555656433105 1.1676386594772339 2.580199956893921
268 4.569308280944824 4.260819435119629 3.8999197483062744 3.628516912460327 1.5333744287490845 2.0174832344055176
269 4.209538459777832 3.8313581943511963 3.708250045776367 3.626317262649536 2.148181915283203 2.0065529346466064
270 4.034793853759766 3.6882805824279785 3.6125142574310303 3.6201391220092773 1.725943684577942 2.010197877883911
271 4.084775924682617 3.6138720512390137 3.406693935394287 3.5379552841186523 1.9969995021820068 2.0834498405456543
272 4.187483787536621 3.9161007404327393 3.84543514251709 3.4396309852600098 1.7720470428466797 1.7754489183425903
273 4.170422554016113 3.8853204250335693 4.044669151306152 3.360599994659424 1.6878944635391235 1.8305799961090088
274 4.069365978240967 3.7412776947021484 3.703807830810547 3.4842326641082764 1.9222207069396973 1.8357491493225098
275 4.2155680656433105 3.8591883182525635 4.129338264465332 3.392866849899292 1.8297600746154785 1.779301404953003
276 4.313272953033447 4.045348644256592 4.0998101234436035 3.602942705154419 1.7542705535888672 1.8277913331985474
277 4.5519609451293945 4.247873306274414 4.182034969329834 3.7577292919158936 2.037799596786499 2.516008138656616
278 4.09463357925415 3.798283338546753 3.999939203262329 3.1986260414123535 1.3350234031677246 2.1802968978881836
279 4.184864521026611 3.818553924560547 4.014403820037842 3.1922123432159424 1.9630343914031982 2.2828524112701416
280 4.078057289123535 3.7278640270233154 3.742055892944336 3.3717615604400635 2.014648199081421 2.0128800868988037
281 4.128975868225098 3.720398187637329 3.3992905616760254 3.430739402770996 1.9816346168518066 2.4910781383514404
282 4.506486892700195 4.219780921936035 3.954050302505493 3.8371708393096924 2.1970555782318115 2.2781803607940674
283 4.072733402252197 3.639411211013794 3.6931188106536865 3.269510269165039 2.008894443511963 2.1539831161499023
284 4.165565013885498 3.8132948875427246 3.6561737060546875 3.518097400665283 1.6184320449829102 2.2973904609680176
285 4.154617786407471 3.6732184886932373 3.5963892936706543 3.584343433380127 2.065509796142578 2.543762445449829
286 3.9400405883789063 3.460498332977295 3.5842671394348145 3.1082136631011963 1.6055502891540527 2.029965877532959
287 4.065447807312012 3.6196563243865967 3.749185562133789 3.231818437576294 1.533250093460083 2.1169235706329346
288 4.0754570960998535 3.6281464099884033 3.474391460418701 3.338974952697754 1.6052381992340088 2.51810359954834
289 4.304849147796631 3.967708110809326 3.8210933208465576 3.191420555114746 1.856731653213501 2.229505777359009
290 4.022971153259277 3.7100696563720703 3.8041443824768066 3.46870756149292 2.058364152908325 2.1844534873962402
291 4.645458221435547 4.415969371795654 3.4992973804473877 4.160363674163818 1.5898540019989014 2.926156520843506
292 4.427137851715088 3.978043794631958 3.4362547397613525 3.6655588150024414 1.9245225191116333 2.7598819732666016
293 3.8554747104644775 3.3779497146606445 3.324124813079834 3.1229491233825684 1.803607702255249 2.0308711528778076
294 3.8311192989349365 3.3488972187042236 3.398393392562866 3.1971921920776367 1.7077760696411133 1.9983673095703125
295 4.000474452972412 3.5000393390655518 3.76387357711792 2.9373068809509277 1.6310487985610962 2.206289052963257
296 3.9650819301605225 3.5096824169158936 3.919537305831909 2.879394769668579 1.6374918222427368 2.2800753116607666
297 4.454966068267822 4.051167011260986 4.20664119720459 3.053309202194214 1.5957881212234497 2.024235725402832
298 4.081814765930176 3.6895904541015625 3.9856314659118652 3.136591911315918 1.5040602684020996 2.2434661388397217
299 4.109406471252441 3.714409589767456 3.991816282272339 3.0723865032196045 1.4526848793029785 2.2942469120025635
300 3.95208740234375 3.5302188396453857 3.8174102306365967 3.1193454265594482 1.4018642902374268 1.8704540729522705
301 4.007213592529297 3.556769847869873 3.9400882720947266 2.868415355682373 1.5604192018508911 1.7813637256622314
302 4.174838542938232 3.733020782470703 4.113673686981201 3.019817590713501 1.6605958938598633 1.814064383506775
303 4.02095890045166 3.594409704208374 4.061820030212402 2.843494415283203 1.6293680667877197 1.752005696296692
304 4.437149524688721 4.098030090332031 3.8704092502593994 3.8032479286193848 1.6861729621887207 2.4532155990600586
305 4.162435531616211 3.8500778675079346 4.064732551574707 3.3691623210906982 1.531423807144165 2.2048771381378174
306 4.206293106079102 3.802003860473633 4.128137588500977 3.022993803024292 1.7150050401687622 1.8498198986053467
307 4.043303966522217 3.6569604873657227 4.055481433868408 3.007492780685425 1.4395194053649902 1.8569437265396118
308 3.9474117755889893 3.604400873184204 4.129477500915527 2.7044155597686768 1.422040343284607 1.7128247022628784
309 4.087888717651367 3.7352983951568604 4.362769603729248 2.7032134532928467 1.8920526504516602 1.9415844678878784
310 4.143335819244385 3.709352970123291 3.9487786293029785 2.9221248626708984 1.636343002319336 2.042142152786255
311 4.169981002807617 3.6944031715393066 4.133533477783203 3.0722663402557373 2.4911677837371826 1.9601349830627441
312 4.17879056930542 3.8305888175964355 4.248995780944824 2.978506565093994 1.9114062786102295 1.9482265710830688
313 3.9970903396606445 3.5742318630218506 4.0799360275268555 2.8469552993774414 1.6223437786102295 1.980028748512268
314 4.224154472351074 3.701695203781128 4.077231407165527 2.7884387969970703 1.7996926307678223 1.8078933954238892
315 4.043741226196289 3.6235809326171875 4.00774621963501 3.012192487716675 1.548690676689148 1.9636456966400146
316 4.233347415924072 3.824403762817383 4.058320045471191 3.288438081741333 1.2504448890686035 2.240011215209961
317 4.135210037231445 3.6440377235412598 3.8466553688049316 3.0468387603759766 1.7722408771514893 1.8802039623260498
318 4.075867652893066 3.6438663005828857 4.009701251983643 2.7232608795166016 1.6793547868728638 1.6847939491271973
319 4.341391086578369 3.9312679767608643 3.981086492538452 3.323542833328247 1.6660571098327637 2.332271099090576
320 4.089258193969727 3.6731228828430176 3.9800477027893066 3.0236620903015137 1.6386507749557495 2.093048095703125
321 3.6109302043914795 2.9246652126312256 2.737257480621338 2.9841268062591553 1.5902454853057861 1.9147157669067383
322 3.70931077003479 3.1113240718841553 3.1819705963134766 2.830575942993164 1.6212116479873657 1.8413647413253784
323 4.0708136558532715 3.595161199569702 4.082016944885254 2.8024611473083496 1.9120882749557495 2.077880382537842
324 3.6087071895599365 3.0523970127105713 3.129777431488037 2.681673049926758 1.7606818675994873 1.4838570356369019
325 3.6489760875701904 3.0242931842803955 3.0096073150634766 2.8644700050354004 1.649563193321228 1.7799056768417358
326 3.9265878200531006 3.36214542388916 2.913994789123535 3.0684258937835693 1.953686237335205 2.0910804271698
327 3.872171640396118 3.3537545204162598 2.947492837905884 3.1465203762054443 2.0064496994018555 1.681598424911499
328 3.703665256500244 3.1778953075408936 2.828481912612915 3.3070449829101563 1.911258339881897 1.9758487939834595
329 3.574902057647705 2.9575698375701904 2.8342361450195313 3.002855062484741 1.9827603101730347 2.056997537612915
330 3.6915459632873535 3.036766290664673 2.7847864627838135 3.15342378616333 1.8559191226959229 1.9775851964950562
331 3.6302566528320313 3.118480682373047 2.711390972137451 2.937987804412842 1.4583135843276978 1.4286468029022217
332 3.7807998657226563 3.1649298667907715 2.898076295852661 2.7930564880371094 1.8248194456100464 1.551527976989746
333 3.717372417449951 3.1659343242645264 2.8043973445892334 3.2647054195404053 1.6157399415969849 1.7405019998550415
334 3.737673759460449 3.177022695541382 3.092191696166992 2.9467806816101074 1.708221435546875 2.0338258743286133
335 3.5813839435577393 2.99676251411438 2.923976421356201 3.017209529876709 1.3115389347076416 1.898727536201477
336 4.085099220275879 3.596027374267578 2.7187869548797607 4.054847240447998 1.348114252090454 2.289550542831421
337 4.706122875213623 4.372049808502197 2.9216341972351074 4.896579742431641 1.1890347003936768 2.4511170387268066
338 4.3543901443481445 3.9859378337860107 2.8935017585754395 4.646704196929932 1.3231956958770752 2.1517703533172607
339 4.514215469360352 4.127835750579834 2.93007230758667 4.535501480102539 1.2516942024230957 2.2251851558685303
340 4.589930534362793 4.159942150115967 2.990131139755249 4.328605651855469 1.7655028104782104 2.445157527923584
341 4.030788421630859 3.538745880126953 3.1427831649780273 3.739973545074463 1.562910556793213 2.034182548522949
342 3.8482675552368164 3.2350308895111084 2.961895227432251 3.3335020542144775 1.618021845817566 2.365283489227295
343 4.318506717681885 3.9162442684173584 2.768481731414795 4.128285884857178 1.2265795469284058 2.4085965156555176
344 4.395719528198242 4.002946853637695 2.877131938934326 4.539060592651367 1.3804011344909668 2.333960771560669
345 4.695736885070801 4.378295421600342 3.2746005058288574 4.7965216636657715 1.932477355003357 2.443208694458008
346 3.9029808044433594 3.411491870880127 2.430539131164551 4.060201644897461 1.1197718381881714 2.1185288429260254
347 3.892763614654541 3.4392004013061523 2.6075735092163086 3.913914680480957 1.068177580833435 2.043098211288452
348 4.42791223526001 4.023449420928955 3.4565632343292236 4.134389400482178 1.348474144935608 2.3452823162078857
349 4.295025825500488 3.922497510910034 2.861096143722534 4.188369274139404 1.265624761581421 2.122624158859253
350 4.7664995193481445 4.533542156219482 3.796755790710449 4.2638840675354 1.6561238765716553 2.0435714721679688
351 4.450722694396973 4.11067533493042 3.773984432220459 4.1299591064453125 1.3754181861877441 2.1946027278900146
352 4.908984661102295 4.688812732696533 3.772268295288086 4.342883110046387 1.2329851388931274 2.1784322261810303
353 4.802101135253906 4.550305366516113 3.9871878623962402 3.911045789718628 1.3566405773162842 1.8951420783996582
354 4.475878715515137 4.234445095062256 3.579025983810425 4.319164752960205 1.4454134702682495 1.7001829147338867
355 4.655153274536133 4.510143280029297 4.026291847229004 4.548246383666992 1.2670565843582153 2.0805165767669678
356 4.759093761444092 4.605585098266602 3.959237813949585 4.268286228179932 1.2154510021209717 2.1537210941314697
357 4.813291549682617 4.631441116333008 3.974721670150757 4.462750434875488 1.4274487495422363 2.268317461013794
358 4.5658674240112305 4.357422351837158 3.918687343597412 3.807817220687866 1.393688678741455 1.924242377281189
359 4.290416717529297 4.044397830963135 3.9698166847229004 3.4829440116882324 1.280470848083496 1.9130537509918213
360 4.562330722808838 4.311019420623779 3.8368711471557617 3.9076969623565674 1.400079369544983 1.9255071878433228
361 4.825604438781738 4.643103122711182 4.199876308441162 3.7252345085144043 1.1698042154312134 2.0417776107788086
362 4.2482194900512695 3.984057664871216 4.328950881958008 2.940401792526245 1.3436721563339233 1.5628621578216553
363 4.3988447189331055 4.041297912597656 4.254144191741943 3.000725269317627 1.3488160371780396 1.6993935108184814
364 4.101555824279785 3.784015417098999 4.485909938812256 2.7245659828186035 1.2253490686416626 1.4100534915924072
365 4.075361251831055 3.764101982116699 4.183483600616455 2.554525852203369 1.8053785562515259 1.452348232269287
366 4.098841190338135 3.7324748039245605 4.32345724105835 2.84678316116333 1.4689527750015259 1.515001654624939
367 4.100491523742676 3.7627041339874268 4.221518039703369 2.806169033050537 1.0364724397659302 1.6592940092086792
368 4.301164627075195 3.986327886581421 4.143865585327148 2.8061091899871826 1.608123779296875 1.347032070159912
369 4.388467311859131 4.100617408752441 4.186971187591553 2.7759039402008057 1.4971648454666138 1.4639345407485962
370 4.539955139160156 4.276993751525879 4.203180313110352 3.323302984237671 1.2877476215362549 1.6419906616210938
371 4.370741367340088 4.115771293640137 4.2037129402160645 2.971651077270508 1.72581946849823 1.3712338209152222
372 4.694516181945801 4.531980514526367 4.328089237213135 3.2792842388153076 1.2910295724868774 1.6059372425079346
373 4.746849060058594 4.56248664855957 4.4156575202941895 3.263537645339966 1.7627631425857544 1.5392929315567017
374 4.6063642501831055 4.304272651672363 4.700416564941406 3.6313138008117676 2.2507410049438477 1.94490647315979
375 4.346762657165527 3.995891809463501 4.249104022979736 3.385486364364624 0.9996369481086731 1.8734190464019775
376 4.495497226715088 4.22420072555542 4.3929853439331055 3.682088851928711 1.4220308065414429 2.00099515914917
377 4.547850608825684 4.248349666595459 4.533514022827148 3.3392813205718994 1.2553631067276 2.041656494140625
378 4.576507091522217 4.2804670333862305 4.573869228363037 3.3822999000549316 1.80772864818573 1.90115487575531
379 4.599227428436279 4.352595329284668 4.649857997894287 3.3884117603302 1.8049312829971313 2.1806399822235107
380 4.547167778015137 4.258044242858887 4.581287860870361 3.3420135974884033 2.0284245014190674 2.1108036041259766
381 4.303196430206299 3.9893319606781006 4.305315017700195 3.161928653717041 1.4417314529418945 2.0802371501922607
382 4.405221462249756 4.1304192543029785 4.415073394775391 3.451451063156128 1.6144107580184937 2.221587896347046
383 4.25805139541626 3.9384500980377197 4.272238254547119 3.158930778503418 1.504589319229126 2.190002679824829
384 4.289278507232666 3.943751096725464 4.316961765289307 3.102757215499878 1.5055385828018188 1.9902822971343994
385 4.348806858062744 4.018030643463135 4.149343967437744 3.350757360458374 1.537534475326538 2.287968873977661
386 4.184507846832275 3.8049728870391846 4.086204528808594 3.0914793014526367 1.645117998123169 2.2751665115356445
387 4.301963806152344 4.004237174987793 4.346669673919678 3.2588698863983154 1.855649709701538 2.311436176300049
388 4.513230800628662 4.18145751953125 4.353434085845947 3.1558210849761963 1.5475146770477295 2.344574451446533
389 4.714030742645264 4.465463161468506 4.31403112411499 3.678842544555664 1.8411308526992798 2.5608837604522705
390 4.567074775695801 4.26747989654541 4.3522467613220215 3.3978524208068848 1.6484285593032837 2.51794695854187
391 4.516571044921875 4.1443023681640625 4.194960117340088 3.5695602893829346 1.546325922012329 2.793879508972168
392 4.35589599609375 4.026423454284668 4.2231669425964355 3.401752233505249 1.4070037603378296 2.3418965339660645
393 4.646698474884033 4.3323445320129395 4.2184271812438965 3.6827638149261475 1.6770614385604858 2.7673559188842773
394 4.805627822875977 4.459628105163574 4.2809739112854 3.6156973838806152 1.845521330833435 2.793351411819458
395 4.666481971740723 4.284005641937256 4.001013278961182 3.915761947631836 2.06669282913208 2.8671822547912598
396 4.804304122924805 4.533527374267578 4.331365585327148 4.181732177734375 1.7523322105407715 2.6963703632354736
397 4.765420913696289 4.484424591064453 4.543798923492432 3.606513261795044 1.732130527496338 2.2275326251983643
398 4.917768955230713 4.640779972076416 4.411309242248535 3.7042973041534424 1.5031732320785522 2.4497344493865967
399 5.27124547958374 5.095825672149658 4.702244281768799 4.896605968475342 1.573530912399292 2.850921154022217
400 4.882906436920166 4.713963985443115 4.412586212158203 4.686521053314209 1.688602328300476 2.6483986377716064
401 5.200759410858154 4.980910778045654 4.60799503326416 4.799365520477295 1.9476042985916138 2.6650583744049072
402 5.004230499267578 4.766571044921875 4.165159702301025 4.837006092071533 1.8281822204589844 2.492173910140991
403 4.695108890533447 4.397769927978516 4.394115447998047 3.9171364307403564 1.5394247770309448 2.1839866638183594
404 4.8096466064453125 4.592107772827148 4.107132434844971 4.529485702514648 1.7689685821533203 2.1302387714385986
405 4.724154949188232 4.485015869140625 4.112040996551514 4.448016166687012 1.8541415929794312 2.2170350551605225
406 4.939971446990967 4.808180809020996 3.9132463932037354 4.86965274810791 1.6524910926818848 2.5206496715545654
407 4.812786102294922 4.540369987487793 3.4392926692962646 4.1258955001831055 1.7357420921325684 2.4633290767669678
408 5.122163772583008 4.885343074798584 3.645524740219116 5.0004563331604 2.2988717555999756 2.4557244777679443
409 4.8894453048706055 4.717698574066162 4.225502014160156 4.796811103820801 1.905673623085022 2.363830327987671
410 4.676752090454102 4.532228469848633 4.290828704833984 4.4308085441589355 2.034032106399536 1.6460158824920654
411 4.745640277862549 4.49338960647583 4.075446605682373 4.59284782409668 1.9596294164657593 2.2302756309509277
412 4.789259433746338 4.522240161895752 4.07211971282959 4.483736991882324 2.102839231491089 2.3064403533935547
413 4.949965476989746 4.715928077697754 4.282370090484619 4.719371318817139 2.008246660232544 2.211433172225952
414 4.795321464538574 4.478614807128906 4.0153069496154785 4.4778947830200195 1.7201952934265137 2.155787229537964
415 4.993937969207764 4.735986232757568 4.122922897338867 4.693359375 1.4417933225631714 2.296203136444092
416 4.918478965759277 4.670607089996338 4.1049933433532715 4.391209602355957 1.6977688074111938 2.3866517543792725
417 4.90849494934082 4.660942554473877 4.234203815460205 4.6491498947143555 1.622036099433899 2.487238645553589
418 4.83089542388916 4.602941036224365 4.116591453552246 4.4321608543396 1.5217610597610474 2.16611909866333
419 4.8322930335998535 4.611995697021484 4.295318603515625 4.532924652099609 1.9104158878326416 2.101858377456665
420 4.8878173828125 4.553307056427002 4.404129505157471 4.345632553100586 1.977178692817688 2.2047791481018066
421 5.108692169189453 4.838870525360107 4.212021350860596 4.807936668395996 1.865188479423523 2.787360906600952
