1 	 16.626623153686523
2 	 14.459394454956055
3 	 12.13505744934082
4 	 10.16365909576416
5 	 8.09559440612793
6 	 5.969143390655518
7 	 4.302438259124756
8 	 3.565397024154663
9 	 2.2058823108673096
10 	 2.2468318939208984
11 	 1.8145501613616943
12 	 1.6568691730499268
13 	 1.5277429819107056
14 	 1.3909286260604858
15 	 1.434330701828003
16 	 1.6112644672393799
17 	 1.4841828346252441
18 	 1.5139634609222412
19 	 1.3545693159103394
20 	 1.4215071201324463
21 	 1.4099563360214233
22 	 1.2240567207336426
23 	 1.2239329814910889
24 	 1.2765699625015259
25 	 1.4307481050491333
26 	 1.4215551614761353
27 	 1.7240897417068481
28 	 1.9106042385101318
29 	 1.662634015083313
30 	 1.7374666929244995
31 	 1.293229103088379
32 	 1.1902974843978882
33 	 1.044961929321289
34 	 1.191205620765686
35 	 1.2933155298233032
36 	 1.1273037195205688
37 	 1.0430281162261963
38 	 1.1605186462402344
39 	 1.240510106086731
40 	 1.213202953338623
41 	 0.9949156641960144
42 	 0.951316237449646
43 	 1.0813485383987427
44 	 1.0429786443710327
45 	 0.9236363172531128
46 	 0.9942412376403809
47 	 1.2533316612243652
48 	 1.20032799243927
49 	 1.5985876321792603
50 	 1.221638560295105
51 	 1.1529182195663452
52 	 1.2441387176513672
53 	 0.9341877102851868
54 	 0.7616868615150452
55 	 0.7744708061218262
56 	 0.7924073338508606
57 	 0.8947786688804626
58 	 0.8871538043022156
59 	 0.7609624266624451
60 	 0.8878649473190308
61 	 1.136616826057434
62 	 1.2191717624664307
63 	 1.2137784957885742
64 	 1.3082671165466309
65 	 1.6496376991271973
66 	 1.765737771987915
67 	 1.9736067056655884
68 	 2.117213726043701
69 	 2.562143564224243
70 	 3.202392339706421
71 	 3.27401065826416
72 	 2.9443306922912598
73 	 1.8959290981292725
74 	 1.285153865814209
75 	 1.0447133779525757
76 	 1.0278830528259277
77 	 0.8319030404090881
78 	 0.7797050476074219
79 	 0.6887270212173462
80 	 0.7535955905914307
81 	 0.7952108979225159
82 	 0.8690792918205261
83 	 0.8171384930610657
84 	 0.743267834186554
85 	 0.7620880007743835
86 	 0.7937294244766235
87 	 0.7601138353347778
88 	 0.7382637858390808
89 	 0.7995687127113342
90 	 0.9105178713798523
91 	 0.8440796136856079
92 	 0.8757924437522888
93 	 0.9750414490699768
94 	 1.128176212310791
95 	 1.1503558158874512
96 	 1.1029024124145508
97 	 1.2911083698272705
98 	 1.5520352125167847
99 	 1.5357846021652222
100 	 1.5725123882293701
101 	 2.4571197032928467
102 	 3.391981363296509
103 	 3.5395243167877197
104 	 3.0561070442199707
105 	 3.205512285232544
106 	 2.401554822921753
107 	 1.923593521118164
108 	 1.3821245431900024
109 	 0.8931581974029541
110 	 1.064100742340088
111 	 0.9934301972389221
112 	 0.9562439322471619
113 	 0.990790069103241
114 	 1.1423746347427368
115 	 1.258939266204834
116 	 1.6262840032577515
117 	 1.5567867755889893
118 	 1.2901691198349
119 	 1.728899598121643
120 	 2.667707920074463
121 	 3.496258020401001
122 	 2.8862111568450928
123 	 2.528352737426758
124 	 2.3169710636138916
125 	 2.0999526977539063
126 	 1.986920714378357
127 	 1.4001212120056152
128 	 0.9902039766311646
129 	 0.8350551724433899
130 	 0.8920729756355286
131 	 0.7759022116661072
132 	 0.6717854738235474
133 	 0.622006356716156
134 	 0.5835368037223816
135 	 0.5766604542732239
136 	 0.5838078856468201
137 	 0.6201274394989014
138 	 0.6001441478729248
139 	 0.6178962588310242
140 	 0.6565142869949341
141 	 0.7684692740440369
142 	 0.9620097279548645
143 	 0.7848333120346069
144 	 0.7235944271087646
145 	 0.7044159770011902
146 	 0.8588167428970337
147 	 1.008982539176941
148 	 0.8917044401168823
149 	 0.7904065847396851
150 	 0.8629267811775208
151 	 0.8969933986663818
152 	 0.9217508435249329
153 	 0.8020410537719727
154 	 0.7457307577133179
155 	 0.8146977424621582
156 	 0.8077723979949951
157 	 0.6858633756637573
158 	 0.7020840644836426
159 	 0.8041914701461792
160 	 0.7719538807868958
161 	 0.7245635390281677
162 	 0.7947759032249451
163 	 0.8915960788726807
164 	 0.8748688697814941
165 	 0.8426711559295654
166 	 0.9652743935585022
167 	 1.2615572214126587
168 	 1.1912444829940796
169 	 1.4954922199249268
170 	 1.5683115720748901
171 	 1.4745261669158936
172 	 1.0484740734100342
173 	 0.938707172870636
174 	 0.7898373007774353
175 	 0.8881081938743591
176 	 0.7448349595069885
177 	 0.7562090754508972
178 	 0.82953280210495
179 	 0.9832667708396912
180 	 1.3467439413070679
181 	 1.543113112449646
182 	 1.6188706159591675
183 	 2.174576997756958
184 	 2.5361623764038086
185 	 2.8084468841552734
186 	 2.1111319065093994
187 	 1.745971918106079
188 	 2.433422088623047
189 	 2.2806224822998047
190 	 1.4866186380386353
191 	 1.9461302757263184
192 	 2.456050157546997
193 	 1.9705212116241455
194 	 1.6931726932525635
195 	 1.1498308181762695
196 	 1.3063671588897705
197 	 1.7143510580062866
198 	 1.911840558052063
199 	 2.316368579864502
200 	 2.8716273307800293
201 	 3.518819808959961
202 	 3.535468816757202
203 	 3.912627935409546
204 	 3.6442854404449463
205 	 3.075394630432129
206 	 4.4867963790893555
207 	 6.419552803039551
208 	 5.908891201019287
209 	 4.486254692077637
210 	 2.998460054397583
211 	 2.5714595317840576
212 	 1.5137864351272583
213 	 1.3798096179962158
214 	 1.1390568017959595
215 	 1.125275731086731
216 	 0.9942891597747803
217 	 0.7635017037391663
218 	 0.711536169052124
219 	 0.789064347743988
220 	 0.6949074268341064
221 	 0.6395310163497925
222 	 0.6433277130126953
223 	 0.7159463167190552
224 	 0.9293713569641113
225 	 1.1015585660934448
226 	 0.8929113149642944
227 	 0.8714343905448914
228 	 0.6616913676261902
229 	 0.6155593991279602
230 	 0.5870568752288818
231 	 0.6229583024978638
232 	 0.6036787033081055
233 	 0.6516038179397583
234 	 0.889784574508667
235 	 0.8694348335266113
236 	 0.7173188924789429
237 	 0.6027510762214661
238 	 0.5847406387329102
239 	 0.6115960478782654
240 	 0.6018718481063843
241 	 0.6014034152030945
242 	 0.632042646408081
243 	 0.6921717524528503
244 	 0.8105325102806091
245 	 0.9480674862861633
246 	 0.906742513179779
247 	 0.9248068928718567
248 	 1.0423245429992676
249 	 0.7958311438560486
250 	 0.8588632345199585
251 	 0.820009171962738
252 	 0.6645659804344177
253 	 0.6414949893951416
254 	 0.7459098100662231
255 	 0.7460309267044067
256 	 0.6440344452857971
257 	 0.693686842918396
258 	 0.740501344203949
259 	 0.6899333596229553
260 	 0.6618872880935669
261 	 0.7221358418464661
262 	 0.7294169068336487
263 	 0.6979509592056274
264 	 0.7350465059280396
265 	 0.8057465553283691
266 	 0.7824175357818604
267 	 0.7840338349342346
268 	 0.9104886651039124
269 	 1.0317258834838867
270 	 1.0447380542755127
271 	 0.9957795739173889
272 	 0.8144294619560242
273 	 0.7991951704025269
274 	 0.6764053106307983
275 	 0.7269318699836731
276 	 0.8343120813369751
277 	 0.853927493095398
278 	 0.9120872020721436
279 	 0.9173131585121155
280 	 0.7656931281089783
281 	 0.6873759031295776
282 	 0.6251482963562012
283 	 0.6559951305389404
284 	 0.6475234627723694
285 	 0.7121043801307678
286 	 0.7774141430854797
287 	 0.829429030418396
288 	 0.8474289774894714
289 	 0.8072988390922546
290 	 0.7418412566184998
291 	 0.6568300127983093
292 	 0.6835290193557739
293 	 0.6548657417297363
294 	 0.6225754618644714
295 	 0.6058323383331299
296 	 0.5873206257820129
297 	 0.7338406443595886
298 	 0.6611084342002869
299 	 0.8181605339050293
300 	 0.8620967864990234
301 	 1.049212098121643
302 	 1.154822587966919
303 	 1.474648356437683
304 	 1.437757968902588
305 	 1.3133955001831055
306 	 1.4165687561035156
307 	 1.7125370502471924
308 	 1.731204867362976
309 	 2.0530693531036377
310 	 1.9170814752578735
311 	 1.5292909145355225
312 	 1.5560134649276733
313 	 1.6317907571792603
314 	 1.3876219987869263
315 	 1.1071890592575073
316 	 1.2989940643310547
317 	 1.3696569204330444
318 	 1.1447572708129883
319 	 1.0583125352859497
320 	 0.8470410108566284
321 	 0.9770718812942505
322 	 1.1926825046539307
323 	 1.8136184215545654
324 	 3.3636624813079834
325 	 5.200860500335693
326 	 6.630999565124512
327 	 7.4182329177856445
328 	 7.750209808349609
329 	 7.722251892089844
330 	 7.831648826599121
331 	 7.672555923461914
332 	 7.282683372497559
333 	 5.412448883056641
334 	 3.535855531692505
335 	 1.9524304866790771
336 	 1.2863795757293701
337 	 1.0553427934646606
338 	 0.9891329407691956
339 	 0.8142500519752502
340 	 0.6788121461868286
341 	 0.6362398266792297
342 	 0.8494166135787964
343 	 0.7684177756309509
344 	 0.8127862215042114
345 	 0.7548266053199768
346 	 0.890372633934021
347 	 0.7538663744926453
348 	 0.692297101020813
349 	 0.610930323600769
350 	 0.6465173959732056
351 	 0.656403660774231
352 	 0.5993413329124451
353 	 0.5573362112045288
354 	 0.6460786461830139
355 	 0.7079643607139587
356 	 0.6600639820098877
357 	 0.7201687693595886
358 	 0.8392812609672546
359 	 0.8743040561676025
360 	 0.8594027757644653
361 	 0.9623710513114929
362 	 1.0221972465515137
363 	 0.9672544598579407
364 	 1.0082645416259766
365 	 1.1985896825790405
366 	 1.219646692276001
367 	 1.2352217435836792
368 	 1.4354389905929565
369 	 1.5606285333633423
370 	 1.5977507829666138
371 	 1.7458447217941284
372 	 1.9934602975845337
373 	 2.0848231315612793
374 	 1.9792033433914185
375 	 2.003652334213257
376 	 1.7258186340332031
377 	 2.10710072517395
378 	 2.1677610874176025
379 	 1.7226637601852417
380 	 1.743552565574646
381 	 1.9514168500900269
382 	 2.7505624294281006
383 	 3.9146416187286377
384 	 5.388479232788086
