1 	 13.606093406677246
2 	 11.561951637268066
3 	 9.924295425415039
4 	 8.339113235473633
5 	 6.714824676513672
6 	 5.842784404754639
7 	 4.708221912384033
8 	 3.1063926219940186
9 	 2.1911978721618652
10 	 2.514775276184082
11 	 2.4497873783111572
12 	 1.9790526628494263
13 	 1.8953633308410645
14 	 1.6683392524719238
15 	 1.7106629610061646
16 	 1.9998031854629517
17 	 1.952955722808838
18 	 2.140340566635132
19 	 1.977990984916687
20 	 2.2424733638763428
21 	 2.1837656497955322
22 	 1.8116837739944458
23 	 1.8900316953659058
24 	 1.9533216953277588
25 	 2.2323708534240723
26 	 2.2132623195648193
27 	 2.5894737243652344
28 	 2.701737642288208
29 	 2.374624252319336
30 	 2.4006896018981934
31 	 2.0429773330688477
32 	 1.8849234580993652
33 	 1.6568433046340942
34 	 1.9702858924865723
35 	 2.200408935546875
36 	 1.8918097019195557
37 	 1.7516124248504639
38 	 1.9932432174682617
39 	 2.0246996879577637
40 	 2.0366592407226563
41 	 1.6981914043426514
42 	 1.5564929246902466
43 	 1.708042860031128
44 	 1.6232936382293701
45 	 1.27870512008667
46 	 1.268065094947815
47 	 1.317665696144104
48 	 1.1679229736328125
49 	 0.9932143688201904
50 	 0.8701784014701843
51 	 1.2208690643310547
52 	 1.097725510597229
53 	 0.9891595840454102
54 	 0.740211009979248
55 	 0.832133412361145
56 	 0.9186800718307495
57 	 1.0445785522460938
58 	 0.9404730796813965
59 	 0.8818204998970032
60 	 1.1275471448898315
61 	 1.251564621925354
62 	 1.4408361911773682
63 	 1.5924961566925049
64 	 1.6189204454421997
65 	 1.822949767112732
66 	 2.050987720489502
67 	 2.503962516784668
68 	 2.657376527786255
69 	 3.272958993911743
70 	 3.7367703914642334
71 	 3.6855740547180176
72 	 3.2398643493652344
73 	 2.6129889488220215
74 	 1.989230990409851
75 	 1.6436620950698853
76 	 1.529579997062683
77 	 1.187779188156128
78 	 0.9379826784133911
79 	 0.7166461944580078
80 	 0.7296239137649536
81 	 0.7286977171897888
82 	 0.8174305558204651
83 	 0.8161581754684448
84 	 0.7174553871154785
85 	 0.8362434506416321
86 	 0.9733756184577942
87 	 0.9228013753890991
88 	 0.9589369297027588
89 	 1.1305627822875977
90 	 1.3384991884231567
91 	 1.2504643201828003
92 	 1.1983263492584229
93 	 1.4608436822891235
94 	 1.6997339725494385
95 	 1.6230971813201904
96 	 1.6638847589492798
97 	 2.0428526401519775
98 	 2.213599443435669
99 	 2.3075599670410156
100 	 2.6508235931396484
101 	 2.590162754058838
102 	 3.369561195373535
103 	 3.3435633182525635
104 	 3.3105244636535645
105 	 3.1226375102996826
106 	 2.5848886966705322
107 	 2.518846035003662
108 	 2.26023006439209
109 	 2.7540478706359863
110 	 2.124934673309326
111 	 2.5936858654022217
112 	 1.9504029750823975
113 	 1.5405941009521484
114 	 1.5856801271438599
115 	 1.4674131870269775
116 	 1.914986252784729
117 	 1.8900245428085327
118 	 1.6385422945022583
119 	 2.0885729789733887
120 	 2.495551824569702
121 	 3.271845579147339
122 	 2.382173776626587
123 	 1.7754321098327637
124 	 1.2166411876678467
125 	 1.4730873107910156
126 	 1.247592806816101
127 	 1.30992591381073
128 	 1.0787415504455566
129 	 0.9212899208068848
130 	 1.1041309833526611
131 	 0.96583491563797
132 	 0.7667999863624573
133 	 0.8019644021987915
134 	 0.7656458020210266
135 	 0.6636452078819275
136 	 0.6048775315284729
137 	 0.6685378551483154
138 	 0.6408312320709229
139 	 0.6759961247444153
140 	 0.8165116310119629
141 	 0.8934382796287537
142 	 1.1044421195983887
143 	 0.8935190439224243
144 	 0.7929885387420654
145 	 0.7661837935447693
146 	 0.9409053921699524
147 	 0.9980623722076416
148 	 0.8684414625167847
149 	 0.9432134628295898
150 	 1.290884017944336
151 	 1.4494794607162476
152 	 1.4842839241027832
153 	 1.183782696723938
154 	 1.0896258354187012
155 	 1.2516599893569946
156 	 1.1984503269195557
157 	 0.9364652633666992
158 	 0.9598762392997742
159 	 1.1330311298370361
160 	 1.0392502546310425
161 	 0.8700940608978271
162 	 0.9412655830383301
163 	 1.0557358264923096
164 	 0.9586173295974731
165 	 0.7645147442817688
166 	 0.9231834411621094
167 	 1.0827692747116089
168 	 1.0616793632507324
169 	 1.0610666275024414
170 	 1.2359488010406494
171 	 1.2171506881713867
172 	 0.9524012207984924
173 	 0.8186108469963074
174 	 0.7160794138908386
175 	 0.886459231376648
176 	 0.8117872476577759
177 	 0.8725144267082214
178 	 0.9745239615440369
179 	 1.147780418395996
180 	 1.4133473634719849
181 	 1.442410945892334
182 	 1.55453360080719
183 	 2.279284954071045
184 	 2.992384433746338
185 	 3.3583998680114746
186 	 2.4600253105163574
187 	 2.187058687210083
188 	 3.1697845458984375
189 	 2.9738364219665527
190 	 1.873676061630249
191 	 2.56421160697937
192 	 3.2578861713409424
193 	 2.475999593734741
194 	 1.9996029138565063
195 	 1.172515630722046
196 	 1.424599528312683
197 	 1.5299164056777954
198 	 1.8354097604751587
199 	 1.5828359127044678
200 	 2.164381504058838
201 	 2.399982213973999
202 	 2.190939426422119
203 	 1.9654736518859863
204 	 1.7532879114151
205 	 1.6723802089691162
206 	 1.6154940128326416
207 	 1.54537034034729
208 	 1.43268620967865
209 	 1.4723039865493774
210 	 1.6840842962265015
211 	 1.879177451133728
212 	 1.7019462585449219
213 	 1.8404669761657715
214 	 1.7466000318527222
215 	 1.5605524778366089
216 	 1.4342458248138428
217 	 1.1243797540664673
218 	 0.9849283695220947
219 	 0.9019243717193604
220 	 0.7759602069854736
221 	 0.647042989730835
222 	 0.6947216391563416
223 	 0.810753345489502
224 	 1.1219810247421265
225 	 1.4611133337020874
226 	 1.2598950862884521
227 	 1.1491934061050415
228 	 0.7856143116950989
229 	 0.6728993058204651
230 	 0.5282934904098511
231 	 0.6496920585632324
232 	 0.7000359296798706
233 	 1.0060220956802368
234 	 1.4824752807617188
235 	 1.3759739398956299
236 	 1.0584914684295654
237 	 1.045434832572937
238 	 0.6513328552246094
239 	 0.6123436093330383
240 	 0.5643079876899719
241 	 0.6741956472396851
242 	 0.803066611289978
243 	 0.970446765422821
244 	 1.180906891822815
245 	 1.2689532041549683
246 	 1.2577944993972778
247 	 1.2029317617416382
248 	 1.5967365503311157
249 	 1.1875009536743164
250 	 1.2913868427276611
251 	 1.243188738822937
252 	 0.9758104085922241
253 	 0.9141463041305542
254 	 1.029869794845581
255 	 0.9644583463668823
256 	 0.7746070027351379
257 	 0.8220000863075256
258 	 0.8826865553855896
259 	 0.7634871006011963
260 	 0.6843547821044922
261 	 0.7797155976295471
262 	 0.718717098236084
263 	 0.7243439555168152
264 	 0.8042564392089844
265 	 0.9052575826644897
266 	 0.8922755122184753
267 	 0.9932566285133362
268 	 1.1645621061325073
269 	 1.2985578775405884
270 	 1.408215880393982
271 	 1.4176676273345947
272 	 1.1299073696136475
273 	 1.0156216621398926
274 	 0.8197762966156006
275 	 0.767535388469696
276 	 0.9029528498649597
277 	 1.0758068561553955
278 	 1.3460776805877686
279 	 1.4400871992111206
280 	 1.2009201049804688
281 	 0.9933103322982788
282 	 0.8255636096000671
283 	 0.7492292523384094
284 	 1.1036840677261353
285 	 0.8935152888298035
286 	 1.1393595933914185
287 	 1.3162977695465088
288 	 1.690719723701477
289 	 1.9726238250732422
290 	 1.4033241271972656
291 	 1.3391340970993042
292 	 1.7220830917358398
293 	 1.2768504619598389
294 	 0.9156997203826904
295 	 0.8289830684661865
296 	 0.6891475915908813
297 	 0.8134143948554993
298 	 0.6892961263656616
299 	 0.9777824282646179
300 	 1.0712414979934692
301 	 1.3652241230010986
302 	 1.561888575553894
303 	 2.006556749343872
304 	 1.926206350326538
305 	 1.7858186960220337
306 	 1.9779926538467407
307 	 2.4230542182922363
308 	 2.383366823196411
309 	 2.778846025466919
310 	 2.605242967605591
311 	 2.1367859840393066
312 	 2.2567641735076904
313 	 2.4389219284057617
314 	 2.0382137298583984
315 	 1.7775558233261108
316 	 2.184567451477051
317 	 2.2880301475524902
318 	 1.8768402338027954
319 	 1.921910047531128
320 	 1.480469822883606
321 	 1.5833501815795898
322 	 1.5632684230804443
323 	 1.8694095611572266
324 	 2.920565605163574
325 	 4.7297821044921875
326 	 6.3150129318237305
327 	 7.224786281585693
328 	 7.85977029800415
329 	 8.346293449401855
330 	 8.413355827331543
331 	 8.411174774169922
332 	 7.530060291290283
333 	 5.880611896514893
334 	 3.6566905975341797
335 	 2.4242403507232666
336 	 1.738401174545288
337 	 1.448483943939209
338 	 1.227963924407959
339 	 1.0454473495483398
340 	 0.9811066389083862
341 	 1.3200418949127197
342 	 1.7487545013427734
343 	 2.109041690826416
344 	 2.172667980194092
345 	 2.995182752609253
346 	 2.8615851402282715
347 	 2.1476569175720215
348 	 1.9619534015655518
349 	 1.61114501953125
350 	 1.3888633251190186
351 	 1.3424123525619507
352 	 1.1838150024414063
353 	 1.0150870084762573
354 	 1.0869299173355103
355 	 1.06300950050354
356 	 0.9450258612632751
357 	 1.0059581995010376
358 	 1.1822826862335205
359 	 1.1707245111465454
360 	 0.9852790832519531
361 	 1.0408474206924438
362 	 1.25541353225708
363 	 1.1976313591003418
364 	 1.0439544916152954
365 	 1.248907208442688
366 	 1.475879192352295
367 	 1.4687657356262207
368 	 1.5190283060073853
369 	 1.7679303884506226
370 	 1.9832571744918823
371 	 2.051468849182129
372 	 2.2738094329833984
373 	 2.493056535720825
374 	 2.340254068374634
375 	 2.4522669315338135
376 	 2.1662044525146484
377 	 2.5862717628479004
378 	 2.535977602005005
379 	 2.080277681350708
380 	 2.2804481983184814
381 	 2.514338254928589
382 	 3.456632375717163
383 	 4.7479071617126465
384 	 6.290307998657227
