0 2.7161052911549652
1 4.970024502121288
2 3.377413479660422
3 4.08428081204655
4 4.66617948165035
5 3.65943287749235
6 4.76072149202448
7 4.168164060613032
8 3.8363422450654117
9 1.6637978737312427
10 2.282165146232266
11 2.704638870094685
12 3.248556831576354
13 4.138724069238443
14 6.122796699050296
15 4.098056905793292
16 1.3822175234941076
17 0.8223587393261443
18 2.3310352743200298
19 3.7576091718067106
20 3.3504435204649776
21 5.675932207851904
22 4.973379578323757
23 4.731983076114463
24 2.1876306015573026
25 2.5366811793307313
26 4.072190428334592
27 4.88438475168446
28 4.799677022804389
29 4.199845274383666
30 4.252457913298925
31 4.282058514362885
32 3.580100976703025
33 4.534878809338971
34 4.503237762714695
35 3.298184974574327
36 1.3074403971764457
37 1.5567276769302227
38 5.036141037985827
39 3.2886379426941885
40 3.963931448512503
41 4.574009086307709
42 3.5708968518804864
43 2.8395678797554793
44 2.7360810144020373
45 4.20590710393426
46 7.560021129159613
47 7.922341781371577
48 8.17699220608019
49 6.698830940065031
50 7.404194596412734
51 6.637283653493653
52 6.456071837287545
53 7.380316740588332
54 6.8496884474639135
55 4.974750410994169
56 3.652495428042943
57 4.106727807706299
58 7.461451151080006
59 6.01100721337871
60 5.264394025016156
61 4.313426816631729
62 3.6945385680039258
63 2.7195127708859808
64 4.444084565655292
65 4.703905008898679
66 5.6116050967386615
67 7.510609058278931
68 5.840361595254758
69 5.008979373649242
70 4.949299035904705
71 4.529992353743069
72 3.9747320082362765
73 5.160969792313111
74 5.440326652076915
75 7.01441982255334
76 5.534266579628597
77 5.969684448113982
78 5.346474913767617
79 4.684351532045787
80 5.645612821782645
81 5.8343418960515185
82 5.369380156034993
83 6.833584086472792
84 3.052413324523501
85 4.417293956098072
86 4.629348280747957
87 5.8034172852747785
88 4.911343355062887
89 5.659782919217591
90 5.2885487933663295
91 4.842351223214242
92 5.969333853701618
93 3.809593220226046
94 4.090957864647854
95 5.271819764649527
96 5.537606166487766
97 4.260989415561098
98 3.8291361979240075
99 3.4490930302793386
100 6.520610734597298
101 5.501883850623756
102 5.680118877448627
103 4.046730004775558
104 2.0516699015338675
105 3.93122137932908
106 4.651843776156306
107 4.622519905094753
108 7.025272517260605
109 5.722625610715493
110 5.711252684652924
111 4.389287114768128
112 2.475875643980847
113 4.743053929882164
114 2.2407301422957184
115 2.4917950727520046
116 1.9900820400600179
117 6.5187605346649224
118 5.399037728923699
119 4.281151307391547
120 7.3989678659300955
121 7.171922698134382
122 4.840088600588095
123 6.871276591673394
124 7.39434565494427
125 5.7822552948045765
126 5.3734955322550615
127 3.7694389800948316
128 7.321122659538934
129 7.750696801505268
130 4.606553189225614
131 7.487727318936472
132 5.67079368387412
133 6.702829911907609
134 7.7694054670525565
135 5.711819425877508
136 7.261381831896911
137 6.318670259854248
138 4.3015176230417165
139 7.1190824463733104
140 6.353598735901609
141 7.755305590446653
142 4.955732061334619
143 5.751944349084651
144 7.22230084889106
145 4.628315533314279
146 4.896009182268947
147 7.498331882126771
148 5.82373105257932
149 4.109470514137827
150 6.640546666317645
151 4.856820518059856
152 7.648908900079916
153 7.863594545446995
154 4.636531916114261
155 5.742583589490429
156 5.407554761096344
157 4.76699234964117
158 6.5350999651199695
159 5.987515162591309
160 7.655881068892516
161 8.844026219902055
162 6.130254631371424
163 5.122425634161558
164 5.903885278314835
165 4.40317248745307
166 4.518652412925205
167 5.913531015972288
168 4.940861023771898
169 6.397214951536291
170 6.183720209361129
171 7.009298183453729
172 6.017686177115399
173 4.249746840884293
174 3.9031870033974267
175 8.663385306810378
176 6.3221419658621105
177 4.007136917665876
178 7.78274828169149
179 5.01602580252273
180 3.951496406345342
181 7.436412189642888
182 7.931245084096129
183 4.356839639386599
184 8.311072354879983
185 8.190417759858615
186 6.388495389417267
187 7.931667757807777
188 4.68889377907744
189 4.501212849960104
190 5.611389511895438
191 3.5190062237360595
192 6.341330434191432
193 7.819718521567754
194 8.97175791114732
195 5.813679802380571
196 5.8774940619568214
197 9.113298820710568
198 7.116970789724651
199 7.429200154324234
200 8.004763600258197
201 8.703884936160204
202 8.41656192798821
203 8.819180274270279
204 6.059400912662385
205 5.408322182218797
206 8.262562218490308
207 5.0913286825287525
208 7.126872510104983
209 5.527035856015639
210 6.130454490033649
211 6.2424221023041735
212 6.674835898981378
213 3.5404440605145684
214 7.244772612156984
215 5.802053728250576
216 6.317014664489827
217 6.202617981142923
218 7.73229307702665
219 2.8993135406147643
220 3.0443964972992617
221 3.233206559466618
222 4.6869980641328794
223 6.980709933828681
224 5.2427519101585505
225 3.962125984483772
226 3.6894344060023783
227 5.604071149891975
228 5.629032894641418
229 6.374609471416287
230 5.213178666243231
231 4.102481300573933
232 5.048913014366361
233 2.6839973584860584
234 7.599488914852552
235 4.735554881383852
236 3.726859546675987
237 6.260952934591476
238 4.739158611502139
239 5.260238590809255
240 3.3175938545391386
241 5.798005586113066
242 4.334072963562137
243 4.548904436866499
244 3.624235168752072
245 4.4159093870077255
246 4.2423337079681085
247 5.680582885223255
248 1.3037829929372964
249 6.115007727740327
250 6.980695496779707
251 6.563434089087524
252 7.492734138978664
253 5.614642023849473
254 5.13625104312537
255 6.676976413246618
256 6.620128814865377
257 4.924482258793817
258 4.870244686037982
259 5.082097678560012
260 5.304472724517086
261 5.583016585975559
262 3.776697148472971
263 5.473365079955206
264 5.749730050772234
265 5.193056811984441
266 4.018541714758313
267 6.586745836682225
268 1.985396556414062
269 5.593918962863566
270 4.886095743216336
271 1.8543590090895772
272 2.9782923090003903
273 2.4761971087311845
274 1.9641413121223883
275 1.5824338945194545
276 2.416330433229456
277 2.0933397120060944
278 6.330956904983767
279 4.626988511619647
280 5.8765662899655675
281 8.760927268804787
282 7.056393343963072
283 5.357876900379299
284 3.372006937845021
285 4.610098700622373
286 3.824318394734491
287 4.704396576438266
288 6.90766626888607
289 5.112291572523007
290 5.245244699233633
291 5.574246030452206
292 6.912766098401638
293 6.6839362195759175
294 6.989028951235048
295 6.256755625356238
296 6.253040902648478
297 4.4185579888605675
298 4.377039458694073
299 4.439160080842729
300 6.899096777014689
301 5.831894917737667
302 5.890616479279773
303 7.278990256079714
304 8.993514829596847
305 7.0449174193416395
306 5.914493369295653
307 6.281054996737157
308 7.229264033891515
309 7.789185896504032
310 4.217268195431484
311 6.467638431174669
312 4.919404519958755
313 3.5710587519366555
314 5.883274502656006
315 7.22532279913324
316 6.733042213731315
317 7.070936445959971
318 7.038314214612003
319 6.9139087121950755
320 7.08570262339382
321 2.748123524000354
322 2.5660460270972583
323 2.900847360586689
324 3.3179809596072443
325 3.0909782631406353
326 1.8592595347457241
327 4.1481620050413985
328 2.5462846153071457
329 2.8567910165758685
330 2.9536161317932326
331 3.094128207753375
332 3.680371019088144
333 3.391482403421475
334 4.05373890131111
335 1.7685093692045262
336 3.4830087166470824
337 3.820747993319422
338 2.8940296071552574
339 3.709279993174226
340 3.3331223814162
341 1.5323722093932926
342 3.1703713160787075
343 4.600122197684969
344 1.7512922050166857
345 3.1751568325742943
346 2.213350142885146
347 2.6801370768271173
348 2.5261344906218954
349 2.9001081310935617
350 2.173992740493468
351 4.03886477388707
352 3.828476002738724
353 2.714085170741806
354 3.477203901854751
355 4.000790292223944
356 5.687138189925868
357 6.799322004144375
358 4.858057684822216
359 4.290842710034632
360 5.036935765321854
361 3.407219367678404
362 4.063511491081349
363 3.0003518076303295
364 2.2436846216704707
365 1.598896486175643
366 1.4952026308100719
367 2.1120890381303985
368 2.227293811266683
369 3.2926966937125384
370 4.445683565292574
371 1.683847168912875
372 4.2501210447307995
373 2.912858896315919
374 3.0162940661370907
375 2.8382707719508904
376 2.2319544240540123
377 2.6506757107471817
378 0.4031431162126162
379 3.3262657049899347
380 4.395460061039323
381 2.6897295348669727
382 3.5992826048415085
383 3.189872901770968
384 2.42254998823374
385 2.084765587065708
386 2.4169930429102733
387 1.8224490907781083
388 1.485085587119775
389 1.9199165045979003
390 4.2606192999926895
391 2.026333727125688
392 0.6718138324771813
393 1.8760899186788664
394 5.724591050508552
395 1.7830975045993562
396 1.690658770506107
397 3.5753339413962624
398 4.5124563657729295
399 4.384574978606903
400 2.450564216741123
401 2.2046046252728595
402 2.8716115284566115
403 0.5897875517140171
404 4.300570522901543
405 3.22214527098657
406 3.5115399620962178
407 4.0355712832831605
408 1.9060922378241314
409 2.693419449573189
410 1.9194854825442909
411 1.7488262816236242
412 1.695462489092943
413 1.7999585485799796
414 2.810411281219727
415 1.9352884808384818
416 5.295083686044466
417 2.539231161885437
418 2.762410124382109
419 4.351443795686619
420 1.7041205798176138
421 1.8673692941486622
