0 6.696546636845101
1 11.018377813154414
2 13.818228842052603
3 11.35260566474284
4 4.372672219777086
5 9.603859664632498
6 10.151493238194218
7 11.583727181383606
8 5.8751865030523565
9 4.271969768067813
10 5.189116763053561
11 5.830953535597406
12 2.7104523560505718
13 4.036524545821423
14 7.4881817945536895
15 8.774580122782812
16 6.336917960123981
17 9.995991709724862
18 8.993120883436102
19 9.893458471176439
20 10.450776613413154
21 8.054231578454756
22 7.782057506615743
23 7.161483766861129
24 9.616558795182621
25 12.927408915721754
26 10.981561273056332
27 11.31922711903596
28 14.72386461927414
29 14.730846826237993
30 13.735581400216443
31 12.111758594632136
32 13.061150404577182
33 16.294775000414102
34 12.544095407229545
35 14.686414037787994
36 13.248233601405168
37 14.589303022449183
38 19.7223129363312
39 12.813422206907623
40 15.322634157483003
41 11.297324209789888
42 13.127746951073993
43 15.118977006349827
44 14.433638142399015
45 20.681705930488793
46 13.464358448696053
47 17.75007597367309
48 17.7055694956982
49 16.565039122213218
50 22.114376899838632
51 19.131313617780382
52 13.742441521272289
53 17.029443601669524
54 13.15138286930992
55 17.49235799359421
56 17.34438107924424
57 16.318638091376545
58 13.51920965923767
59 16.375219676004306
60 11.281347435565184
61 11.281233088097126
62 14.675283700924115
63 15.222791037198833
64 14.701254721336113
65 13.740868174211014
66 17.24368754011881
67 18.047281178386367
68 17.584527608855993
69 15.803944002271974
70 10.700803546723243
71 11.760405993138317
72 11.069296107547926
73 11.288643378225144
74 11.717448499926475
75 14.078332738625745
76 13.087116871792434
77 14.137713792345401
78 12.512546860116597
79 14.83667382898458
80 18.90443038163638
81 18.160925902685456
82 17.99997286959433
83 17.43966859555559
84 19.940076947265865
85 22.075229881888692
86 20.52906431998449
87 18.577757455200498
88 19.200477049178243
89 21.423137930606853
90 21.048089047291654
91 19.17396909157321
92 20.463673399285494
93 17.304625840024396
94 20.578065314362426
95 19.82152279258208
96 18.795240446333956
97 18.32905102752988
98 19.38828984365156
99 14.085739676743149
100 14.142689633791713
101 11.008745903209645
102 12.532376287609923
103 13.7650571710514
104 12.290790501245631
105 12.438068174651939
106 15.2442299596081
107 12.128430617370604
108 13.700818740743493
109 12.74983153540206
110 14.731800851667675
111 14.361028665435164
112 17.616067156820115
113 18.78413270715621
114 16.923556763167454
115 15.467364795198892
116 14.30797004787736
117 15.207535225508057
118 13.307014096445679
119 12.398182026012796
120 13.249456495623436
121 14.163087794081864
122 15.729462874741387
123 14.311949241845857
124 11.821049198216786
125 14.496450531565896
126 12.640156934839698
127 13.496847046565861
128 13.491251840163041
129 15.125549912206457
130 10.34989326094271
131 14.387419677717578
132 14.046505451095364
133 15.844363265293167
134 10.521899349998636
135 11.51491338568035
136 11.912350842279936
137 12.336809104967996
138 11.827643511071635
139 11.288645704897084
140 13.259716902134732
141 14.492444883061905
142 16.102711035981503
143 14.266347720580956
144 13.27420785049885
145 13.813905418409707
146 12.935525885073048
147 12.798446804775619
148 11.236967586454714
149 10.22915418523597
150 12.585473950003609
151 14.002352863670653
152 13.586009790478498
153 12.586798905332568
154 13.663515230595612
155 13.122575577393354
156 16.16063623750931
157 15.133450574928869
158 12.798126549363907
159 17.395113334492482
160 16.41966195776368
161 10.365389746811532
162 17.45723142846524
163 15.758607421764017
164 14.568529734479098
165 16.8066347417504
166 19.573858299260174
167 18.88006538938299
168 14.848587462906153
169 13.741509013816875
170 15.782491967998444
171 20.05348646787519
172 19.494128589111654
173 17.007469337007155
174 12.102869274960156
175 8.922073505325102
176 14.68248079861148
177 14.58262786218158
178 17.4488287952981
179 13.31021064351279
180 14.357844422714974
181 16.078252927227545
182 14.708934584429905
183 19.524769549774103
184 18.7181754235876
185 19.069007265198692
186 14.210127401862353
187 20.663869530326302
188 23.450381074025454
189 23.929489741121134
190 18.613846011244632
191 18.619712445926588
192 22.378371475869894
193 18.450850804787716
194 21.323047391233985
195 15.530317647908303
196 18.530134625725985
197 17.912094977233494
198 15.704938332421817
199 18.336318102074813
200 19.364766131502158
201 18.74455706463124
202 21.616896270879984
203 18.503984615665498
204 23.031182359396485
205 21.639822936009672
206 21.577519204448688
207 21.431051643582773
208 20.584801599424207
209 21.802277645990795
210 18.718427294005853
211 19.086652029856648
212 20.7603212575094
213 20.108074408850392
214 21.87076533511409
215 22.73114617865598
216 22.868161974783398
217 23.957591454668762
218 21.88996711055756
219 20.553021296090446
220 22.648642623532677
221 21.253386711175512
222 21.196762538157877
223 21.090321849317593
224 21.4932886827115
225 23.24296312377724
226 23.967180595333893
227 21.391937986442276
228 17.67208068667458
229 16.5667357323005
230 19.669790579671314
231 16.4795523012488
232 18.080642190266815
233 13.556209970865048
234 16.696995819191162
235 13.128333820051495
236 15.669980606289984
237 15.740782387707418
238 15.802788189597965
239 18.683290641121882
240 16.802629067679867
241 15.886529855540658
242 18.880684787505178
243 18.645225251384215
244 19.757033444214375
245 18.515827655896665
246 19.673468041919396
247 18.998699016130864
248 19.1395470416627
249 16.840414756542923
250 16.525419191377345
251 19.110553757290816
252 19.47827415129026
253 18.620090625905867
254 20.073446065282848
255 21.037661362806546
256 21.337603564506523
257 20.925490673146513
258 17.766040378213976
259 19.32623312300938
260 19.389916176436028
261 17.404044004356074
262 15.128064223804856
263 14.614102352456284
264 18.241277808550333
265 19.698023883707556
266 17.924186538843614
267 20.60424315436725
268 19.401798613973234
269 20.036773438915837
270 18.052895614776563
271 16.1442294042842
272 19.000416618723523
273 16.459866846962175
274 19.199909574680426
275 16.871977929239144
276 16.75376430202242
277 17.67842951056391
278 18.516657030419054
279 17.963720797114227
280 18.669522134520257
281 21.001701476254976
282 19.772247950247642
283 18.565572294984868
284 17.802283849053868
285 16.784993241557835
286 15.94399251889307
287 16.556295045995103
288 17.110868443620568
289 18.256862688287423
290 18.569373928739676
291 17.997846582498397
292 14.881508918958282
293 17.51637968637733
294 21.101374631719928
295 22.03014327822504
296 21.5298865749907
297 17.838268212137123
298 19.351187560392464
299 18.908419228826602
300 18.116242627837238
301 18.968729386157023
302 16.915541596892997
303 17.830625764580557
304 19.855939527304432
305 19.424110255351422
306 17.781197740057227
307 18.482094295216275
308 16.074567665528395
309 16.557650024591993
310 17.1772244113726
311 16.63766688427488
312 16.134002249198574
313 15.261446705695594
314 18.615817542449623
315 20.6622379313184
316 20.860156330773588
317 20.404103317643656
318 21.13012270766084
319 19.151024786947826
320 19.229508782527827
321 14.938608316031141
322 15.380474714781263
323 18.459164819297502
324 15.785997292088926
325 16.438658323498455
326 15.376166393766775
327 14.473692237079188
328 16.19367511792611
329 16.17237331788794
330 15.966835613851606
331 15.747280626299156
332 17.81058406589128
333 18.006490544649242
334 18.512170034009475
335 16.60336937615841
336 17.02445057241589
337 17.698442919821645
338 14.44846918100684
339 14.642524897177498
340 16.63310889565007
341 19.04103808708913
342 12.849993742955862
343 15.545892909960774
344 15.784833188011579
345 17.07580980689677
346 16.61464342633076
347 14.137558029595008
348 16.17124668455876
349 11.994964816897625
350 8.81262110584812
351 10.978947934912219
352 6.418150783406524
353 6.178126282531101
354 4.305535824206128
355 12.755127084830571
356 17.439811747188596
357 14.646737087676943
358 11.48413714737702
359 18.397387454081898
360 11.450962332226215
361 7.5920440084041365
362 9.218640895279725
363 8.523195427704374
364 12.458916286082673
365 5.991671255038057
366 9.161230714892687
367 11.797570105695055
368 15.49831831195587
369 10.28719429734806
370 10.197491341713526
371 14.703667314710557
372 10.514915500061338
373 8.443418384066115
374 12.920138111431308
375 11.794961552967672
376 18.95477776965914
377 13.989377749918434
378 15.064562979570997
379 18.336994059479842
380 17.60695998565422
381 14.309010147933844
382 12.685603011733354
383 18.383380813993707
384 18.3559726400648
385 20.13660997359228
386 16.692904583943395
387 18.01600578450597
388 18.50179349730432
389 17.284768203561796
390 17.623266245483197
391 19.87777643519445
392 16.340944911591535
393 14.534113169318731
394 19.449168141935154
395 23.30477403348112
396 22.511261763783864
397 21.818824552726316
398 21.667161355764424
399 20.23787466925966
400 17.992859076694536
401 20.29229824724554
402 21.020253255770378
403 18.396061702488804
404 14.198686233586127
405 16.561986108970878
406 17.76996347639265
407 16.727754316831813
408 18.435114114858948
409 19.344321264100948
410 22.502510041098024
411 22.765986672150134
412 19.470685490921298
413 23.08717859521936
414 14.792280002138309
415 14.81720009912699
416 14.99175025694871
417 13.632754214394476
418 14.607678784105016
419 17.62284916504593
420 16.37013730135541
421 18.074856374425252
