0 2.645066579000843
1 7.599307650639736
2 12.242380858143308
3 10.440550821877983
4 3.533204067565376
5 6.070298599597262
6 6.4484792584633475
7 8.124661568352929
8 3.2464815739043433
9 3.17090338138281
10 4.414919750906454
11 3.253785870955937
12 1.0235597524082334
13 2.6841383682003235
14 7.365571508793003
15 4.660166618172127
16 4.980311613351737
17 9.377217559843828
18 6.837374837739593
19 7.369994326678588
20 8.740696829667627
21 2.763214009493757
22 7.117999761984125
23 3.8023582387023875
24 8.543829143319046
25 10.897251055166159
26 6.861010915287413
27 7.124202498989307
28 11.758103011260845
29 11.01537277061088
30 8.837743402686206
31 7.798772487007612
32 9.566138875848472
33 12.12016773417503
34 8.372145177313387
35 11.927842311776146
36 10.861719468290572
37 11.897979176389661
38 15.355796339878891
39 10.03968392857799
40 11.798171982580707
41 5.592228197724342
42 10.650696181517148
43 12.522296099499961
44 12.48268429879362
45 16.708975856963995
46 7.045924232519072
47 16.144135896356012
48 9.492554253445086
49 10.048901304291546
50 13.163728989313851
51 14.270299000231876
52 10.03268329756742
53 11.279684818572361
54 8.952664111982033
55 14.672013715568148
56 17.232146184799177
57 13.686796919477048
58 9.317043516889687
59 11.687040250244348
60 6.442551003672066
61 6.661827573488
62 10.01836027844702
63 12.034847841791997
64 13.222036484014183
65 11.19294880934155
66 11.86233187961729
67 12.439734935586857
68 11.7855840797138
69 10.883942908452793
70 9.162782901935657
71 6.533613718084827
72 7.535325057060438
73 7.37871622745024
74 8.685024019078373
75 10.03517749845878
76 7.4702037573683695
77 7.923966005980175
78 6.926262812629159
79 9.16400854818619
80 14.883771879654486
81 12.154164720997565
82 12.70632670198298
83 11.881527117986044
84 16.482575054688336
85 19.677249222005905
86 15.71725463282785
87 12.574686712180043
88 14.895800640922767
89 16.09787585982466
90 15.916627907113563
91 16.70175731271129
92 16.1118048180296
93 12.542258175044623
94 18.47480804265671
95 14.746720324796467
96 13.260784474471707
97 15.535129323318253
98 15.568962715953024
99 11.338375780665073
100 8.390353745825623
101 7.813304883498259
102 9.592502962630238
103 10.030086766487905
104 10.185611803418066
105 13.095967565024985
106 11.887690618674176
107 11.079450058818335
108 16.931137950364445
109 11.187480512402331
110 12.200723201132263
111 11.34303990420707
112 16.917866493665915
113 13.099704522781956
114 16.55657552927147
115 15.513924156322393
116 14.735246782822388
117 14.985293476944424
118 11.794839688537296
119 11.26262746402548
120 17.38851299372312
121 11.696437039002358
122 11.400361753122832
123 13.190659720334397
124 14.283640859904173
125 10.409602155152744
126 10.715474879275684
127 11.796921817221213
128 10.49957509220688
129 15.816103375646527
130 8.963712440641626
131 13.790944769855628
132 12.157763411159449
133 14.414943375743778
134 10.826101053813588
135 12.839192372922838
136 11.784083397144823
137 10.412180316345832
138 10.181685044676584
139 11.60191861004722
140 13.563975123165665
141 13.475778641717
142 12.848829329554217
143 12.80427698990252
144 14.610012771774016
145 13.751931509771987
146 13.094434639944392
147 11.734503064027825
148 11.352007090267348
149 10.79803184660626
150 13.098441530973163
151 13.166987402370562
152 11.610806828880616
153 15.036923544226854
154 10.654697165570953
155 11.677732618327079
156 11.497470463061136
157 11.719549136177031
158 9.073229121999072
159 14.638478294198725
160 16.503494084322845
161 13.498141998995335
162 13.895283612161242
163 14.062054287189618
164 14.845109242439266
165 12.584448623361812
166 15.19090502459684
167 16.658699579976602
168 12.980409879997842
169 12.75367615729176
170 15.098399764089844
171 20.061689368048466
172 15.444781928837013
173 14.675992846735754
174 9.77020947172793
175 12.419814470885317
176 13.87892956053251
177 14.250506866496785
178 16.781185227310534
179 10.340851536600123
180 11.193483701645942
181 13.700887439886564
182 11.506218220130934
183 14.731335188074203
184 10.325186932845991
185 11.575727611158797
186 8.261619847043171
187 13.82120856801505
188 19.221001468600978
189 19.24143291327078
190 13.51328694727235
191 14.655102112292145
192 21.65634812676686
193 16.545912313460732
194 17.790697972509076
195 11.284858102533294
196 14.171475780466515
197 13.036943416509661
198 10.09601031688827
199 15.037419379894462
200 17.917900101824834
201 15.160250855823268
202 17.392008776916473
203 15.372422020313447
204 20.684771401006657
205 19.23815001081107
206 17.469716149878224
207 18.467078394270676
208 14.92319288245634
209 16.339472775114356
210 12.189929907610665
211 13.487102521608897
212 15.00224995908753
213 16.986621117805317
214 16.775384290888816
215 20.216053046495052
216 17.393592730263293
217 19.068238438270413
218 15.549060616033241
219 16.268486401459672
220 19.77602693296746
221 17.660940948543413
222 17.591029149002058
223 14.897319076169074
224 18.485821642126567
225 18.71966050685662
226 19.40353497598222
227 20.199102373866644
228 14.79299584806385
229 12.256975742658966
230 16.34487670849188
231 10.904363359537696
232 13.23022382741784
233 10.179502832199413
234 10.61507041566109
235 11.110075035485426
236 12.297109702348608
237 10.341308051788266
238 10.837089373791034
239 14.032505832983672
240 13.571792374603321
241 12.772432551128949
242 16.616370196171143
243 15.070914702973804
244 17.1105033703212
245 14.529138083481078
246 15.618339057701835
247 13.420962944391981
248 17.842503000923173
249 13.852294165950653
250 12.703283241279808
251 13.953299654975552
252 14.726512059835196
253 14.15931392547936
254 16.71214729241452
255 18.494428433451507
256 15.724070992607214
257 16.121880566932244
258 14.835282014812774
259 17.154622291611062
260 17.026041316153567
261 12.845281366588722
262 11.453642118221827
263 11.627819088336334
264 15.738653934896385
265 15.092611368183269
266 13.98790315465481
267 14.226532467919423
268 17.542409763378565
269 19.066159983987458
270 15.2633710873003
271 14.107432774141365
272 17.24479757122141
273 15.115106922560491
274 18.901844448231238
275 15.817619264670205
276 17.119650102187002
277 16.868671704970236
278 19.22399500189014
279 18.539383270125242
280 16.59179786219207
281 15.142310064194461
282 15.760574113594638
283 15.661096491575456
284 14.24412565769617
285 12.381755544938581
286 11.38372926202806
287 11.733110634644703
288 14.222052958211252
289 13.960995879265232
290 13.923661281139605
291 14.349103943435253
292 11.100870782867997
293 17.183911597826846
294 16.518622998893164
295 16.353635299979832
296 17.002111725367993
297 13.535934626948446
298 13.93178598859702
299 15.445006248687768
300 12.407264296215866
301 12.636287821175282
302 11.515672056469143
303 11.58200987408394
304 14.77826581909353
305 12.49951383912212
306 11.855747153041033
307 13.832218963860345
308 12.173162848336823
309 15.765620329138978
310 13.388257410806702
311 10.498659995496118
312 12.345589519363962
313 12.676483853129264
314 13.070641404899082
315 13.643565255082015
316 14.937378959408521
317 14.879790808140672
318 15.505990299337572
319 12.51781803815821
320 14.535658413646486
321 13.605217794993576
322 13.0985356796097
323 16.192755853219072
324 12.696702050268946
325 14.47270780665881
326 12.748784423967102
327 10.835389479193104
328 14.509087851352167
329 16.202997926836904
330 12.648278230211817
331 12.023972658947121
332 15.651268247295627
333 15.124472811997325
334 17.78331251034216
335 14.997651236310396
336 14.80129804650293
337 14.199020183249237
338 11.863788334304212
339 11.351048414895486
340 13.462240224949337
341 16.17535952722042
342 9.2520653679784
343 10.596483388102952
344 14.678808737493814
345 14.321405408770037
346 15.445986087027501
347 13.344910538787442
348 14.238616685098254
349 9.826114623193446
350 7.161880888564439
351 7.10858037480522
352 3.1901001765875403
353 6.9346767154334525
354 4.582159953865081
355 11.918691720659725
356 15.25418621680556
357 16.166845233766892
358 11.507778815987812
359 18.83872877698122
360 11.473697783553149
361 8.15097939415474
362 10.293424804995148
363 9.177074029180122
364 11.57561605277867
365 4.898801154674628
366 8.198847585598516
367 9.807434604797606
368 13.134712600543017
369 7.174417703902676
370 8.307863060065486
371 13.286435870847475
372 6.41947440192998
373 5.733512818111162
374 10.758466527937728
375 10.73226594587489
376 17.892351086503336
377 12.884619345841074
378 14.083828010609844
379 15.634841325683558
380 15.188609235869672
381 14.306581280124478
382 13.023193860970954
383 19.16168906452414
384 17.564454580430702
385 18.14283242390248
386 16.193764158538716
387 17.38718925702384
388 17.888564210096913
389 18.052468091940742
390 18.89839073255974
391 20.515098991810998
392 15.809728084895335
393 14.652083474477122
394 21.79492011903746
395 22.250667961032946
396 20.825968442713922
397 22.291140435817614
398 21.074008667052215
399 20.617536174534557
400 19.65538778503949
401 19.07221233069002
402 18.479933461261034
403 17.80777675523515
404 13.826194159893998
405 14.030535402319865
406 15.929317838884437
407 17.118316955739132
408 16.070697439931642
409 17.023464387359674
410 20.54285089397838
411 20.38249373452251
412 19.032395906713678
413 21.740797330768675
414 13.477835606303442
415 13.137728000518926
416 15.708722520165773
417 13.065686940797418
418 12.213953206096637
419 16.03116922031031
420 15.693005172860094
421 17.02162513073909
