0 85.65217645016543
1 88.23271164565116
2 86.16083961265257
3 89.08139833647654
4 85.13178127553623
5 77.16018465102165
6 74.16877233156012
7 76.75207217759782
8 82.39027819708545
9 77.68813158371273
10 81.795518876895
11 82.17593541511224
12 78.81350129089809
13 76.55507029508288
14 86.09732188519023
15 84.58461261307973
16 87.69075959782977
17 79.44798610160842
18 78.25162306231165
19 75.52477353995481
20 74.16318460450809
21 77.12585855614195
22 85.95740465924689
23 81.93643582368482
24 77.28687010469386
25 75.34148569364119
26 76.16265238144834
27 85.60349834589586
28 72.55413570466774
29 71.31153468947431
30 83.27827561168726
31 78.71268492312743
32 87.03074497274622
33 84.67746984690739
34 77.83410930571549
35 80.98011582311005
36 83.79035605612991
37 82.065620275064
38 81.1925229913759
39 80.78097834446672
40 76.58424085424842
41 76.3301595020891
42 76.13219446528304
43 73.0664644651463
44 82.55109970404058
45 84.2088526252444
46 76.30929045640168
47 86.22573962425317
48 74.67996352307816
49 82.45075376475774
50 84.16839200669153
51 82.88049394800949
52 78.57773019841186
53 78.95353740017532
54 73.01511944764242
55 78.25009748881163
56 87.24591846437943
57 77.79663474458694
58 81.03797716417508
59 81.96344904771507
60 78.64951984356384
61 72.52993495300464
62 70.85614871607967
63 71.54175229822202
64 80.07906902219621
65 79.17167588158588
66 69.94484052221743
67 76.2835456068432
68 76.61137590688386
69 78.38825600194653
70 78.72787566935361
71 75.72693409793989
72 77.46987113693486
73 79.06479931853234
74 74.156472490629
75 75.67560552451928
76 79.35022027154264
77 79.8474214218213
78 79.60103896630025
79 85.14228666502946
80 84.0967257571629
81 84.89810803384829
82 74.81722765924361
83 81.8013738677382
84 82.91260596849206
85 82.06787225647447
86 79.69029991094557
87 78.87277205660112
88 82.1694539406893
89 81.5339808186917
90 79.11757126058566
91 76.57229286531796
92 75.32524513030427
93 87.17235237043667
94 80.67503383230165
95 84.40878469720543
96 80.26299411357442
97 83.2091116480019
98 73.55028539090554
99 69.01957602979662
100 79.0292265682609
101 84.96094244410381
102 79.74534511211216
103 75.26604210521708
104 78.17614760056341
105 81.80863169973003
106 86.27761951990034
107 88.9961879909683
108 85.38375334245458
109 81.91228373132068
110 85.52427153136725
111 85.43035101389614
112 87.1952339734598
113 87.81039833619106
114 88.59916780500082
115 86.58619565761217
116 89.33205688073785
117 81.6918573968915
118 89.90601259341322
119 89.07461421956361
120 88.02450605593855
121 86.20270785308892
122 87.16882841429133
123 86.08589330994414
124 82.18582101961857
125 87.77228269519287
126 86.93627157535678
127 87.62487731204635
128 85.62238439283306
129 85.5736961946108
130 88.89478642667117
131 89.90712625367182
132 84.10149289992512
133 86.50597604651976
134 81.42776042033368
135 88.61695065937818
136 86.36125186593294
137 88.3734902970517
138 83.09465081909775
139 81.35761415836677
140 86.13145609347254
141 84.78809398332501
142 85.79686354589609
143 88.39500464543448
144 86.63275864050503
145 87.02185868711001
146 89.96643219718156
147 86.32598333613434
148 87.85280150324344
149 89.00740671955288
150 84.36751752559155
151 88.14383098686476
152 89.93563712546204
153 86.64734181018929
154 88.80816297440644
155 85.89695406824929
156 89.81294398814612
157 85.96557441494507
158 87.92231101174545
159 89.36948232094892
160 89.35100270991519
161 85.23800568040413
162 87.06713126664812
163 88.36124086723859
164 87.37277739290938
165 89.29546194043294
166 88.61471343755892
167 86.36948756645822
168 87.279052765427
169 89.88997547711111
170 87.9853323452738
171 87.7204157184347
172 87.07585455650747
173 89.89232056119424
174 88.06817251132706
175 85.60387304406711
176 89.03256093613852
177 89.27052743351753
178 86.55822285993465
179 84.74537781997957
180 87.02845377262776
181 88.90977070476605
182 87.96740966323684
183 86.45378357852645
184 88.36592125267597
185 88.94145023665143
186 88.29432093157912
187 84.32101629775788
188 89.98759582855419
189 85.81089510315118
190 88.33530123406008
191 85.52542993295909
192 88.29289487055276
193 87.58814174933657
194 88.63786731310465
195 88.33409018346677
196 89.19311536440473
197 89.58254464649578
198 83.23435478943215
199 89.51022579048448
200 87.17137571073181
201 82.40252495132766
202 89.15359482648175
203 86.85096678962765
204 83.68140686184924
205 88.30977039671275
206 89.27400033483599
207 89.98558154120597
208 86.82534922415977
209 85.51875279561416
210 89.08470666149685
211 89.96527758698704
212 87.96440387737664
213 87.12266724031456
214 87.76022902285334
215 81.63936182945808
216 88.7866398113753
217 85.87571399402476
218 89.47074287154267
219 87.49361637658005
220 83.54622213005683
221 83.69138406441095
222 83.98215828687893
223 82.31219649175938
224 83.8972330519858
225 81.90531483799579
226 86.98446367178636
227 85.56851513837206
228 85.59708927525945
229 88.94911691178623
230 85.80335242753702
231 82.54437070245183
232 83.73408536151173
233 83.75537522278213
234 81.07596420767786
235 79.53650663369281
236 83.4676149617212
237 84.83232785616642
238 89.96829731670957
239 89.42315833382804
240 88.7732294559353
241 89.38466714748606
242 86.67156730771384
243 89.05430464302428
244 86.54962058125312
245 87.16623337465126
246 85.29137804915142
247 85.29205253968098
248 87.74184106797122
249 87.40429448320161
250 88.21542110699276
251 87.10423063923953
252 83.93361116079433
253 88.61004939737917
254 84.80993496551737
255 85.64234225564906
256 88.97655149659764
257 87.63461374951858
258 85.68511636592586
259 82.01494711281511
260 85.05369926385131
261 89.34288832372762
262 89.53842491865926
263 87.35110712443367
264 84.70628117151037
265 84.56870177745631
266 83.41465536428619
267 84.46345422930484
268 89.99867557322791
269 89.20305959508586
270 77.89523292150048
271 83.12664267379739
272 82.87719018110452
273 83.06142668233849
274 83.96266777251984
275 86.81446947504465
276 84.25848137091101
277 87.53101228853642
278 88.46695032474611
279 85.12013068508492
280 89.95049497425167
281 88.47463747328136
282 88.24477704715845
283 88.02803799967951
284 87.8385575731058
285 85.20556920600839
286 89.0710212450574
287 87.55722017567335
288 89.99313444576602
289 87.89447967508477
290 84.96325610520606
291 85.56312039296643
292 89.44750463794034
293 87.70229262794052
294 84.67491677737307
295 86.45738772227062
296 80.9044282950043
297 82.83397987940204
298 88.03114063109476
299 88.263746171335
300 88.28242740454137
301 84.32775375648737
302 86.16084071524607
303 85.62344302872812
304 87.23616322477373
305 87.53787859575287
306 86.67209609509955
307 79.98041293038706
308 89.20526278571383
309 89.22982308461691
310 89.53588085502153
311 78.77960339207962
312 81.61836090713851
313 80.70524980192647
314 74.93646814305961
315 80.42982282817363
316 81.82693067599719
317 84.32816401107667
318 82.14408662113397
319 84.38934257677106
320 86.8489867166117
321 87.09862016749258
322 89.93888983778584
323 89.48248638747923
324 83.63508130012293
325 79.82496067494223
326 81.77359416124918
327 80.6959530918222
328 85.20568493914224
329 82.25392240156313
330 89.38102041551498
331 88.74837359658396
332 86.51695123458451
333 84.52055931194171
334 86.54745703519472
335 87.83913351069553
336 87.26646928109913
337 83.44123683651915
338 81.06646900046303
339 83.78203962108718
340 80.85862951350339
341 86.2009807409675
342 86.60340680866058
343 87.74469855123056
344 85.2868169325923
345 87.65188496399736
346 86.01763710702836
347 86.78055996387582
348 81.49742758437777
349 79.57745893269905
350 87.80980217670655
351 83.0911746205397
352 82.40538230017434
353 87.76463579534362
354 89.57185655058602
355 88.10893097337116
356 83.43267415698105
357 87.07134792311966
358 84.94016183476761
359 87.46030125393675
360 82.7321080227517
361 88.82797695613726
362 87.08404264251716
363 89.70704292605129
364 86.16060440463232
365 83.55092575773175
366 87.64875876440499
367 87.92539383357297
368 85.15885702305576
369 89.65151093787335
370 86.9252191690569
371 88.6741031635541
372 86.77867380089197
373 88.01906287629872
374 88.17911848471478
375 84.97933231272226
376 87.9042812093874
377 88.71794643608882
378 88.9774685495527
379 88.78489025821025
380 84.09644751801099
381 83.22781818932826
382 88.9205254648381
383 87.76902170156033
384 89.2292693585998
385 89.43126285551539
386 86.6924215022297
387 82.96404058708961
388 88.56214017660405
389 82.70409436556542
390 89.04656533315244
391 83.35585757827887
392 87.3593450280227
393 89.4277884203972
394 86.5892604192581
395 83.93181129035572
396 89.67840571092269
397 89.27488407986874
398 87.507446828625
399 84.10342159140266
400 89.53298062950302
401 80.17650930790097
402 87.55166781224801
403 83.29298513956391
404 85.18974206766919
405 85.2643935787919
406 84.29627913603669
407 87.08484118685831
408 88.76283107274556
409 89.87096136947618
410 89.36851621690164
411 88.89339899759216
412 89.48991663909582
413 85.13478741021139
414 89.59968430827938
415 89.97470774476719
416 87.72040116409603
417 86.24136601973667
418 84.70764778512837
419 84.77123781190902
420 80.81342182557543
421 80.52963339169479
