1 2.829131841659546 2.4515907764434814 1.5469383001327515 2.005965232849121 1.2338365316390991 1.4916563034057617
2 2.9991137981414795 2.5706629753112793 2.002042531967163 2.1676900386810303 1.5306636095046997 1.4654632806777954
3 3.3359034061431885 2.942080020904541 2.109811782836914 2.4114768505096436 1.7065049409866333 1.3973033428192139
4 3.7482190132141113 3.445622444152832 2.0432796478271484 2.4774410724639893 1.6042540073394775 2.1451361179351807
5 4.619225025177002 4.4115681648254395 2.253913164138794 2.6409435272216797 1.813086986541748 1.9858418703079224
6 4.564307689666748 4.353554725646973 2.1610918045043945 2.440715789794922 1.6299396753311157 1.71852707862854
7 4.492063522338867 4.245211124420166 2.029913902282715 2.307033061981201 1.522698998451233 1.4396138191223145
8 3.8800618648529053 3.52634859085083 2.063152551651001 2.142439365386963 1.5042835474014282 1.2439292669296265
9 4.7675700187683105 4.570367813110352 2.243940591812134 2.318350315093994 1.9480562210083008 1.4693222045898438
10 3.8185863494873047 3.510401725769043 2.2043352127075195 2.0152335166931152 1.5807923078536987 1.4760764837265015
11 3.9790055751800537 3.7084882259368896 1.8155781030654907 2.149171829223633 1.3883742094039917 1.4386495351791382
12 4.32703971862793 4.089605331420898 1.8030880689620972 2.2962987422943115 1.330487847328186 1.5053876638412476
13 4.435118675231934 4.161567687988281 2.0018417835235596 2.207495927810669 1.6392922401428223 1.622891902923584
14 3.5311474800109863 3.1820430755615234 2.4873528480529785 1.984649419784546 1.8440651893615723 1.400894045829773
15 3.5202088356018066 3.166555166244507 2.1408727169036865 1.9299850463867188 1.3888558149337769 1.3790655136108398
16 3.9407620429992676 3.7377378940582275 3.2946197986602783 2.2880196571350098 2.0085558891296387 1.4661262035369873
17 4.124975204467773 3.8513023853302 2.817260980606079 2.765317678451538 1.9347200393676758 1.7128616571426392
18 4.1119384765625 3.858473539352417 2.6464924812316895 2.5857443809509277 2.1675221920013428 1.5648832321166992
19 4.474674701690674 4.284486770629883 2.2729506492614746 2.6554200649261475 1.2841633558273315 1.5951616764068604
20 4.615776538848877 4.4001665115356445 2.4055707454681396 2.5551953315734863 1.5894014835357666 1.5693833827972412
21 4.210967540740967 4.0356597900390625 2.331853151321411 3.202178478240967 1.3310233354568481 1.3156300783157349
22 3.956339120864868 3.6335344314575195 2.4360129833221436 2.8051199913024902 1.530573844909668 1.6429566144943237
23 4.470056533813477 4.2221550941467285 2.7268292903900146 2.493987798690796 1.8528318405151367 1.6649550199508667
24 5.03790807723999 4.823300838470459 2.000671625137329 2.73479962348938 1.491661548614502 1.987898826599121
25 5.2603583335876465 5.14738655090332 2.4998059272766113 2.4957571029663086 1.7964071035385132 1.4766461849212646
26 4.866381645202637 4.662883281707764 1.8944947719573975 2.6357691287994385 1.5135306119918823 1.6552869081497192
27 4.40904426574707 4.150405406951904 2.4113802909851074 2.984773635864258 1.714494228363037 1.4368704557418823
28 5.068199157714844 4.895257949829102 2.331697940826416 2.714282989501953 1.885331392288208 1.1927087306976318
29 5.3385467529296875 5.165186882019043 2.360530138015747 2.689690351486206 1.8771944046020508 1.16255784034729
30 3.963195323944092 3.6344821453094482 2.20697283744812 3.002686023712158 1.6685327291488647 1.6794437170028687
31 4.566138744354248 4.37288761138916 2.3848609924316406 3.749382495880127 1.5884513854980469 2.1338822841644287
32 4.156268119812012 3.8630707263946533 2.1949727535247803 3.5281786918640137 1.5413950681686401 1.8803739547729492
33 4.638579368591309 4.41724967956543 2.106672763824463 4.099493980407715 1.518884301185608 2.4033453464508057
34 4.482362270355225 4.236895561218262 1.9411019086837769 3.859628438949585 1.2550441026687622 2.2608206272125244
35 4.677067279815674 4.500368118286133 2.483185052871704 3.9319674968719482 1.9829457998275757 2.053431987762451
36 4.485835075378418 4.283788681030273 2.3426685333251953 4.07330322265625 1.6205648183822632 2.6321237087249756
37 4.355244159698486 4.105482578277588 2.411726236343384 3.762399196624756 1.9823614358901978 1.8536620140075684
38 4.609626770019531 4.419267654418945 2.525135040283203 3.721245527267456 1.9786096811294556 2.0973470211029053
39 4.370968341827393 4.21520471572876 2.644165277481079 3.5310685634613037 2.1925692558288574 1.68942391872406
40 5.465104103088379 5.366262435913086 2.845015525817871 4.326379299163818 2.7356832027435303 2.074465274810791
41 4.8147196769714355 4.630134105682373 2.5115718841552734 3.8147730827331543 2.048837184906006 1.921278715133667
42 4.885914325714111 4.666905879974365 2.6529552936553955 3.3426296710968018 2.226902484893799 1.3467265367507935
43 5.192172050476074 5.086289405822754 2.605720281600952 3.919342041015625 2.2115542888641357 1.553008794784546
44 4.6145339012146 4.437119960784912 2.6066362857818604 3.7772574424743652 2.0937511920928955 1.5585342645645142
45 4.615184307098389 4.373682498931885 2.8100433349609375 3.733616590499878 2.587430953979492 1.590803623199463
46 5.132518768310547 4.976005554199219 2.7970166206359863 3.7355196475982666 2.465845823287964 1.4989129304885864
47 4.27159309387207 4.0283403396606445 2.6373610496520996 3.621483564376831 2.3404712677001953 1.819825291633606
48 5.20591402053833 5.097328186035156 2.5148403644561768 4.364541530609131 2.236208200454712 1.889573097229004
49 4.464160442352295 4.276329517364502 2.9903831481933594 3.7607223987579346 2.4537501335144043 1.6277209520339966
50 4.4005560874938965 4.203828811645508 2.7692677974700928 3.658210515975952 2.141667127609253 1.5411953926086426
51 5.378405570983887 5.300353527069092 2.9975333213806152 4.432056427001953 2.47220778465271 2.598979949951172
52 5.167565822601318 5.078562259674072 2.8440301418304443 4.094361782073975 2.4987428188323975 1.4112985134124756
53 4.7150654792785645 4.56392240524292 2.275829315185547 4.051623821258545 1.868011236190796 1.6585156917572021
54 5.348281383514404 5.238967418670654 2.6777939796447754 4.006398677825928 2.3183810710906982 1.6281890869140625
55 5.113073825836182 5.032040119171143 2.9833898544311523 3.9663188457489014 2.3310463428497314 1.3528879880905151
56 4.0085768699646 3.8251092433929443 2.4537060260772705 3.8440725803375244 2.2989861965179443 1.3377478122711182
57 5.005054950714111 4.857492923736572 3.043903350830078 3.817096471786499 2.53069806098938 1.4232958555221558
58 5.058289527893066 4.944814205169678 3.084528923034668 3.87481951713562 2.5045347213745117 1.56925630569458
59 4.676812171936035 4.472734451293945 3.20969820022583 3.2742087841033936 2.330174207687378 1.7327686548233032
60 4.848747730255127 4.694115161895752 2.7972419261932373 3.588253974914551 2.121081590652466 1.5026973485946655
61 4.956330299377441 4.848480701446533 3.0419301986694336 3.2396411895751953 2.281585454940796 1.3922139406204224
62 5.629558086395264 5.583433628082275 3.053750991821289 3.531580924987793 2.2382419109344482 1.6736342906951904
63 5.788430213928223 5.7346673011779785 3.3741493225097656 4.153861999511719 2.8057520389556885 1.9937483072280884
64 5.102675437927246 4.994497299194336 3.2259206771850586 3.90287709236145 2.375154495239258 1.7789242267608643
65 5.395260334014893 5.2901506423950195 3.2640762329101563 3.7705254554748535 2.532351493835449 1.8837755918502808
66 5.788580417633057 5.748836040496826 3.0904593467712402 4.0866780281066895 2.4063243865966797 1.6570285558700562
67 5.192193508148193 5.128756999969482 2.9854800701141357 4.1240949630737305 2.374224901199341 1.5377748012542725
68 4.997773170471191 4.95452356338501 3.052473306655884 4.235991477966309 1.9042534828186035 2.137528896331787
69 5.163265228271484 5.136164665222168 3.2107040882110596 4.1982316970825195 2.101348876953125 1.9685804843902588
70 5.3751749992370605 5.3641133308410645 3.2138278484344482 4.271446228027344 2.3043322563171387 1.5754692554473877
71 5.301783084869385 5.286828994750977 3.2743656635284424 4.297557353973389 2.343766689300537 1.5907341241836548
72 5.489795684814453 5.466709613800049 3.159863233566284 4.275080680847168 2.2326414585113525 1.6190179586410522
73 4.736998081207275 4.628872871398926 3.069153308868408 3.6707849502563477 2.013559579849243 1.4575443267822266
74 5.359260082244873 5.245680332183838 3.276108980178833 3.8210067749023438 2.2478883266448975 1.58133864402771
75 5.057196140289307 4.98633337020874 3.2748095989227295 3.6869864463806152 2.436115264892578 1.629922866821289
76 5.084266662597656 5.0172858238220215 3.2815639972686768 4.012263774871826 2.6234257221221924 1.778239369392395
77 4.901010990142822 4.808689594268799 3.1618404388427734 3.5882368087768555 2.324246644973755 1.4981740713119507
78 4.6361870765686035 4.491644382476807 2.831183671951294 3.606745958328247 2.389064311981201 1.466741919517517
79 4.470489025115967 4.395954132080078 3.2729527950286865 3.7677435874938965 2.5439469814300537 2.0375728607177734
80 5.06654691696167 4.98442268371582 3.4735827445983887 3.9366631507873535 2.541572093963623 2.128034830093384
81 4.86671781539917 4.767993450164795 3.4392645359039307 3.8798770904541016 2.443582534790039 2.3429713249206543
82 5.3617048263549805 5.25482177734375 3.4335482120513916 3.553591012954712 2.773134231567383 1.6143040657043457
83 5.520821571350098 5.432825565338135 3.431802272796631 3.8942935466766357 2.836995840072632 1.593529224395752
84 5.0862040519714355 5.016244888305664 3.4027249813079834 4.248702049255371 2.624213933944702 1.8730754852294922
85 5.069888114929199 5.022301197052002 3.501981496810913 4.245066165924072 2.9205257892608643 2.042447328567505
86 5.337199687957764 5.266659259796143 3.156980037689209 4.113038063049316 2.471113443374634 2.118985652923584
87 5.521429061889648 5.447769641876221 3.1679439544677734 4.06755256652832 2.510718822479248 2.250460386276245
88 5.134603977203369 5.041640281677246 3.1430587768554688 4.003231525421143 2.7362029552459717 2.111640453338623
89 4.841257572174072 4.78239107131958 3.1090123653411865 4.031524658203125 2.020599126815796 1.837988257408142
90 5.605854034423828 5.624146938323975 3.4791362285614014 4.181525707244873 2.5566742420196533 2.0004332065582275
91 5.427931308746338 5.3359904289245605 3.34352970123291 3.9423420429229736 2.4971323013305664 2.1978979110717773
92 6.360508918762207 6.423361778259277 3.8030283451080322 4.246272087097168 2.811901569366455 2.1314947605133057
93 4.771533966064453 4.589441299438477 3.3636276721954346 3.999539375305176 2.5331852436065674 2.03912353515625
94 4.993788242340088 4.927861213684082 3.362190008163452 3.961270809173584 2.5025646686553955 2.071242094039917
95 4.87921667098999 4.7662034034729 3.5235085487365723 3.6682584285736084 2.421401262283325 1.9091825485229492
96 5.299149036407471 5.24960470199585 3.152092695236206 3.9901511669158936 2.504063367843628 2.0563154220581055
97 5.087233543395996 5.037804126739502 3.1531264781951904 4.105761528015137 2.240032196044922 1.7993178367614746
98 6.3651580810546875 6.369319915771484 3.128042221069336 4.1428141593933105 2.6119139194488525 2.122738838195801
99 6.156062602996826 6.151909351348877 3.323108196258545 4.025721073150635 2.611954927444458 1.972535252571106
100 5.5388569831848145 5.402712821960449 3.1672415733337402 3.8816511631011963 2.6734793186187744 2.1819980144500732
101 4.876285076141357 4.722267150878906 3.1909403800964355 3.7527847290039063 2.4673407077789307 2.111720561981201
102 5.149514675140381 5.009074687957764 3.213202714920044 3.742387294769287 2.7095959186553955 2.208885669708252
103 5.4393157958984375 5.39056921005249 3.5606513023376465 3.6212565898895264 2.834789991378784 1.846754550933838
104 5.721611022949219 5.655632495880127 3.461458921432495 3.6095097064971924 2.8191866874694824 1.8391021490097046
105 5.270815372467041 5.144840240478516 3.0819802284240723 3.86503267288208 2.3398985862731934 2.0589659214019775
106 4.7038350105285645 4.55954647064209 3.080132484436035 3.993410587310791 2.281940460205078 2.0178885459899902
107 5.172546863555908 5.104423999786377 3.2637743949890137 4.355560302734375 2.5766351222991943 2.4091782569885254
108 5.106165409088135 5.062323570251465 3.279827117919922 4.325949668884277 2.369374990463257 2.2927207946777344
109 5.559553623199463 5.458320140838623 2.906296491622925 4.194788455963135 2.2613627910614014 2.0114803314208984
110 4.8846282958984375 4.753108501434326 3.032561779022217 4.1653666496276855 2.4586668014526367 2.06221604347229
111 4.874964237213135 4.757050037384033 2.994086742401123 4.195408344268799 1.9489729404449463 2.2271156311035156
112 4.993068695068359 4.841406345367432 3.1952059268951416 4.210754871368408 2.3543474674224854 2.2574503421783447
113 5.187265396118164 5.13042688369751 3.175983190536499 4.356173038482666 2.4256439208984375 1.9284723997116089
114 5.15076208114624 5.10388708114624 3.1825814247131348 4.342941761016846 2.413031578063965 2.0259368419647217
115 5.441185474395752 5.394857406616211 3.462791919708252 4.331560134887695 2.7649223804473877 2.108732223510742
116 4.543516635894775 4.395017623901367 2.9663987159729004 4.017093181610107 2.1293015480041504 2.047281503677368
117 5.252983570098877 5.237998008728027 3.3435275554656982 4.223362922668457 2.1612000465393066 1.9599624872207642
118 4.818086624145508 4.734029769897461 2.885669469833374 4.299664497375488 2.24255633354187 2.1260995864868164
119 4.8596367835998535 4.684967994689941 3.1346569061279297 3.899718999862671 2.3844668865203857 1.8270817995071411
120 5.039758205413818 4.932584762573242 3.1186506748199463 4.026163101196289 2.4720704555511475 2.177863597869873
121 4.980235576629639 4.812638759613037 3.2799930572509766 4.144375324249268 2.5914361476898193 2.322585105895996
122 5.100430965423584 4.941102504730225 3.213252067565918 4.335869789123535 2.4878196716308594 2.506791591644287
123 5.1337199211120605 5.012002468109131 3.3009591102600098 4.270249366760254 2.7200679779052734 2.2415478229522705
124 5.472855091094971 5.363734245300293 3.2143030166625977 4.1838202476501465 2.4813897609710693 2.0133845806121826
125 5.270614147186279 5.141341209411621 3.2791390419006348 4.260440349578857 2.8470239639282227 2.460557699203491
126 5.34347677230835 5.285213470458984 3.156374216079712 4.1162590980529785 2.612506151199341 2.1172306537628174
127 5.10640811920166 5.028173923492432 3.169835329055786 4.3115763664245605 2.5331807136535645 2.3126423358917236
128 4.804525375366211 4.656026840209961 3.0813353061676025 3.878648519515991 2.578580141067505 2.2607293128967285
129 4.337874889373779 4.164721488952637 3.046736717224121 3.916090488433838 2.2987732887268066 2.2160046100616455
130 4.424610614776611 4.282799243927002 3.0178468227386475 3.8004238605499268 2.4531991481781006 2.0527210235595703
131 4.496313095092773 4.326406478881836 3.0891191959381104 3.9632606506347656 2.4514143466949463 2.533545970916748
132 4.963989734649658 4.794403553009033 3.3719887733459473 3.9287874698638916 3.0077316761016846 2.310194730758667
133 4.528076648712158 4.3538899421691895 3.1022329330444336 4.1041579246521 2.6387884616851807 2.3274030685424805
134 5.000077247619629 4.873085021972656 3.4172303676605225 4.1555256843566895 2.6914634704589844 2.2159855365753174
135 4.585201263427734 4.364071369171143 3.3310132026672363 4.004111289978027 2.3019769191741943 2.281298875808716
136 4.722949028015137 4.5002312660217285 3.152745485305786 4.111376762390137 2.620584011077881 2.0591299533843994
137 4.5069684982299805 4.368434429168701 3.3619544506073 3.929196834564209 2.6986188888549805 2.376215696334839
138 4.479649543762207 4.292663097381592 3.059878349304199 4.057868957519531 2.341747760772705 2.754962921142578
139 5.075739860534668 4.99135684967041 2.990596294403076 4.188406467437744 2.1993212699890137 2.425887107849121
140 4.057074546813965 3.85132098197937 2.8838717937469482 3.8640024662017822 1.8398345708847046 2.347116708755493
141 4.528138160705566 4.40710973739624 3.4086031913757324 4.091897487640381 2.092406749725342 2.5564470291137695
142 4.355779647827148 4.172165393829346 3.1348583698272705 3.994999647140503 1.9843240976333618 2.641951322555542
143 4.4562201499938965 4.275871276855469 3.040928363800049 4.164299011230469 2.0802767276763916 2.6207878589630127
144 4.3070387840271 4.080141544342041 2.945061445236206 3.8672800064086914 2.065171718597412 2.321061849594116
145 4.444369316101074 4.240490436553955 2.9553709030151367 4.102202415466309 1.8996825218200684 2.343752384185791
146 4.3889875411987305 4.140803813934326 2.945103406906128 3.9081902503967285 2.227052688598633 2.3677501678466797
147 4.255847930908203 4.076123237609863 3.103353261947632 4.015041828155518 2.268259048461914 2.3307249546051025
148 4.503966331481934 4.315920352935791 3.0773568153381348 4.131552219390869 1.9732484817504883 2.194890022277832
149 4.5222320556640625 4.329071998596191 3.2296743392944336 3.9183051586151123 2.253957986831665 2.037989377975464
150 4.280717372894287 4.009017467498779 3.2458465099334717 3.89454984664917 2.4260048866271973 2.074706792831421
151 4.627810478210449 4.43469762802124 3.161527156829834 4.034424781799316 2.36712384223938 2.306394100189209
152 4.682065486907959 4.5145158767700195 3.172356128692627 3.9195942878723145 2.2415518760681152 2.4615836143493652
153 4.115396022796631 3.896928548812866 3.1945583820343018 3.8081634044647217 2.2790584564208984 2.111687421798706
154 4.530335426330566 4.290293216705322 3.249391794204712 3.830603837966919 2.3098459243774414 1.952569842338562
155 4.314777374267578 4.131124973297119 3.073814630508423 3.933954954147339 2.1864981651306152 2.1692283153533936
156 4.776357650756836 4.610375881195068 3.4003283977508545 4.192116737365723 2.557633876800537 2.111708879470825
157 4.074501037597656 3.8211827278137207 3.1260554790496826 3.434417963027954 2.331000566482544 1.8877544403076172
158 4.181947231292725 3.8531229496002197 3.121870994567871 3.609605312347412 2.4888880252838135 2.0132510662078857
159 4.291114807128906 4.044699192047119 3.199979782104492 3.808769941329956 2.4648025035858154 1.9695322513580322
160 4.467312335968018 4.260873794555664 3.124737501144409 3.874408006668091 2.5119292736053467 2.19408917427063
161 4.115484714508057 3.817735433578491 3.007922410964966 3.7976863384246826 2.5094029903411865 2.086864709854126
162 4.4097981452941895 4.180914878845215 3.096569061279297 3.9447546005249023 2.626246452331543 2.1210999488830566
163 4.605558395385742 4.350641250610352 2.8793599605560303 3.9758520126342773 2.185720205307007 2.270838737487793
164 4.470949172973633 4.218506813049316 2.9620444774627686 3.827042818069458 2.3217437267303467 2.091607093811035
165 4.300721168518066 4.050568580627441 2.8836328983306885 3.9202847480773926 2.370788335800171 2.057655096054077
166 4.397407531738281 4.205955982208252 2.950557231903076 4.093652248382568 2.1923654079437256 2.1938376426696777
167 4.394624710083008 4.1632981300354 2.8667988777160645 3.9648027420043945 2.23152494430542 1.990134596824646
168 4.102686405181885 3.8272247314453125 2.7862186431884766 3.7284483909606934 2.074890375137329 2.0991039276123047
169 4.643882751464844 4.449470520019531 3.3434865474700928 3.9078404903411865 2.5561201572418213 2.078190803527832
170 4.19411039352417 3.943608045578003 3.3247885704040527 3.604530096054077 2.325378894805908 2.1093332767486572
171 4.436474323272705 4.2735419273376465 3.217506170272827 3.908108949661255 2.2396349906921387 2.245243549346924
172 4.21998405456543 4.012847900390625 3.2967443466186523 3.851867437362671 2.2805957794189453 1.974625825881958
173 4.353342056274414 4.158950328826904 3.2665188312530518 3.891585350036621 2.2453291416168213 2.0602474212646484
174 4.144482135772705 3.915292739868164 3.334709644317627 3.7532618045806885 2.161836862564087 2.2342100143432617
175 4.193155765533447 4.040903091430664 3.421288013458252 3.822953462600708 2.3025894165039063 2.0015475749969482
176 4.367271423339844 4.2205586433410645 3.421388864517212 3.9135546684265137 2.4462907314300537 2.3574464321136475
177 4.3672075271606445 4.22245454788208 3.536358118057251 3.8561275005340576 2.4853615760803223 1.731630563735962
178 4.197885513305664 4.001782417297363 3.3840763568878174 3.7851479053497314 2.226987361907959 2.2802047729492188
179 4.583312034606934 4.486483097076416 3.4256625175476074 4.04266881942749 2.2795631885528564 2.1774351596832275
180 4.15905237197876 4.005703926086426 3.32552170753479 4.03767728805542 2.139340400695801 2.2141311168670654
181 4.3615264892578125 4.196856498718262 3.380187749862671 3.9996161460876465 2.3832972049713135 2.294008493423462
182 4.566823959350586 4.437292575836182 3.3013153076171875 4.233868598937988 2.4118072986602783 2.4256272315979004
183 4.387967586517334 4.235001087188721 3.5689079761505127 4.1633992195129395 2.4348256587982178 2.2335994243621826
184 4.3845438957214355 4.19070291519165 3.3669285774230957 3.8368165493011475 2.3897171020507813 1.9108493328094482
185 4.474027633666992 4.3565897941589355 3.2658631801605225 4.057499408721924 2.158918857574463 2.118558883666992
186 4.241939067840576 4.057836055755615 3.2042365074157715 4.002542495727539 2.237175226211548 2.188326597213745
187 4.1981964111328125 4.006961822509766 3.358607292175293 3.937591075897217 2.436175584793091 2.0064828395843506
188 4.546262741088867 4.326287746429443 3.3903210163116455 3.886733293533325 2.3218846321105957 2.10976243019104
189 4.373305797576904 4.176776885986328 2.810518980026245 3.836482524871826 2.20019793510437 2.167046308517456
190 4.034735202789307 3.701124906539917 3.001375913619995 3.6200549602508545 2.1984450817108154 1.9678152799606323
191 3.8115346431732178 3.4173433780670166 3.0017223358154297 3.1646535396575928 2.21623158454895 1.8368399143218994
192 4.212427139282227 4.0064239501953125 3.3309593200683594 3.5378286838531494 2.285168170928955 2.082911252975464
193 4.061980724334717 3.749274492263794 3.128023862838745 3.476731061935425 2.3228414058685303 1.9451992511749268
194 4.0630784034729 3.8153164386749268 3.2532691955566406 3.4543795585632324 2.3205924034118652 1.967839241027832
195 3.7291390895843506 3.40739369392395 2.9405577182769775 3.3221940994262695 2.2807302474975586 1.9303181171417236
196 4.376346588134766 4.179306983947754 3.4079086780548096 3.6875905990600586 2.338839054107666 1.8863120079040527
197 4.436755657196045 4.26768159866333 3.203268051147461 3.8357372283935547 2.203660011291504 2.004279613494873
198 4.094531059265137 3.8809890747070313 3.2580339908599854 3.7890243530273438 2.246070384979248 2.02694034576416
199 4.243476867675781 4.0982208251953125 3.1999826431274414 4.002656936645508 2.2353196144104004 2.2461957931518555
200 4.221180438995361 4.000516414642334 3.1575980186462402 3.8030059337615967 2.408761501312256 2.3317296504974365
201 4.173166275024414 3.959733486175537 3.203294515609741 3.8501548767089844 2.1449103355407715 2.0315065383911133
202 4.5213751792907715 4.368574619293213 3.2312934398651123 4.045632362365723 2.3718137741088867 2.534764289855957
203 4.406479358673096 4.242661952972412 3.074725389480591 4.019883155822754 2.2256298065185547 2.370593547821045
204 4.223647594451904 4.001357078552246 3.2503209114074707 3.8322949409484863 2.371631383895874 2.3107376098632813
205 4.031306743621826 3.815706729888916 2.9358198642730713 3.9452717304229736 2.28515887260437 2.277252674102783
206 4.032478332519531 3.819288492202759 3.1481001377105713 3.6410834789276123 2.294142723083496 2.1347644329071045
207 4.337980270385742 4.149543285369873 3.0266878604888916 3.8122429847717285 2.3140435218811035 2.1888279914855957
208 4.206264019012451 4.036403656005859 3.1694297790527344 4.061890125274658 2.3395745754241943 2.2584922313690186
209 4.167972564697266 4.025773048400879 3.2396419048309326 3.858231782913208 2.3817203044891357 1.962645173072815
210 4.144894123077393 3.9849328994750977 3.1319503784179688 3.725768566131592 2.2438271045684814 1.908909559249878
211 4.049327850341797 3.8304522037506104 2.9594082832336426 3.747490882873535 2.2228598594665527 1.9210939407348633
212 4.080528259277344 3.914199113845825 3.1452417373657227 3.806706666946411 2.323593854904175 2.166281223297119
213 4.107511520385742 3.8528029918670654 3.2371528148651123 3.571004867553711 2.377072334289551 2.124936103820801
214 4.05479621887207 3.797184467315674 3.0108118057250977 3.451155185699463 2.385974884033203 2.1499292850494385
215 3.9019463062286377 3.622537612915039 3.400270700454712 3.292531967163086 2.4904589653015137 2.129303455352783
216 4.234513759613037 3.9709737300872803 3.41800594329834 3.6154491901397705 2.757169008255005 1.9959169626235962
217 4.182297229766846 3.937845468521118 3.5235283374786377 3.535926103591919 2.656928777694702 2.1565568447113037
218 4.306482315063477 4.035167694091797 3.570345401763916 3.485731601715088 2.758517265319824 2.187957763671875
219 4.542969226837158 4.323365211486816 3.731966733932495 3.664240837097168 2.6404757499694824 2.07720685005188
220 4.172239303588867 3.909151792526245 3.714160203933716 3.4995791912078857 2.8577656745910645 2.0647337436676025
221 4.0975871086120605 3.8341031074523926 3.693512439727783 3.3157148361206055 2.441556215286255 1.9958000183105469
222 4.071897029876709 3.799312114715576 3.704702138900757 3.1637227535247803 2.7005772590637207 2.005256175994873
223 4.200222015380859 3.975292682647705 3.823478937149048 3.4619252681732178 2.7868857383728027 2.2669448852539063
224 4.159506320953369 3.9207231998443604 3.706498146057129 3.3583788871765137 2.533130168914795 2.0224738121032715
225 4.121453285217285 3.9362800121307373 3.7376365661621094 3.295339822769165 2.381021499633789 1.8764057159423828
226 3.9837303161621094 3.755124568939209 3.6233487129211426 3.3214306831359863 2.4998579025268555 1.9936296939849854
227 4.0697784423828125 3.8389322757720947 3.8055577278137207 3.25905442237854 2.895836353302002 1.9802607297897339
228 4.0855913162231445 3.8124773502349854 3.6426377296447754 3.3184802532196045 2.60418438911438 2.108948230743408
229 4.404900074005127 4.1821160316467285 3.922306776046753 3.3143937587738037 2.7894506454467773 2.1151862144470215
230 4.1717681884765625 3.9171528816223145 3.818946123123169 3.363990306854248 2.6806468963623047 2.1602561473846436
231 4.159657001495361 3.911048173904419 3.792656898498535 3.2800374031066895 2.81052565574646 1.9396103620529175
232 4.1428022384643555 3.9193732738494873 3.7587783336639404 3.450157880783081 2.602874994277954 2.138946056365967
233 4.04322624206543 3.777939558029175 3.5928473472595215 3.3623759746551514 2.4061167240142822 1.9731559753417969
234 4.114545822143555 3.879465341567993 3.813401699066162 3.2620620727539063 2.6618025302886963 2.0268542766571045
235 4.071203231811523 3.8360023498535156 3.636936902999878 3.3171322345733643 2.576355457305908 2.127941846847534
236 4.050789833068848 3.829789638519287 3.708956003189087 3.350822925567627 2.884019613265991 2.0085368156433105
237 3.898650646209717 3.600792646408081 3.537022352218628 3.1856532096862793 2.4062092304229736 1.9082403182983398
238 4.170807361602783 3.9210267066955566 3.637176990509033 3.34613299369812 2.6930577754974365 2.1317622661590576
239 3.886808395385742 3.596991539001465 3.1483817100524902 3.3069450855255127 2.468628406524658 2.1344733238220215
240 3.813244581222534 3.527738094329834 3.03147029876709 3.3443214893341064 2.228067398071289 2.2459194660186768
241 4.085609436035156 3.8386945724487305 3.206547737121582 3.263537645339966 2.5341882705688477 1.900338888168335
242 4.035419464111328 3.7997663021087646 3.472689390182495 3.2589807510375977 2.5777294635772705 2.2365689277648926
243 4.070253372192383 3.858928918838501 3.3063106536865234 3.352524757385254 2.418208122253418 2.063462018966675
244 4.2129621505737305 3.9826676845550537 3.1462490558624268 3.4531917572021484 2.51473331451416 2.134620428085327
245 4.175710678100586 3.89225697517395 3.203495502471924 3.2479007244110107 2.6361820697784424 2.1247446537017822
246 3.775041341781616 3.4066238403320313 3.148651599884033 3.029797315597534 2.3000283241271973 1.9955016374588013
247 3.716529607772827 3.3828060626983643 3.0866193771362305 2.9563400745391846 2.385380268096924 1.959910273551941
248 3.833315134048462 3.521595001220703 3.1539433002471924 3.2014970779418945 2.6687662601470947 2.1036837100982666
249 3.796506881713867 3.45165753364563 3.0501928329467773 3.0080811977386475 2.4490787982940674 2.0884721279144287
250 3.89501690864563 3.5493948459625244 3.1050031185150146 3.1375391483306885 2.481599807739258 2.2662343978881836
251 4.337830543518066 4.098327159881592 3.251330852508545 3.2324137687683105 2.6407763957977295 2.044037342071533
252 3.8935415744781494 3.5410897731781006 2.968663215637207 3.2819430828094482 2.35190749168396 2.133533000946045
253 3.8454477787017822 3.467702865600586 2.7907650470733643 3.224121570587158 2.286318063735962 2.1078250408172607
254 4.083240985870361 3.7808961868286133 2.8217954635620117 3.373750686645508 2.5393126010894775 1.9560903310775757
255 3.7197208404541016 3.34619140625 2.857166290283203 3.3086965084075928 2.4738290309906006 2.0305440425872803
256 3.8689305782318115 3.546145439147949 2.8217155933380127 3.3192334175109863 2.194521188735962 2.0354998111724854
257 4.1189045906066895 3.8266565799713135 2.837791681289673 3.3090744018554688 2.4429123401641846 2.093630313873291
258 3.9465107917785645 3.6380155086517334 3.014197587966919 3.4159464836120605 2.623715400695801 2.130610942840576
259 3.7473113536834717 3.366684675216675 2.9829635620117188 3.2678871154785156 2.3640973567962646 2.282972574234009
260 4.011925220489502 3.5814740657806396 3.0565080642700195 3.390193462371826 2.3972108364105225 2.212285041809082
261 3.9956939220428467 3.631812334060669 2.867300033569336 3.2468953132629395 2.3172242641448975 1.9822372198104858
262 3.806215286254883 3.423405885696411 2.8959829807281494 3.1198389530181885 2.3091063499450684 2.3244826793670654
263 4.064839839935303 3.6776602268218994 3.0376882553100586 3.408041000366211 2.5112764835357666 2.056708812713623
264 3.8983380794525146 3.5827012062072754 2.8953707218170166 3.368788242340088 2.3835301399230957 2.360534191131592
265 3.992063283920288 3.674264907836914 3.141737222671509 3.3150055408477783 2.465876817703247 2.0600035190582275
266 3.8031413555145264 3.3813693523406982 2.991068124771118 3.2014875411987305 2.2741713523864746 1.9868509769439697
267 3.9488322734832764 3.6085715293884277 2.969022274017334 3.3658809661865234 2.5655276775360107 2.073162794113159
268 3.9340384006500244 3.6099884510040283 3.027425527572632 3.322859287261963 2.5880918502807617 2.1444361209869385
269 4.102147579193115 3.789391279220581 3.076725482940674 3.454404592514038 2.4932923316955566 1.886412501335144
270 4.050317287445068 3.7349061965942383 3.1733505725860596 3.531857490539551 2.826094388961792 1.893396019935608
271 3.890657424926758 3.5595693588256836 2.927999496459961 3.5122668743133545 2.2025632858276367 2.221254825592041
272 3.9626691341400146 3.5700411796569824 3.022219657897949 3.4910824298858643 2.432708501815796 2.122654676437378
273 3.950409412384033 3.591440200805664 3.053689956665039 3.3687782287597656 2.3707430362701416 2.0890588760375977
274 3.995033025741577 3.6167638301849365 3.0913710594177246 3.264566421508789 2.7317659854888916 1.833842158317566
275 4.021426200866699 3.6744604110717773 3.1542043685913086 3.440870761871338 2.7063615322113037 2.275883436203003
276 4.034773349761963 3.6906063556671143 3.1116771697998047 3.385134696960449 2.5961239337921143 1.8979856967926025
277 3.8084235191345215 3.434316396713257 2.8492298126220703 3.3732423782348633 2.2341132164001465 2.0548391342163086
278 3.9582934379577637 3.6059069633483887 3.095716953277588 3.4094345569610596 2.3947315216064453 2.329232692718506
279 3.851375102996826 3.4600467681884766 3.0632166862487793 3.304900884628296 2.479627847671509 1.9844467639923096
280 3.9840543270111084 3.607624053955078 2.9950919151306152 3.2870559692382813 2.444490909576416 1.843758225440979
281 3.823575019836426 3.457336664199829 3.048961639404297 3.192387342453003 2.4257314205169678 2.1097826957702637
282 4.098854064941406 3.7841358184814453 2.9917151927948 3.1198253631591797 2.2305996417999268 2.08268404006958
283 4.140561103820801 3.839479446411133 2.9771270751953125 3.4303619861602783 2.372563600540161 2.144009828567505
284 3.9096968173980713 3.5818512439727783 3.174670696258545 3.2427377700805664 2.490448474884033 1.929430365562439
285 3.8176188468933105 3.4796273708343506 2.872814416885376 3.1626367568969727 2.3961076736450195 1.8581843376159668
286 3.9668986797332764 3.624448776245117 2.958872079849243 3.329141139984131 2.335114002227783 1.8346104621887207
287 4.1323771476745605 3.843717098236084 2.7431371212005615 3.3786768913269043 2.2940807342529297 1.923699140548706
288 3.7364208698272705 3.3762197494506836 2.8311588764190674 3.2230846881866455 2.296494722366333 2.022449254989624
289 4.112372398376465 3.7936205863952637 2.897862672805786 3.3418562412261963 2.564844846725464 1.9734084606170654
290 4.060935974121094 3.731088161468506 2.8378374576568604 3.158900022506714 2.345956563949585 1.950809359550476
291 3.906641721725464 3.5485572814941406 3.042097806930542 3.2371671199798584 2.4045541286468506 1.9310998916625977
292 4.070093154907227 3.8538475036621094 3.296381711959839 3.292001247406006 2.386850118637085 1.8778246641159058
293 4.00455379486084 3.716966152191162 3.02414608001709 3.615234375 2.2335081100463867 2.374720811843872
294 3.7822422981262207 3.447852373123169 3.0789453983306885 3.328434467315674 2.472956895828247 1.9303205013275146
295 4.138716220855713 3.842236280441284 3.133756637573242 3.462517261505127 2.4802231788635254 2.2921597957611084
296 4.607021331787109 4.350862503051758 2.8934340476989746 3.6247239112854004 2.5793395042419434 2.406709909439087
297 4.610276222229004 4.3619890213012695 3.37353777885437 3.242894411087036 2.7851059436798096 2.140360116958618
298 4.159718990325928 3.8794424533843994 3.479304552078247 3.1230521202087402 2.395477771759033 2.5353219509124756
299 4.226889133453369 3.932277202606201 3.3239922523498535 3.1263811588287354 2.3914060592651367 2.0977797508239746
300 4.2598876953125 3.9157323837280273 3.3206071853637695 2.913719415664673 2.441922426223755 2.182910680770874
301 4.4103569984436035 4.128765106201172 3.360507011413574 3.060145854949951 2.30460524559021 2.238159418106079
302 4.301820278167725 4.00309944152832 3.394324541091919 3.1664819717407227 2.5597939491271973 2.3289241790771484
303 4.007460117340088 3.6852879524230957 3.2893664836883545 3.008394718170166 2.258927583694458 2.1868395805358887
304 4.253200054168701 3.9865758419036865 3.543999433517456 3.4190382957458496 2.5756993293762207 2.212078094482422
305 4.153497219085693 3.8950142860412598 3.6097772121429443 3.1980414390563965 2.5695018768310547 2.0833911895751953
306 4.335817813873291 4.044835567474365 3.4494404792785645 3.1247305870056152 2.322265148162842 1.896066665649414
307 3.987299919128418 3.6799962520599365 3.7541353702545166 3.068830728530884 2.864001989364624 2.226270914077759
308 4.250753402709961 4.006637096405029 3.4000344276428223 3.284820318222046 2.413794994354248 2.2145731449127197
309 4.277405738830566 4.025759220123291 3.3153185844421387 3.3719422817230225 2.6163291931152344 2.313584327697754
310 4.073122978210449 3.8394250869750977 3.3775880336761475 3.4245681762695313 2.333233118057251 2.150393486022949
311 4.026489734649658 3.7486746311187744 3.667741060256958 3.3219475746154785 2.7434756755828857 2.3015377521514893
312 4.2455315589904785 4.033600807189941 3.401113271713257 3.695518732070923 2.669593334197998 2.3124279975891113
313 3.9309027194976807 3.601374864578247 3.289719581604004 3.439002275466919 2.5751802921295166 2.2522618770599365
314 4.027529716491699 3.680476427078247 3.471708059310913 3.1078903675079346 2.8116960525512695 2.432819366455078
315 4.029344081878662 3.6906673908233643 3.2119011878967285 3.1823863983154297 2.5221173763275146 2.645184278488159
316 3.838265895843506 3.4754011631011963 3.3549764156341553 2.935652017593384 2.6049163341522217 2.283459186553955
317 4.17791223526001 3.919492721557617 3.6267974376678467 3.248807668685913 2.8420779705047607 2.2508018016815186
318 4.023412227630615 3.705374002456665 3.391022205352783 3.0594186782836914 2.4897878170013428 2.3410661220550537
319 3.887737274169922 3.560795307159424 3.1990251541137695 3.044396162033081 2.511337995529175 2.518784761428833
320 4.219302177429199 3.9674935340881348 3.256666421890259 3.264707326889038 2.440640687942505 2.443575620651245
321 4.055436134338379 3.7562057971954346 3.218127965927124 3.1570165157318115 2.5545496940612793 2.6229124069213867
322 4.153789043426514 3.9204187393188477 3.3504650592803955 3.342884063720703 2.681229829788208 2.590400457382202
323 4.082700729370117 3.8072173595428467 3.3947553634643555 3.2142796516418457 2.6105997562408447 2.4641880989074707
324 3.9109160900115967 3.6611621379852295 3.2186880111694336 3.378836154937744 2.176262378692627 2.841336250305176
325 3.8666839599609375 3.580977439880371 3.2583916187286377 3.3171939849853516 2.4856314659118652 2.9104223251342773
326 3.937615156173706 3.640263080596924 3.227569818496704 3.420797824859619 2.4711661338806152 2.550436019897461
327 3.925572395324707 3.6119484901428223 3.2230536937713623 3.1574180126190186 2.633622407913208 2.373561143875122
328 3.999546527862549 3.6752190589904785 3.315957546234131 3.240271806716919 2.5619406700134277 2.5338244438171387
329 3.9994964599609375 3.707263946533203 3.393164873123169 3.083139419555664 2.7589168548583984 2.581620454788208
330 4.351175308227539 4.115754127502441 3.594154119491577 3.4043171405792236 3.145888090133667 2.3691256046295166
331 4.407379627227783 4.191819667816162 3.527425765991211 3.1884679794311523 2.9513967037200928 2.0547361373901367
332 4.071997165679932 3.8318026065826416 3.467200517654419 2.9116921424865723 2.677582263946533 2.0066516399383545
333 4.2995710372924805 4.0920257568359375 3.5528547763824463 3.2649593353271484 2.8935399055480957 2.0576696395874023
334 4.679355621337891 4.530829906463623 3.5494515895843506 3.6184396743774414 2.8612608909606934 2.074554443359375
335 4.58010721206665 4.388199806213379 3.4106366634368896 3.580536365509033 2.783740520477295 1.9289690256118774
336 4.0904860496521 3.839648485183716 3.28084397315979 3.270634889602661 2.490983724594116 2.0043740272521973
337 4.159101963043213 3.9409446716308594 3.471966028213501 3.2288637161254883 2.704559564590454 2.0613558292388916
338 4.216864585876465 3.9699008464813232 3.358189105987549 3.3405632972717285 2.6598105430603027 2.0411462783813477
339 4.096311092376709 3.8334763050079346 3.4634904861450195 3.3301897048950195 2.8766279220581055 2.0324862003326416
340 3.95534610748291 3.677842855453491 3.251739263534546 3.321141242980957 2.318070888519287 2.2362074851989746
341 4.202096462249756 3.969095230102539 3.1825625896453857 3.5419187545776367 2.6556239128112793 2.287598133087158
342 4.05237340927124 3.7581775188446045 3.417172431945801 3.395245313644409 2.7213056087493896 2.0328893661499023
343 4.208623886108398 3.959428310394287 3.193856716156006 3.5917539596557617 2.4750773906707764 2.3443992137908936
344 4.354658603668213 4.156709671020508 3.3563804626464844 3.5478079319000244 2.5942130088806152 2.111135244369507
345 4.480434417724609 4.270981788635254 3.4024031162261963 3.678236484527588 2.7627151012420654 2.740931987762451
346 4.395564079284668 4.167976379394531 3.1632742881774902 3.8755979537963867 2.4836292266845703 2.8505637645721436
347 4.246774196624756 3.96226167678833 3.3491873741149902 3.4028801918029785 2.560255765914917 2.6358180046081543
348 4.209188461303711 3.944934844970703 3.3770503997802734 3.6447527408599854 2.784670829772949 2.723928213119507
349 4.169856071472168 3.8849217891693115 3.2281811237335205 3.582571268081665 2.7111480236053467 2.7031657695770264
350 4.5340189933776855 4.299350261688232 3.4354019165039063 3.7560391426086426 2.96867036819458 2.9822983741760254
351 4.2816948890686035 3.981929302215576 3.4927473068237305 3.547370195388794 2.9238240718841553 2.6412644386291504
352 4.278767108917236 4.033901691436768 3.6623668670654297 3.7095608711242676 2.9817328453063965 2.972745418548584
353 4.375843524932861 4.151885032653809 3.5745348930358887 3.7446577548980713 2.76300311088562 2.6969287395477295
354 4.648751258850098 4.453577041625977 3.6548562049865723 3.714521884918213 2.970064878463745 2.4942398071289063
355 4.805627346038818 4.662105560302734 3.67615008354187 3.5656161308288574 2.519129514694214 2.345250368118286
356 4.6943678855896 4.581645488739014 3.765136957168579 3.5778303146362305 2.6647281646728516 2.3822221755981445
357 4.29060697555542 4.084994316101074 3.427090644836426 3.5947842597961426 2.621999502182007 2.090912103652954
358 4.692058086395264 4.531569480895996 3.5384366512298584 3.54595685005188 2.7833034992218018 2.4365785121917725
359 4.480450630187988 4.260842800140381 3.5336380004882813 3.426398754119873 2.843306303024292 2.161904811859131
360 3.9665210247039795 3.6637065410614014 3.4493212699890137 3.349470376968384 2.6683974266052246 2.2482733726501465
361 4.105977535247803 3.846808910369873 3.4661173820495605 3.26092529296875 2.785390615463257 2.1683621406555176
362 4.365122318267822 4.143680572509766 3.5083072185516357 3.4212002754211426 2.6447978019714355 2.2265307903289795
363 4.272686004638672 3.988569736480713 3.450941801071167 3.3619463443756104 2.5417497158050537 2.2354447841644287
364 4.567628383636475 4.399195671081543 3.3647918701171875 3.5648112297058105 2.2953524589538574 2.0488147735595703
365 4.797926425933838 4.589682579040527 3.4828593730926514 3.467268466949463 2.4656646251678467 2.3393406867980957
366 4.4563140869140625 4.202950477600098 3.677608013153076 3.2689146995544434 2.76334285736084 2.402507781982422
367 4.685557842254639 4.516453742980957 3.6271393299102783 3.4976918697357178 2.685168504714966 2.2247581481933594
368 4.641366004943848 4.448318004608154 3.6774048805236816 3.6345343589782715 2.6409599781036377 2.796621322631836
369 4.293408393859863 4.09157657623291 3.5305418968200684 3.387151002883911 2.614494800567627 2.0762546062469482
370 4.5287675857543945 4.2984771728515625 3.497319459915161 3.395418405532837 2.6056089401245117 2.013392448425293
371 4.4589056968688965 4.192898750305176 3.4312305450439453 3.486840009689331 2.481574296951294 2.45963454246521
372 4.120489597320557 3.784287214279175 3.355760097503662 3.2739579677581787 2.294713258743286 2.352621555328369
373 4.543944358825684 4.315248489379883 3.347029685974121 3.577481508255005 2.5455355644226074 2.3583297729492188
374 4.362198352813721 4.128847122192383 3.3428637981414795 3.432814359664917 2.535158395767212 1.9926095008850098
375 4.969420909881592 4.8052287101745605 3.60805606842041 3.9092726707458496 2.620631694793701 2.434342622756958
376 4.4447455406188965 4.246944904327393 3.4340362548828125 3.654590606689453 2.2460649013519287 2.129472255706787
377 4.459792613983154 4.206701755523682 3.4437615871429443 3.7033891677856445 2.5549874305725098 2.2913310527801514
378 4.567284107208252 4.305295944213867 3.50312876701355 3.7884280681610107 2.5551533699035645 2.513259172439575
379 4.5046892166137695 4.237696170806885 3.633043050765991 3.456721305847168 2.114658832550049 2.3185970783233643
380 4.281044960021973 4.045802116394043 3.524628162384033 3.5769755840301514 2.376129627227783 2.492830276489258
381 4.484208583831787 4.251929759979248 3.75667142868042 3.4870102405548096 2.7751646041870117 2.2106802463531494
382 4.465338230133057 4.291085720062256 3.778103828430176 3.4145638942718506 2.728693962097168 2.0619351863861084
383 4.38361930847168 4.173280715942383 3.8511147499084473 3.401794672012329 2.8605785369873047 2.3608837127685547
384 4.586217880249023 4.425295352935791 3.7362968921661377 3.703101873397827 2.61155366897583 2.7274088859558105
385 4.243819236755371 3.9798688888549805 3.6828246116638184 3.4417402744293213 2.8268625736236572 1.9834047555923462
386 4.502436637878418 4.226309299468994 3.5660059452056885 3.7107620239257813 2.718148708343506 2.1964199542999268
387 4.824911594390869 4.642085075378418 3.7958767414093018 3.662160873413086 2.737799882888794 2.2928221225738525
388 4.765164375305176 4.62481689453125 3.838719606399536 3.6126694679260254 2.820754289627075 2.3591809272766113
389 4.970616817474365 4.823042869567871 3.7647154331207275 3.6790313720703125 3.0430068969726563 1.6544946432113647
390 4.8103790283203125 4.667922019958496 3.73636531829834 3.9161417484283447 2.894660234451294 2.067056179046631
391 5.171069622039795 5.0565314292907715 3.8902223110198975 4.081290245056152 2.854896306991577 1.7427130937576294
392 4.529890060424805 4.258124828338623 3.558879852294922 3.8852272033691406 3.033271074295044 1.7615970373153687
393 4.495273113250732 4.239396095275879 3.4784371852874756 3.8106629848480225 2.5321991443634033 1.8718798160552979
394 4.505596160888672 4.213545799255371 3.576975107192993 3.716564416885376 2.9545929431915283 2.033446788787842
395 4.689741134643555 4.493064880371094 3.637228012084961 3.9812591075897217 3.3594987392425537 1.808917760848999
396 4.687450408935547 4.465332984924316 3.6923391819000244 3.727308511734009 3.199622869491577 2.2027063369750977
397 4.52522087097168 4.330482482910156 3.899115562438965 3.571119546890259 3.4114620685577393 1.993025302886963
398 4.471484661102295 4.182887554168701 3.563542366027832 3.522528886795044 2.9905147552490234 1.9898008108139038
399 4.390659809112549 4.114758014678955 3.5310254096984863 3.6838796138763428 2.5717074871063232 2.2791898250579834
400 4.1997199058532715 3.9586291313171387 3.685598134994507 3.5980215072631836 2.5176234245300293 2.1880879402160645
401 4.348241329193115 4.138002872467041 3.754779577255249 3.90448260307312 2.8107380867004395 2.4530506134033203
402 4.4437336921691895 4.249444007873535 3.678061008453369 3.8581271171569824 2.573000907897949 2.18100643157959
403 4.615724086761475 4.497726917266846 3.8082571029663086 4.183839797973633 2.7275218963623047 2.007101058959961
404 4.976778984069824 4.901101112365723 3.828221321105957 4.389488220214844 2.8549816608428955 2.1676523685455322
405 4.7379302978515625 4.663480281829834 3.6727657318115234 4.039375305175781 2.554628849029541 2.140354871749878
406 4.840669631958008 4.7911057472229 3.8264193534851074 3.9910151958465576 2.6633567810058594 2.3148813247680664
407 4.622904300689697 4.416144847869873 3.851283073425293 3.7974863052368164 2.955280065536499 2.317993402481079
408 4.535788536071777 4.371582508087158 3.5313594341278076 4.110716819763184 2.7330729961395264 2.4125730991363525
409 4.322033405303955 4.143917083740234 3.555453300476074 4.023467063903809 2.6546738147735596 2.311286211013794
410 4.378039360046387 4.212142467498779 3.361515998840332 4.147309303283691 2.8013994693756104 2.277606725692749
411 4.481873035430908 4.339198589324951 3.4545300006866455 4.040924549102783 2.8764100074768066 2.3724443912506104
412 4.384964942932129 4.164330005645752 3.549755334854126 4.006703853607178 2.942359209060669 2.5520572662353516
413 4.157130718231201 3.9666152000427246 3.2950937747955322 3.849879026412964 2.650360345840454 2.0832631587982178
414 4.41726541519165 4.237411022186279 3.406522750854492 4.069909572601318 3.032855749130249 2.282270669937134
415 4.295917510986328 4.115859031677246 3.2795748710632324 3.881586790084839 2.7662949562072754 2.003174066543579
416 4.369981288909912 4.191012859344482 3.456296920776367 3.945864200592041 2.732720136642456 2.3147130012512207
417 4.1353983879089355 3.895514488220215 3.4073948860168457 3.841193437576294 2.5285401344299316 2.133213996887207
418 4.301525115966797 4.105403900146484 3.1931498050689697 3.993093729019165 2.5121593475341797 2.199970006942749
419 4.271981716156006 4.11406946182251 3.6329150199890137 3.9875712394714355 2.5284781455993652 2.2207183837890625
420 4.24803352355957 4.037081241607666 3.687568426132202 3.777071714401245 2.786317825317383 2.28989839553833
421 4.144907474517822 3.9747884273529053 3.792527675628662 3.724658966064453 2.6723215579986572 2.3729166984558105
