1 	 12.297813415527344
2 	 10.575629234313965
3 	 9.323243141174316
4 	 6.947569370269775
5 	 4.883027076721191
6 	 3.457965612411499
7 	 2.9709577560424805
8 	 3.0474610328674316
9 	 2.6774861812591553
10 	 2.4745490550994873
11 	 2.3563148975372314
12 	 1.9896607398986816
13 	 1.9852192401885986
14 	 2.0886611938476563
15 	 1.6400067806243896
16 	 1.5021482706069946
17 	 1.4713876247406006
18 	 1.42364501953125
19 	 1.2780940532684326
20 	 1.4343171119689941
21 	 1.5387309789657593
22 	 1.3652596473693848
23 	 1.242056965827942
24 	 1.2774845361709595
25 	 1.4173848628997803
26 	 1.256786584854126
27 	 1.587520718574524
28 	 1.602503776550293
29 	 1.311692237854004
30 	 1.4171903133392334
31 	 1.0454152822494507
32 	 0.9898448586463928
33 	 0.8928024768829346
34 	 1.0170670747756958
35 	 1.1556864976882935
36 	 1.0216734409332275
37 	 0.956894040107727
38 	 1.1233335733413696
39 	 1.194265604019165
40 	 1.1566532850265503
41 	 0.9482374787330627
42 	 0.91392982006073
43 	 1.0221806764602661
44 	 0.9714838862419128
45 	 0.8114839196205139
46 	 0.8911656737327576
47 	 1.0453308820724487
48 	 0.8561827540397644
49 	 0.7680708765983582
50 	 0.7234988808631897
51 	 0.9008326530456543
52 	 0.8360897302627563
53 	 0.8301013708114624
54 	 0.7027943134307861
55 	 0.7296188473701477
56 	 0.7118498682975769
57 	 0.771131694316864
58 	 0.7709886431694031
59 	 0.6588678359985352
60 	 0.7188499569892883
61 	 0.9261553287506104
62 	 0.9486186504364014
63 	 0.8858675956726074
64 	 1.0803186893463135
65 	 1.746669054031372
66 	 1.3686177730560303
67 	 1.5252584218978882
68 	 1.5964947938919067
69 	 2.1086549758911133
70 	 2.590467929840088
71 	 2.4132397174835205
72 	 2.0862112045288086
73 	 1.7595412731170654
74 	 1.1630334854125977
75 	 0.9043075442314148
76 	 0.8377615809440613
77 	 0.7184474468231201
78 	 0.6429040431976318
79 	 0.5864103436470032
80 	 0.6425868272781372
81 	 0.6697568893432617
82 	 0.7463515996932983
83 	 0.695449709892273
84 	 0.6054803133010864
85 	 0.654533863067627
86 	 0.7023564577102661
87 	 0.6637356877326965
88 	 0.6449077725410461
89 	 0.6927897334098816
90 	 0.8690681457519531
91 	 0.7536937594413757
92 	 0.7686266303062439
93 	 0.7957115769386292
94 	 1.168593168258667
95 	 1.3789142370224
96 	 1.2285096645355225
97 	 1.4298352003097534
98 	 2.0732970237731934
99 	 2.4802279472351074
100 	 2.58099365234375
101 	 2.590947151184082
102 	 1.5194748640060425
103 	 1.913393497467041
104 	 1.3495023250579834
105 	 1.5831674337387085
106 	 1.6837564706802368
107 	 1.5190068483352661
108 	 1.1777642965316772
109 	 0.8729697465896606
110 	 1.0254427194595337
111 	 0.8531771302223206
112 	 0.7795611023902893
113 	 0.8220334649085999
114 	 0.8993667960166931
115 	 0.9467192888259888
116 	 1.2020432949066162
117 	 1.077151894569397
118 	 0.8867220282554626
119 	 1.1171003580093384
120 	 1.7777284383773804
121 	 2.5943212509155273
122 	 2.4209697246551514
123 	 2.484518051147461
124 	 2.4857590198516846
125 	 2.133638858795166
126 	 1.4570658206939697
127 	 1.2430442571640015
128 	 0.956554114818573
129 	 0.9055762887001038
130 	 1.0120463371276855
131 	 0.8965290784835815
132 	 0.7584275603294373
133 	 0.5865563154220581
134 	 0.4714524447917938
135 	 0.420431524515152
136 	 0.42914900183677673
137 	 0.5473326444625854
138 	 0.5316352844238281
139 	 0.5397483706474304
140 	 0.5930586457252502
141 	 0.6603360176086426
142 	 0.8330814838409424
143 	 0.620499849319458
144 	 0.5941308736801147
145 	 0.6475346684455872
146 	 0.7985883355140686
147 	 0.8556578755378723
148 	 0.7452762722969055
149 	 0.6773484945297241
150 	 0.733601987361908
151 	 0.7993220090866089
152 	 0.8382074236869812
153 	 0.722482442855835
154 	 0.7096475958824158
155 	 0.8024232387542725
156 	 0.7929973006248474
157 	 0.6701846718788147
158 	 0.7251213788986206
159 	 0.8739911317825317
160 	 0.8288150429725647
161 	 0.8141292333602905
162 	 0.9818357229232788
163 	 1.1561616659164429
164 	 1.0708503723144531
165 	 1.1307024955749512
166 	 1.4829373359680176
167 	 2.146138906478882
168 	 2.2609245777130127
169 	 2.917870044708252
170 	 3.4612057209014893
171 	 4.515018463134766
172 	 3.9070498943328857
173 	 1.7718733549118042
174 	 1.0261064767837524
175 	 0.8474311828613281
176 	 0.8020235300064087
177 	 0.8017547726631165
178 	 0.9112515449523926
179 	 1.036751389503479
180 	 1.2315040826797485
181 	 1.357419490814209
182 	 1.4768365621566772
183 	 1.9440280199050903
184 	 2.21600079536438
185 	 2.4828717708587646
186 	 1.9190343618392944
187 	 1.5255552530288696
188 	 2.050166130065918
189 	 2.0100011825561523
190 	 1.4018559455871582
191 	 1.6318880319595337
192 	 2.082602024078369
193 	 1.767577886581421
194 	 1.4265908002853394
195 	 1.1073061227798462
196 	 1.0966753959655762
197 	 1.0503480434417725
198 	 1.4757329225540161
199 	 1.415178656578064
200 	 1.3879791498184204
201 	 2.0633933544158936
202 	 1.8660755157470703
203 	 2.032527208328247
204 	 2.1065256595611572
205 	 1.5729610919952393
206 	 1.5375059843063354
207 	 2.0055973529815674
208 	 1.9405581951141357
209 	 1.4009236097335815
210 	 1.4006855487823486
211 	 1.3516141176223755
212 	 1.0108858346939087
213 	 0.9624775052070618
214 	 0.9665803909301758
215 	 0.9252586960792542
216 	 0.8409786224365234
217 	 0.723537266254425
218 	 0.7031714916229248
219 	 0.8043122887611389
220 	 0.7315787672996521
221 	 0.7290776968002319
222 	 0.8351317644119263
223 	 1.0580124855041504
224 	 1.4125550985336304
225 	 1.5115693807601929
226 	 1.294374704360962
227 	 1.2735178470611572
228 	 0.6461829543113708
229 	 0.5705898404121399
230 	 0.5261303186416626
231 	 0.5388355255126953
232 	 0.5417670607566833
233 	 0.5546228885650635
234 	 0.6192685961723328
235 	 0.5912622213363647
236 	 0.5395734310150146
237 	 0.5222366452217102
238 	 0.4756692945957184
239 	 0.4648935794830322
240 	 0.4600275754928589
241 	 0.41825616359710693
242 	 0.5349217057228088
243 	 0.7527976036071777
244 	 0.9223355054855347
245 	 1.078376054763794
246 	 1.095356822013855
247 	 1.0894317626953125
248 	 1.1436854600906372
249 	 0.8874045610427856
250 	 0.9313254952430725
251 	 0.9153376817703247
252 	 0.7264070510864258
253 	 0.6922295093536377
254 	 0.8118903040885925
255 	 0.8019766211509705
256 	 0.6805654168128967
257 	 0.750027060508728
258 	 0.8774011731147766
259 	 0.767966628074646
260 	 0.6462855935096741
261 	 0.7940929532051086
262 	 0.8490699529647827
263 	 0.7606094479560852
264 	 0.8112561106681824
265 	 0.9775750637054443
266 	 0.935477614402771
267 	 0.9010052680969238
268 	 1.0518035888671875
269 	 1.1962264776229858
270 	 1.1774086952209473
271 	 1.073683738708496
272 	 0.833950936794281
273 	 0.7223754525184631
274 	 0.5921370387077332
275 	 0.6214112639427185
276 	 0.7353300452232361
277 	 0.8184980154037476
278 	 0.9478493928909302
279 	 0.9750484824180603
280 	 0.7868837714195251
281 	 0.6504210829734802
282 	 0.5462306141853333
283 	 0.5695967674255371
284 	 0.5562886595726013
285 	 0.5844504237174988
286 	 0.7178823947906494
287 	 0.7635139226913452
288 	 0.8132951259613037
289 	 0.7439032793045044
290 	 0.6712310314178467
291 	 0.614166259765625
292 	 0.547529399394989
293 	 0.5414726734161377
294 	 0.48779281973838806
295 	 0.5162919163703918
296 	 0.4659767746925354
297 	 0.6017830967903137
298 	 0.6633089184761047
299 	 0.8355902433395386
300 	 0.8420193195343018
301 	 0.9968228340148926
302 	 1.102203130722046
303 	 1.5702441930770874
304 	 1.336623191833496
305 	 1.131046175956726
306 	 1.2446420192718506
307 	 1.4676166772842407
308 	 1.3349623680114746
309 	 1.5367555618286133
310 	 1.4441219568252563
311 	 1.2004446983337402
312 	 1.2241674661636353
313 	 1.264752745628357
314 	 1.0514845848083496
315 	 0.8705369234085083
316 	 0.9995488524436951
317 	 1.0354515314102173
318 	 0.8871301412582397
319 	 0.8296340107917786
320 	 0.6458005905151367
321 	 0.8338862061500549
322 	 0.9151293039321899
323 	 1.073127031326294
324 	 1.3377183675765991
325 	 2.7654197216033936
326 	 4.461223125457764
327 	 6.384538650512695
328 	 7.774982452392578
329 	 8.112074851989746
330 	 8.474020004272461
331 	 8.038522720336914
332 	 6.8116068840026855
333 	 5.213259696960449
334 	 3.1242542266845703
335 	 1.7029496431350708
336 	 1.1294535398483276
337 	 0.9129002094268799
338 	 0.8566776514053345
339 	 0.6454066634178162
340 	 0.5220938324928284
341 	 0.5143572688102722
342 	 0.6734876036643982
343 	 0.7015933394432068
344 	 0.6703203320503235
345 	 0.7331064343452454
346 	 0.8794072270393372
347 	 0.725202202796936
348 	 0.6584781408309937
349 	 0.5595767498016357
350 	 0.5911588072776794
351 	 0.5685245990753174
352 	 0.4965740144252777
353 	 0.5032492876052856
354 	 0.5577355027198792
355 	 0.5995680093765259
356 	 0.5656943321228027
357 	 0.6369000673294067
358 	 0.6631459593772888
359 	 0.672248125076294
360 	 0.7205266356468201
361 	 0.7966144680976868
362 	 0.7995778918266296
363 	 0.8227460384368896
364 	 0.9134805798530579
365 	 1.0212293863296509
366 	 1.0212023258209229
367 	 1.1863027811050415
368 	 1.3828136920928955
369 	 1.3774884939193726
370 	 1.4418623447418213
371 	 1.6986331939697266
372 	 1.9140743017196655
373 	 1.925684928894043
374 	 1.7454429864883423
375 	 1.6706626415252686
376 	 1.334537148475647
377 	 1.6036280393600464
378 	 1.6494485139846802
379 	 1.293022632598877
380 	 1.2716971635818481
381 	 1.4868196249008179
382 	 2.4180338382720947
383 	 3.6379523277282715
384 	 5.5132880210876465
