1 	 12.921303749084473
2 	 11.15498161315918
3 	 9.86711311340332
4 	 8.179831504821777
5 	 7.6054863929748535
6 	 6.182962894439697
7 	 5.318739414215088
8 	 4.793033599853516
9 	 4.736497402191162
10 	 4.668485164642334
11 	 3.52248215675354
12 	 3.294175624847412
13 	 3.008953094482422
14 	 3.3644793033599854
15 	 1.9109790325164795
16 	 1.7742574214935303
17 	 1.4465745687484741
18 	 1.400258183479309
19 	 1.2341333627700806
20 	 1.2694847583770752
21 	 1.2389973402023315
22 	 1.0999763011932373
23 	 1.0319193601608276
24 	 1.0725834369659424
25 	 1.193692684173584
26 	 1.0587959289550781
27 	 1.3270741701126099
28 	 1.3338727951049805
29 	 1.12746262550354
30 	 1.213115930557251
31 	 0.9218750596046448
32 	 0.8702585697174072
33 	 0.7738984227180481
34 	 0.8838120102882385
35 	 1.0039949417114258
36 	 0.9112095832824707
37 	 0.8291127681732178
38 	 1.010724425315857
39 	 1.0672751665115356
40 	 1.1269042491912842
41 	 0.9259702563285828
42 	 0.8972806334495544
43 	 1.0622708797454834
44 	 1.0023211240768433
45 	 0.8915517926216125
46 	 0.9919571876525879
47 	 1.0826935768127441
48 	 0.9361288547515869
49 	 0.8265831470489502
50 	 0.7508547306060791
51 	 0.9782705307006836
52 	 0.8844497799873352
53 	 0.8380564451217651
54 	 0.6742150187492371
55 	 0.7068577408790588
56 	 0.6973294019699097
57 	 0.7417296171188354
58 	 0.674889862537384
59 	 0.585974931716919
60 	 0.6568989753723145
61 	 0.8478747010231018
62 	 0.877204954624176
63 	 0.8438084125518799
64 	 0.911355197429657
65 	 1.6893267631530762
66 	 1.3408020734786987
67 	 1.460994839668274
68 	 1.5499505996704102
69 	 2.0303544998168945
70 	 2.5158119201660156
71 	 2.538835048675537
72 	 2.220026969909668
73 	 1.7511985301971436
74 	 1.0851185321807861
75 	 0.8165757656097412
76 	 0.7422736287117004
77 	 0.616644561290741
78 	 0.5502710342407227
79 	 0.5419164896011353
80 	 0.5799821615219116
81 	 0.6483212113380432
82 	 0.7356787919998169
83 	 0.7455012798309326
84 	 0.6136384606361389
85 	 0.6495775580406189
86 	 0.7538257837295532
87 	 0.7163911461830139
88 	 0.6574735045433044
89 	 0.715892493724823
90 	 0.7853962779045105
91 	 0.6939453482627869
92 	 0.6927211880683899
93 	 0.7656668424606323
94 	 0.9085496068000793
95 	 1.0386499166488647
96 	 1.001242995262146
97 	 1.1938369274139404
98 	 1.6027334928512573
99 	 1.909582257270813
100 	 2.072890281677246
101 	 2.092118263244629
102 	 1.2769482135772705
103 	 1.6302273273468018
104 	 1.307961344718933
105 	 1.233544945716858
106 	 1.7207850217819214
107 	 1.4862953424453735
108 	 1.1712472438812256
109 	 0.9759406447410583
110 	 1.4909999370574951
111 	 1.5157549381256104
112 	 1.4806874990463257
113 	 0.9522595405578613
114 	 0.915220320224762
115 	 0.9953173398971558
116 	 1.1944003105163574
117 	 1.1320595741271973
118 	 0.9586148262023926
119 	 1.4748611450195313
120 	 2.184256076812744
121 	 2.947169065475464
122 	 3.161633253097534
123 	 1.9504657983779907
124 	 1.7393828630447388
125 	 1.8400959968566895
126 	 2.056938648223877
127 	 1.3908661603927612
128 	 0.8944019079208374
129 	 0.8179554343223572
130 	 0.8851688504219055
131 	 0.7607936859130859
132 	 0.6721165776252747
133 	 0.5585509538650513
134 	 0.474224716424942
135 	 0.4392947554588318
136 	 0.4340447783470154
137 	 0.5581774115562439
138 	 0.5237439870834351
139 	 0.5315091609954834
140 	 0.6056260466575623
141 	 0.7050092220306396
142 	 0.8901070356369019
143 	 0.6468175053596497
144 	 0.5911638140678406
145 	 0.5555768013000488
146 	 0.6343772411346436
147 	 0.7160360217094421
148 	 0.6549789309501648
149 	 0.6190486550331116
150 	 0.7068767547607422
151 	 0.7368524074554443
152 	 0.7857855558395386
153 	 0.6603878736495972
154 	 0.6124787926673889
155 	 0.7151721119880676
156 	 0.7378434538841248
157 	 0.6309183835983276
158 	 0.6765180230140686
159 	 0.7901853322982788
160 	 0.7544079422950745
161 	 0.720761239528656
162 	 0.8639081120491028
163 	 1.0006132125854492
164 	 0.9343011379241943
165 	 0.8855584263801575
166 	 1.082171082496643
167 	 1.3366791009902954
168 	 1.3622426986694336
169 	 1.6906992197036743
170 	 1.9503555297851563
171 	 2.157942533493042
172 	 1.701636791229248
173 	 1.1347969770431519
174 	 0.8379217982292175
175 	 0.8997634649276733
176 	 0.742540717124939
177 	 0.7343405485153198
178 	 0.9338114261627197
179 	 1.2123972177505493
180 	 1.4431684017181396
181 	 1.3784269094467163
182 	 1.5149645805358887
183 	 1.9393818378448486
184 	 2.1927459239959717
185 	 2.3832197189331055
186 	 1.7878538370132446
187 	 1.4476146697998047
188 	 1.9792652130126953
189 	 1.8664778470993042
190 	 1.1753685474395752
191 	 1.5134844779968262
192 	 1.9285242557525635
193 	 1.5215809345245361
194 	 1.2409017086029053
195 	 0.9773601293563843
196 	 1.0539579391479492
197 	 0.9467303156852722
198 	 1.3956836462020874
199 	 1.5000346899032593
200 	 1.6266568899154663
201 	 1.8719402551651
202 	 1.9365415573120117
203 	 2.199134588241577
204 	 2.2433886528015137
205 	 1.7846734523773193
206 	 1.689977765083313
207 	 2.0357894897460938
208 	 2.022996425628662
209 	 1.6639701128005981
210 	 1.4457517862319946
211 	 1.1223297119140625
212 	 0.8661133050918579
213 	 0.8229667544364929
214 	 0.8390472531318665
215 	 0.852056622505188
216 	 0.7311086654663086
217 	 0.6526723504066467
218 	 0.6200015544891357
219 	 0.7382910251617432
220 	 0.6084551215171814
221 	 0.6121481657028198
222 	 0.6642992496490479
223 	 0.8290712833404541
224 	 1.0046240091323853
225 	 1.184728741645813
226 	 1.0540282726287842
227 	 1.1517105102539063
228 	 0.7170347571372986
229 	 0.6167888045310974
230 	 0.5169980525970459
231 	 0.49354344606399536
232 	 0.4985485076904297
233 	 0.5181919932365417
234 	 0.5678411722183228
235 	 0.5247741341590881
236 	 0.5030229687690735
237 	 0.5128414630889893
238 	 0.4913191497325897
239 	 0.4854452908039093
240 	 0.49482810497283936
241 	 0.4861049950122833
242 	 0.49423372745513916
243 	 0.6211127042770386
244 	 0.7912335991859436
245 	 0.9562647938728333
246 	 1.1836119890213013
247 	 0.9845497012138367
248 	 1.0647428035736084
249 	 0.7740026712417603
250 	 0.7703119516372681
251 	 0.7434781789779663
252 	 0.5790124535560608
253 	 0.5627439022064209
254 	 0.6424188613891602
255 	 0.6623384356498718
256 	 0.6071080565452576
257 	 0.6447352766990662
258 	 0.7695000171661377
259 	 0.7542896270751953
260 	 0.6311680674552917
261 	 0.7199743390083313
262 	 0.7816733717918396
263 	 0.7857664227485657
264 	 0.7918068170547485
265 	 0.9109891653060913
266 	 0.9206998348236084
267 	 0.8711498975753784
268 	 0.9916814565658569
269 	 1.171200156211853
270 	 1.1620104312896729
271 	 1.085880994796753
272 	 0.8039457201957703
273 	 0.7900355458259583
274 	 0.6238088607788086
275 	 0.6391879916191101
276 	 0.7256692051887512
277 	 0.8087888956069946
278 	 0.9176226258277893
279 	 0.8716139793395996
280 	 0.7233793139457703
281 	 0.6533053517341614
282 	 0.5683611631393433
283 	 0.5537113547325134
284 	 0.5164064168930054
285 	 0.5223435163497925
286 	 0.6151304841041565
287 	 0.6589637398719788
288 	 0.7412562966346741
289 	 0.6788581609725952
290 	 0.6417205333709717
291 	 0.5897952914237976
292 	 0.541512668132782
293 	 0.5142016410827637
294 	 0.50262451171875
295 	 0.5024295449256897
296 	 0.4673737585544586
297 	 0.6354070901870728
298 	 0.6067585349082947
299 	 0.7145341634750366
300 	 0.7342587113380432
301 	 0.8735143542289734
302 	 0.9960401058197021
303 	 1.4517861604690552
304 	 1.219079852104187
305 	 1.0336207151412964
306 	 1.1809409856796265
307 	 1.4374631643295288
308 	 1.3424867391586304
309 	 1.605576753616333
310 	 1.4805718660354614
311 	 1.1972724199295044
312 	 1.2564713954925537
313 	 1.3116915225982666
314 	 1.0729252099990845
315 	 0.8853753209114075
316 	 1.0508185625076294
317 	 1.0978550910949707
318 	 0.9333751201629639
319 	 0.862320065498352
320 	 0.6807665824890137
321 	 0.8205803036689758
322 	 0.8326960802078247
323 	 0.9539234042167664
324 	 1.1186442375183105
325 	 1.3884375095367432
326 	 3.180712938308716
327 	 5.301591396331787
328 	 7.15664005279541
329 	 7.555788040161133
330 	 7.452179431915283
331 	 7.8766326904296875
332 	 6.866511821746826
333 	 5.554120063781738
334 	 3.4494102001190186
335 	 1.8510853052139282
336 	 1.1162025928497314
337 	 0.8153776526451111
338 	 0.7136401534080505
339 	 0.5823407173156738
340 	 0.503340482711792
341 	 0.5169935822486877
342 	 0.6920727491378784
343 	 0.7011420726776123
344 	 0.6695394515991211
345 	 0.6989558935165405
346 	 0.8677511215209961
347 	 0.6888795495033264
348 	 0.6216710209846497
349 	 0.5455344915390015
350 	 0.5731633305549622
351 	 0.580072283744812
352 	 0.5373098254203796
353 	 0.517103374004364
354 	 0.5699066519737244
355 	 0.6265053153038025
356 	 0.5973907113075256
357 	 0.6692014932632446
358 	 0.7278829216957092
359 	 0.7129821181297302
360 	 0.7223144769668579
361 	 0.8413230180740356
362 	 0.8340092301368713
363 	 0.7685250639915466
364 	 0.8545568585395813
365 	 0.9953514337539673
366 	 0.9829584956169128
367 	 1.0496829748153687
368 	 1.263485312461853
369 	 1.3405354022979736
370 	 1.370456337928772
371 	 1.5965675115585327
372 	 1.854591965675354
373 	 1.8745784759521484
374 	 1.6767840385437012
375 	 1.6247659921646118
376 	 1.349380373954773
377 	 1.728713870048523
378 	 1.8128594160079956
379 	 1.4272922277450562
380 	 1.4716230630874634
381 	 1.7999573945999146
382 	 2.755180597305298
383 	 3.880387306213379
384 	 5.470210552215576
