0 2.0205473568321413
1 4.2869130485314395
2 5.255629557210309
3 3.285125639217392
4 4.247026470232786
5 4.288103664687172
6 3.404320518025275
7 3.0188663959388355
8 3.8236521178375247
9 4.872851236026708
10 4.874411432998778
11 2.6219073527210415
12 4.8369100656649575
13 5.65583726650191
14 4.881934264219754
15 3.206510258068899
16 3.878533326529882
17 2.9916992024998117
18 4.77601917953901
19 2.7687088378666953
20 3.600934731273913
21 4.6442608463453245
22 4.5461219389525755
23 4.177776604721731
24 3.793196508859463
25 4.580052142008103
26 3.946783027962644
27 4.794534324341696
28 3.042708156989667
29 4.954346718568462
30 2.892063551230424
31 2.690361275356387
32 2.780597761317826
33 6.1614706080073285
34 3.756234390719568
35 2.7678792437168083
36 3.255939528619451
37 2.933949670820268
38 2.5707482040534404
39 3.9819429179254566
40 4.283472264104046
41 6.289859661659957
42 4.602856718739059
43 3.901199107759504
44 5.080918036307877
45 4.40069586003241
46 4.6090938537994965
47 5.556736233076087
48 5.993867794780108
49 5.004959152911694
50 3.9044111914630073
51 5.434868230169506
52 5.100770405896838
53 4.130547050951902
54 5.417807215234414
55 5.197736170531687
56 5.542260706960008
57 6.355396164792802
58 3.379707737145316
59 6.490971806377051
60 3.167794396702278
61 3.241053167528369
62 5.594081004382517
63 5.189207748934188
64 5.968144942618814
65 4.669958483906562
66 3.857164178630686
67 4.3828016966386985
68 4.190731025932098
69 4.64537372130893
70 5.464992456268572
71 4.179401885193076
72 4.259653525831315
73 5.5294513368128255
74 7.099939102926658
75 4.1991591881156
76 4.844261396516771
77 5.532300248012536
78 6.164335216912006
79 4.555562749460148
80 5.39822956934288
81 6.9295926069733005
82 3.3477647540720716
83 6.752741918706661
84 4.239740897419695
85 4.024753662908107
86 4.36705432208925
87 5.621046949007056
88 3.4499885951487075
89 4.021267884983324
90 3.291997511197
91 5.9831308113190005
92 4.416215010064261
93 6.450868705237133
94 6.497220041825336
95 7.715161272381256
96 6.728064364038747
97 5.928863648063942
98 8.25654427698622
99 8.055305818699633
100 8.315648953478815
101 6.830302470863841
102 9.919215823677202
103 10.633580320346047
104 7.851382944079482
105 9.787756205569883
106 9.27678447282629
107 9.688332665092625
108 9.270042362351072
109 10.804408099935433
110 12.355603551313921
111 10.85480090690076
112 9.28607810672071
113 11.182655880763864
114 12.346888598700806
115 11.196368065997513
116 12.15742558196995
117 10.596044728311263
118 10.18967612250453
119 8.879658258447547
120 7.807371281710553
121 7.483063546187224
122 10.487140705137854
123 8.07701890667383
124 9.288891608187384
125 8.2596926209788
126 8.246018167670272
127 5.8726729885158795
128 9.547232298826122
129 8.73047084682088
130 11.77763601193097
131 9.715663614899817
132 11.954455881871189
133 10.857582793702923
134 12.904540227387214
135 9.825237107216518
136 7.9712831321686055
137 12.202516865251095
138 12.356809527221746
139 11.788540481838659
140 12.641527658371382
141 11.285639968623329
142 9.196024260425611
143 8.448274003121224
144 9.433643913998827
145 8.231379433719857
146 11.533562028335664
147 8.26833939169728
148 6.33247572646787
149 10.378183504917795
150 4.747175254549493
151 12.746837756566869
152 6.130681382393179
153 8.681555344195418
154 3.878326093420451
155 8.871545689235152
156 8.053436330810824
157 8.393710037276339
158 9.61100260197146
159 9.42355253439581
160 11.839278134315437
161 10.38210040550564
162 11.052237412206695
163 11.769481606450302
164 12.838010031517609
165 13.793046082645617
166 12.583446456499884
167 14.456518216699703
168 12.69826826313306
169 12.746331151947025
170 12.861072213140805
171 13.189702303773654
172 12.592264138075857
173 14.135404969826748
174 10.921239427578785
175 12.26570634982845
176 12.302336099015426
177 14.672378694066081
178 11.699014168060211
179 12.38429972618317
180 11.509163312411655
181 11.226018257084656
182 9.879758722622627
183 13.14866348157654
184 12.106883190125124
185 9.301573554332887
186 10.812239578415056
187 11.840392836237795
188 11.960190006431239
189 11.846461339361062
190 10.822395347641374
191 9.623161458598846
192 10.588294758701242
193 8.76678046731417
194 10.300365307801137
195 10.506515393897825
196 9.935463061791731
197 8.372080004638107
198 10.598321573343016
199 8.67560444365044
200 11.994026133589319
201 14.62152008414297
202 12.306871359990204
203 11.697606628635933
204 12.696426892166828
205 10.74190222873932
206 10.681644448705967
207 12.482681957210566
208 12.724235441786444
209 11.961340501356506
210 13.25673709031761
211 12.137930047423493
212 13.374296434242991
213 12.41764084235726
214 13.777129606921338
215 12.414124436085562
216 13.883741309400884
217 12.048882740333475
218 12.791338597319617
219 11.106285998327769
220 9.874445387391464
221 8.217925202100398
222 5.843430076699695
223 10.736771892990545
224 8.485025256160627
225 10.023747752604523
226 9.3298612111794
227 9.106413526494617
228 10.348281469961119
229 8.88832215400349
230 8.720696820253343
231 10.570619916249711
232 9.894135053305686
233 10.732742391718318
234 8.25373364294774
235 9.389846564879855
236 10.388975020503617
237 9.733727595589146
238 9.311464704652451
239 10.273130375841863
240 10.731568933905384
241 9.538214192118057
242 8.745174232165743
243 7.100126658742186
244 8.944362580797016
245 8.07238173234772
246 9.531826127470103
247 11.534626785065367
248 10.309193303025452
249 10.355799320418193
250 10.298317332275019
251 9.405240560604447
252 12.366414216137505
253 8.548979596361223
254 10.03531547407569
255 11.656548441789276
256 8.018711114855785
257 10.200258559646583
258 9.697785958149145
259 11.740805747551624
260 7.739319880654376
261 9.14758266767289
262 9.862101336767974
263 11.125179591907322
264 11.498433481179173
265 11.678088097363396
266 11.038427059469212
267 11.800180035101212
268 9.925874713857917
269 10.776477953943214
270 10.470001374685426
271 6.98705462704323
272 6.906668354770609
273 9.936634988351045
274 9.659824795442583
275 7.946321896747275
276 7.759230478394634
277 10.183698881939067
278 7.825015001996669
279 9.727102370182093
280 9.935140296132246
281 8.79051432259899
282 6.234393208098807
283 7.452613638512954
284 9.393965854979626
285 8.905471877577838
286 8.369111361728937
287 9.52736421722908
288 8.929335381785252
289 10.858652358991066
290 9.860499310877994
291 10.446143029473227
292 10.574121978240012
293 10.997193319152437
294 10.777431874329627
295 10.515342612948277
296 10.84372572155572
297 7.484179932464644
298 7.622318461399
299 9.449366320117628
300 10.236164654850993
301 11.863214227249395
302 11.00466549511226
303 12.658630016812944
304 11.726626576486014
305 10.42937227988105
306 9.945050048813613
307 9.701596984514541
308 9.683642656788004
309 10.211016619152547
310 11.22116099141925
311 12.188670233941009
312 13.028098774881785
313 13.076363119467189
314 8.790354978912053
315 8.175482180663481
316 11.032182216486435
317 11.789295203637918
318 11.239142601142486
319 11.204260675939716
320 8.571999015411974
321 11.278901656814748
322 9.45116990110531
323 12.95497122744724
324 10.3533628901021
325 9.666706464044644
326 10.119310158988306
327 10.643010986808545
328 11.52129525879744
329 5.207747842724282
330 8.282501421322058
331 8.868607868248814
332 8.611339166342903
333 11.391507151730668
334 8.964808241000487
335 13.503186290877466
336 10.688549994947016
337 12.031244671128
338 11.69844463718754
339 10.889539902346463
340 10.517472870253252
341 13.890251605370937
342 7.267978255951927
343 11.494128021380124
344 7.359806726327382
345 7.122255731950443
346 12.94513098037903
347 12.726068197907106
348 13.920721122421508
349 8.513243707341758
350 10.979358796503998
351 8.045784031774803
352 6.339923195307473
353 4.193224021091279
354 10.506242589712045
355 10.907072779015268
356 8.318908048097626
357 11.181635173107786
358 8.415178836706874
359 11.902288926070405
360 13.924323664754983
361 13.855504021331933
362 16.290480232646846
363 14.063566954263768
364 12.057298992118724
365 12.188319943316344
366 14.423437068273104
367 11.016517967620008
368 7.997131369632296
369 7.300341942330829
370 8.188031339519375
371 8.074009135454107
372 8.671831804142847
373 9.381855474660274
374 13.918416546644757
375 13.095734989796862
376 9.80028804015383
377 10.808872815977235
378 8.824225041367942
379 10.773265443257046
380 11.21960368187638
381 10.503611614196206
382 8.0147911766064
383 9.26837652046016
384 9.620784670768119
385 9.414829365573995
386 10.804021063093456
387 10.577309319768325
388 9.828203810549695
389 8.177483422802338
390 10.59851464734618
391 10.108786122895065
392 10.301444752886473
393 11.931020904978855
394 11.89636475068379
395 8.218637774955473
396 8.890064255656684
397 9.138494306516248
398 7.761009827205103
399 4.945996979616426
400 8.082430585948902
401 6.868656155390223
402 7.383137926839042
403 6.944793658485398
404 9.840483062523827
405 11.772130576303777
406 8.243658483133776
407 7.175979480176986
408 7.971840505644031
409 8.898003910028473
410 6.7940061468517365
411 10.0514343919964
412 7.5500825156889295
413 9.648429793715898
414 9.82837984184376
415 8.343868162590805
416 9.386088383302475
417 10.949554615740832
418 8.34056527559086
419 8.368018123942033
420 8.784597528584454
421 8.832652444003793
