0 3.9194899005384776
1 4.402026001766615
2 3.671936998574372
3 4.065885398515236
4 2.856212703918204
5 4.457381364309957
6 2.4290997011856996
7 2.906002193134846
8 4.318801550333077
9 3.1778687780836905
10 3.760871111050477
11 1.493628850124416
12 3.134919639347512
13 2.864723987558772
14 3.564330694392066
15 2.2832665094314097
16 2.720350581841913
17 3.3470802579490155
18 4.366549431176141
19 2.9261911038524895
20 2.0266367830836205
21 3.8327067531684
22 2.4706133532900885
23 2.895066935673252
24 3.2883720428787173
25 2.8560640950532896
26 1.6997272345063994
27 2.376820482517549
28 3.564333920978897
29 4.4172089089177025
30 1.252287397302373
31 1.3459012189631931
32 2.4892682799975425
33 4.142912219611124
34 3.462358730739625
35 2.282789337339393
36 3.624926677228119
37 4.259533934183008
38 2.3117154481435467
39 1.3122207676436808
40 3.75323205889169
41 3.823835272087934
42 2.471456517960976
43 3.1944563558599453
44 3.326901807142748
45 4.357517335968945
46 4.659543094746707
47 4.5201882273574405
48 5.596027834959971
49 3.8533384522470104
50 3.200070346908582
51 2.780991767809958
52 2.1970541578763942
53 2.5911904365006686
54 1.7220978458414156
55 2.443430387382513
56 2.8775803129000606
57 1.429238521025007
58 3.081842445553939
59 5.147352472379716
60 3.769855308153134
61 3.67962631256294
62 2.7593893292261416
63 4.1096319630316644
64 4.6933788673947205
65 5.325924028659095
66 4.523089366771016
67 4.011626687322834
68 4.9336970346695574
69 5.711586886005435
70 4.71212150241293
71 4.5515785768037365
72 5.4791127182633685
73 4.574324878480129
74 5.699872649268566
75 4.092314211432485
76 4.713874826052938
77 3.8618149244699356
78 4.0788333294689965
79 4.706061864707888
80 5.9524624129534685
81 4.9049996673832235
82 4.314743828853761
83 5.676560708817754
84 5.493730481953762
85 4.384406789223939
86 5.417068024719549
87 4.45825251856996
88 6.653431899849734
89 4.8729684864047025
90 3.626463181411822
91 4.389047310231915
92 5.784804871329662
93 4.953025430705203
94 4.166607808921795
95 5.7511829881936745
96 6.478831643910459
97 5.300932449477316
98 7.11894692223299
99 4.441111741790917
100 3.90064356612014
101 2.7204680203258045
102 4.39869665009437
103 6.473408992371987
104 2.5193398393687367
105 3.1449079344456243
106 2.5828511521598
107 4.24745205516465
108 4.279169505080649
109 4.142155042731009
110 4.842164876252603
111 3.549377073822463
112 3.06119716910618
113 2.6116141703885285
114 3.4549377709316524
115 3.267479267933511
116 2.0837594475807455
117 3.157735735020148
118 3.3516299921891646
119 2.622355217977942
120 2.462503160633621
121 4.199156908727874
122 3.4847314742251942
123 4.090779598761886
124 3.600373742726946
125 2.2239477653172726
126 3.677294544117828
127 6.29631784161216
128 3.8400978814972886
129 5.799159112268396
130 2.38110699734299
131 3.636859537580446
132 3.826479625720329
133 2.064514484182278
134 2.1621170024041496
135 2.5667920962238795
136 1.564847163462223
137 4.586529246468515
138 3.2585310823894744
139 4.825189411616185
140 2.635758494303602
141 3.302737672482628
142 1.6050629273246464
143 1.9579261801667829
144 2.3282771865624765
145 1.2163370730245584
146 3.7723329229648748
147 1.322347503085088
148 2.16691133838278
149 2.0291993678169797
150 3.607752738290338
151 3.705638172733448
152 2.4730293648167305
153 1.8276890295862778
154 2.4668025053105596
155 2.4187089869755716
156 2.7608038561494395
157 3.6600061687199688
158 3.4720799463108785
159 2.87755875465702
160 1.986115947339591
161 2.0323569586891495
162 4.328928818094173
163 2.7447574550474667
164 1.80814750173532
165 4.511844683233437
166 2.286448654237705
167 3.9583080142719314
168 3.2304184745350923
169 4.928702165553015
170 1.6522258707384279
171 1.7392610165123534
172 1.9131715644876686
173 3.0639196829712563
174 1.8633980017304177
175 2.4723709482640897
176 2.6873954237386948
177 1.4560725552209732
178 2.7317983894309235
179 1.402826826028294
180 2.909058120329065
181 4.587878748789041
182 5.06273928460529
183 3.2497432574006364
184 3.9269779026754152
185 4.143494453048391
186 2.740524972178261
187 3.7408048666920526
188 1.3916632154566686
189 3.365069769290137
190 2.133970330184751
191 3.0297248281674944
192 3.083950138600153
193 3.430356990550634
194 2.5555071761337453
195 2.9908698110828027
196 1.7218088372266267
197 2.8668193201046885
198 4.4393851478842485
199 2.833838644043334
200 3.1906634676739505
201 2.646936128155936
202 2.4845820687695284
203 3.25474458958486
204 4.071550277267209
205 2.771909335760928
206 2.267564636296047
207 5.2016777773358145
208 5.169653661958509
209 7.609379325179467
210 7.21724611276812
211 4.415028333666303
212 4.6203951327562365
213 3.33054963876352
214 3.3345260883494343
215 3.598227241722346
216 4.308840834691146
217 4.626592782336966
218 4.882628834404115
219 5.9279191790196295
220 4.1071216720898205
221 6.8591609405868725
222 6.798172542422964
223 8.331478738569619
224 7.240592604416974
225 8.267708038780611
226 7.049791533193029
227 7.800477854467037
228 9.016858494819656
229 6.315659365241655
230 7.651946583184653
231 7.918912756343593
232 8.331442295145612
233 8.477375789769765
234 6.75688430932381
235 6.944490843457136
236 7.52390367758932
237 8.03530318837345
238 6.2648410718469085
239 8.30711358176419
240 6.787762038517642
241 7.909267569434221
242 8.396036393823325
243 6.228738379517176
244 6.424744024952265
245 7.48540462065462
246 6.277331154979145
247 5.800202448191346
248 4.5415472417907825
249 7.446283367353066
250 6.550192572737242
251 3.096493331237569
252 5.171427260664871
253 5.619271889807398
254 5.973938956483314
255 6.613353711374676
256 4.947986079893699
257 6.416327709673801
258 4.807352822492034
259 5.924841902020224
260 5.913443673983615
261 5.5153177438778265
262 6.838219017614
263 7.689632931080094
264 7.920628283875777
265 5.596305169185885
266 7.801807274967186
267 6.805311506381049
268 4.807239363467035
269 4.600441765425324
270 6.893717279765057
271 6.1600797578267965
272 6.775888787870994
273 7.815774479401054
274 7.608270750002163
275 6.668754394469676
276 6.680845411081561
277 9.442482464968066
278 8.40264468035194
279 7.32968822748295
280 5.077907448985012
281 5.940480196879112
282 4.326827380137848
283 4.833899177931497
284 6.983842897188463
285 5.290673320191505
286 6.576456594524137
287 5.4662309193558665
288 5.467865845383184
289 9.185845024291929
290 7.468368302555725
291 7.796092227093017
292 8.963091345990394
293 6.2975925560918435
294 8.20942154619929
295 5.912438169596394
296 8.181746462786872
297 6.431005128688959
298 8.199507840006737
299 6.652723040461333
300 7.891295456646703
301 7.207096901792022
302 6.426805125451792
303 7.1482153253392795
304 7.99295704156966
305 6.144312923007099
306 5.4691242802348
307 3.767868347368371
308 4.864963361346524
309 7.238019318923994
310 6.598814275630549
311 7.319712568803215
312 7.659551207916988
313 7.610455196393553
314 7.394423400130413
315 8.090578929302984
316 7.6080286685505465
317 7.240184575614818
318 5.929984560827514
319 8.280418519783328
320 7.103841966492699
321 6.35708822108073
322 5.693345711301566
323 5.316910343498315
324 4.62843825278974
325 6.394762972564585
326 7.451495223929427
327 7.690530612691128
328 8.089665313804005
329 5.59347254129438
330 4.649733149593551
331 4.606262077008434
332 5.127714898410657
333 7.181363311793091
334 8.303551598065518
335 6.613104048812795
336 6.884198446295374
337 8.234421975178874
338 6.310953665453588
339 8.076921387141656
340 7.517320452165975
341 7.671514598780731
342 7.1943818593148645
343 6.065256593716512
344 6.530054382949529
345 7.915237809354563
346 6.8451965897835345
347 8.276454819151219
348 8.414375660657132
349 9.075253637139507
350 8.66147952320684
351 8.689639511185462
352 10.404763617605632
353 8.125157333631972
354 9.48059816460182
355 7.923280136833365
356 7.166673019982741
357 6.902753107050023
358 8.138125866076164
359 9.304798810153823
360 8.580829065318593
361 7.946995025916063
362 7.876474794109941
363 8.72761784812603
364 7.274793294705423
365 10.00797756032904
366 6.580588357805476
367 8.338856477746933
368 8.343592126935336
369 7.865415057056139
370 8.101931528455012
371 7.123988957513622
372 8.121732340441115
373 7.286482047229257
374 8.574109214546281
375 8.30577838707414
376 8.443377366000554
377 7.692458782976789
378 7.0954716716916195
379 7.00245251934819
380 7.998659581300886
381 6.211896491851702
382 7.06594890926321
383 7.574992412950982
384 7.483213148201606
385 6.941260106879949
386 8.010756821304636
387 8.349161324592071
388 7.36541533497784
389 7.921476361275591
390 6.86716912697395
391 6.955311262524752
392 7.607229402218541
393 7.703342430937449
394 8.106422564932002
395 7.417484469203274
396 7.624107756989894
397 8.289038282230274
398 8.974532714580088
399 7.942513204689866
400 7.774994127888825
401 8.089304768509104
402 6.608693654415891
403 7.715499484425216
404 7.1297358282548
405 6.1901341995879156
406 8.253325646751387
407 6.379482409458494
408 7.209425199394218
409 5.934353435383067
410 7.68225412408692
411 7.342584516634324
412 7.573340319379928
413 8.022992635883053
414 7.873574442829401
415 5.438908187310651
416 4.242305469095894
417 6.18711334495322
418 6.107764745834929
419 7.271117612152595
420 6.656654322441987
421 7.012290691735073
