0 1.29204361520059
1 0.36366175091564495
2 1.324914596420677
3 1.8921997449765262
4 1.0032329249853609
5 2.044622330051282
6 0.6880402521616534
7 1.4965631624380187
8 3.173030637910822
9 3.2587779932709595
10 1.8153371747726843
11 0.8955573814709179
12 4.367783728056548
13 4.105612035016193
14 4.414165000194561
15 3.2833829125764216
16 1.8197106558577198
17 2.027196274936194
18 1.1054859451969814
19 2.5526124427421055
20 1.6280455022009488
21 0.8689089633302666
22 1.4014005640427423
23 2.3124929233155753
24 4.297971794638696
25 1.8097578008358888
26 1.8887212890851173
27 2.1397429907423837
28 2.373542423266565
29 2.534265549883998
30 1.3749264363465774
31 1.972535120870611
32 1.840671708471277
33 2.419053657612023
34 0.893726671504446
35 1.4232795507503542
36 0.6915553681546577
37 1.2166960422492639
38 0.043303015277032605
39 2.351274924028807
40 0.4740796596834467
41 2.198578057921651
42 2.827804042476661
43 1.3506022263386606
44 1.8865656433112719
45 2.2396265788166714
46 0.24601876992973637
47 1.5840064193974739
48 1.4864562155768994
49 0.8573926429006843
50 0.5521312107574832
51 3.014023917060829
52 4.719329397058853
53 2.8778724290757505
54 3.7554401492951013
55 3.7955042408098327
56 4.826472104914301
57 5.245862244172328
58 0.9461626790524461
59 6.148876399446032
60 2.2511754865103164
61 0.8430602920593161
62 3.5795479777832955
63 3.087301827616848
64 2.5126572676981103
65 1.9428131758605345
66 3.049991657869739
67 2.0756568497739893
68 1.1648598084423654
69 3.667209240723737
70 1.3529059209965486
71 2.365698575202098
72 2.2711501483368637
73 3.8036717766142782
74 2.4573422219013206
75 0.3997809963686723
76 0.7414008507492591
77 4.035056058782413
78 2.365591242914962
79 0.23680051733849886
80 1.4065916302755
81 4.175240051293427
82 1.5403324110543937
83 1.951089386953135
84 1.3214478609295803
85 0.592832534078054
86 0.44522654236906295
87 1.8757755291932667
88 2.854176727470316
89 0.49492350149579717
90 0.33893354642863577
91 2.083398621045276
92 3.9294567869986006
93 3.821157119426564
94 6.408567598130873
95 5.889729643025017
96 2.5048055988834985
97 3.4982575299329928
98 4.650070386732937
99 3.8590604650811153
100 5.021658075523934
101 3.6309125243539717
102 6.88277965026341
103 7.824241048544017
104 5.45418359534381
105 7.17638783647054
106 6.415802874296328
107 5.464763626743262
108 4.380518605458389
109 9.769612071357818
110 8.194306572675417
111 10.451884518422661
112 7.874694822368521
113 11.119855880976347
114 11.770757723812954
115 10.457710096255735
116 11.736873370804295
117 10.603512279260263
118 11.33522566170659
119 9.963896863800057
120 6.586187722197257
121 5.70742666035546
122 8.399222804792034
123 5.922309844876947
124 7.787504290833062
125 7.150753003797152
126 6.729422632238775
127 3.805008111641275
128 9.053982433336852
129 6.6497986281285915
130 10.111082618873235
131 11.982698749800438
132 13.33803489119381
133 10.39956764481847
134 12.111484486424839
135 10.544848023989704
136 8.374909618135966
137 10.836841771778516
138 10.439639890427634
139 13.28823504144658
140 12.825247577603308
141 9.906101155796922
142 10.757920064813757
143 7.250413969704192
144 7.817974357033176
145 7.080198801483527
146 9.146334138520396
147 6.6504236028164385
148 5.04064442211241
149 9.756877515894315
150 2.5641605954307893
151 10.824743017906721
152 4.814532733284577
153 7.536321823760955
154 2.632896615086082
155 6.451996895721849
156 7.02119818805438
157 5.40926635755594
158 6.2601742114693275
159 7.715892350262404
160 10.828641739680403
161 10.93873619048108
162 13.331670244836767
163 12.764627549767319
164 13.244000710626928
165 14.653056497288867
166 12.932603954252476
167 12.612019210428828
168 12.162319027514085
169 11.598945619940004
170 12.386798756578692
171 11.681083528922386
172 11.741052638424941
173 12.9886161245997
174 11.218257656182493
175 14.14434027206855
176 10.574091318996304
177 13.91226227907058
178 13.244881463136684
179 12.934538242304667
180 11.676836555391848
181 11.712610075515435
182 12.546645463673176
183 12.218577262760164
184 12.918537853223603
185 11.56275724693469
186 11.431550538512699
187 12.598925213762548
188 12.2313791978899
189 13.300901576109649
190 11.845956239952784
191 11.211674193308404
192 11.173055641873184
193 10.82443752434751
194 10.853821674932966
195 11.104889849519239
196 9.989657624306227
197 9.610632421949711
198 10.29688225558578
199 9.296684397798087
200 12.967866221800515
201 13.259135049390332
202 10.767728231466405
203 11.130884568777935
204 10.58935647203826
205 8.60287595520045
206 9.993525334298683
207 11.155430966983838
208 12.812062497433148
209 8.979678140097104
210 12.150643962839174
211 12.108149096027205
212 13.597170006405966
213 13.474960639843488
214 13.950870570999074
215 11.358877944614445
216 14.42123954996229
217 12.684074319208857
218 12.604863046844896
219 11.855251765466758
220 8.538580362124325
221 4.041628412560416
222 3.4657288682403182
223 7.637131554345593
224 4.820649625497885
225 4.811927251996613
226 5.1842770228512
227 5.758312268087824
228 6.376537427632356
229 2.6548304487867074
230 3.707255890257504
231 5.375918251830122
232 6.121755735731872
233 4.259865548282756
234 4.149195393788054
235 6.414127753871221
236 6.02916077197936
237 6.694018107559834
238 7.4872080707567354
239 7.8582775703939545
240 9.4296483339014
241 11.102657226689816
242 11.296620981607507
243 9.254269493911304
244 11.23248758854562
245 10.191884449291981
246 8.104765893704213
247 6.898656926351648
248 7.276904443856088
249 4.722388952098749
250 8.633869718585915
251 9.636474388811333
252 7.918510190279586
253 8.650484109943273
254 7.230276934306911
255 7.068414402886418
256 4.560319770408288
257 8.231931983664609
258 5.832620220252369
259 10.463865826059553
260 9.152970167010757
261 9.279261038104327
262 11.335328748467743
263 13.053554387630113
264 10.112756049684569
265 10.701618697974752
266 11.18319244509594
267 9.90932395568502
268 6.785934498850256
269 5.848259359876608
270 7.00333718430025
271 5.451120805917359
272 3.6337320501389425
273 6.9465438991337285
274 6.238245944765698
275 5.1255073373002675
276 4.924950042114692
277 8.782575021804421
278 3.183919063537337
279 7.432435709202547
280 7.4668934746798685
281 6.458720110581765
282 3.5372691326027663
283 5.506865164899056
284 3.508083460894945
285 6.5857033165345396
286 3.6186815693483534
287 9.613401182139055
288 6.464194584862826
289 8.198859189187692
290 8.66074931620798
291 8.747979634263096
292 8.324526835442015
293 10.159949833286172
294 9.014150160147445
295 9.341822604566214
296 10.239590750753145
297 6.1353198546150045
298 7.936519930384694
299 8.290082545960802
300 7.900143647990059
301 10.738848627611656
302 11.346691146125144
303 9.866866561854145
304 10.341703405341981
305 10.37704043893599
306 7.396680737421503
307 7.013922500048386
308 6.864200706870806
309 9.875103738530198
310 10.8729931186183
311 8.696876079356347
312 10.6852848730843
313 9.438112076964716
314 3.072188691277148
315 3.0116122013389868
316 6.4188335657351745
317 8.940450242386454
318 8.345290367159354
319 11.641990336300395
320 4.097789518983318
321 9.446290575284952
322 6.897584204289212
323 8.373127641085809
324 6.597797998512809
325 4.490440732442287
326 3.236872154960819
327 5.4083893970299926
328 7.466917459781713
329 3.5442548826680564
330 4.76265788954573
331 5.186065538259119
332 7.364250164327801
333 7.138968068082122
334 5.398679932447556
335 14.077341408740129
336 10.390044809414034
337 11.859217124426385
338 13.938677553850342
339 12.184987344623314
340 9.594077687797572
341 15.173656422651367
342 8.053128494149297
343 10.930737869412516
344 9.456070387685013
345 7.06882290880422
346 10.225114191585556
347 14.975695290791222
348 15.48629477524942
349 12.281580441194553
350 13.641475130554989
351 12.555173487701452
352 12.997415026203939
353 6.68726605890466
354 11.022426630469292
355 12.338812929833013
356 7.93184858725733
357 8.254733790083746
358 8.734123789426544
359 9.784496008599993
360 13.820293793064645
361 12.55425931931383
362 15.436350620577416
363 14.136076176476974
364 11.351149125192743
365 15.379953882089973
366 14.590360743459224
367 12.025264057132594
368 9.961307061762449
369 8.458049925698452
370 10.813334780693234
371 7.013662994067381
372 9.239530790445961
373 7.222160453812278
374 10.677046241126044
375 13.110338338838753
376 10.029519467126065
377 9.128851802723911
378 7.106462155815933
379 6.2448551241845935
380 4.455090665906395
381 3.7054757074071674
382 4.574152456101389
383 5.459453635697521
384 5.391124356694792
385 4.349602975459529
386 5.451607989858319
387 7.279053720289238
388 5.829706452313856
389 4.280605427636607
390 5.276983564917898
391 5.033453276113094
392 6.748526154965829
393 9.786462229600605
394 9.447038805770687
395 6.277452646922434
396 6.185413482507359
397 6.95093011346158
398 7.963072614416933
399 5.676302226075576
400 4.877850091937417
401 4.7981945053526776
402 5.568029308204335
403 5.228370724858019
404 6.837931077355284
405 9.113926337630579
406 6.504005774742373
407 5.485771012498139
408 6.772479138184122
409 8.312287029395522
410 5.253199775385888
411 7.264704094422321
412 6.1810932063904644
413 5.79682144163953
414 6.425209103961795
415 4.673839847324778
416 6.865402336757294
417 6.607823981071586
418 6.596069694940428
419 6.743627232223764
420 4.910422587845226
421 5.814820291297352
