0 81.73107467689472
1 75.0279506542846
2 76.25148602815429
3 68.63248722367665
4 75.32663647791227
5 78.39797446502692
6 72.06571805138732
7 65.08938769175809
8 74.67695503494143
9 68.67103816639963
10 69.42147168969835
11 81.31715521715128
12 75.8148297012666
13 75.35411996069385
14 80.91317798884255
15 77.20875845285735
16 74.31965939036093
17 70.57127059692533
18 68.9431194991707
19 72.61806520813612
20 74.14536646718906
21 73.81014040800906
22 78.91522898100082
23 86.24072910683493
24 83.37364364300916
25 78.86417454081668
26 83.39221850435935
27 78.86723436803341
28 76.7090165818978
29 82.33464938006277
30 76.64980404109562
31 74.58020380490638
32 74.93765716268341
33 78.18399316981572
34 70.24461622682534
35 74.59279175037368
36 71.8726451455214
37 69.18861401949154
38 61.170696509241054
39 77.29191392123326
40 71.65390455743746
41 78.0689717281304
42 79.22178982858021
43 76.56261545856252
44 79.83928266287796
45 74.07837008403853
46 72.76795230303483
47 69.626332633559
48 73.46582004694694
49 81.71820408452447
50 83.90288185462012
51 77.08197088944932
52 72.00341849288648
53 74.89543562912556
54 79.79351174244343
55 80.76742589370585
56 83.33627972500659
57 78.57062578704665
58 77.17064161193348
59 85.39519928210531
60 78.58857809437315
61 73.94056878793816
62 85.73974937762763
63 84.34588335261014
64 76.41611102336964
65 74.50291396636304
66 84.88820884940364
67 79.62723428930275
68 78.32299226055092
69 81.26399242763812
70 80.97002002226525
71 82.64361952397375
72 79.23705424288116
73 76.72024336926238
74 72.63847569904279
75 84.69809936385126
76 78.3377067598146
77 72.465277393612
78 75.43395502855428
79 76.62105068479514
80 71.2913856533597
81 77.85778842038263
82 81.61413420926378
83 72.97211156673863
84 86.2748195521121
85 84.15958198110246
86 88.49214603490412
87 83.55174105346174
88 81.9994371204047
89 81.98256233460461
90 82.58312324513251
91 85.8020085635371
92 79.87215807380593
93 85.28729091877896
94 85.07943167206955
95 84.96464245894012
96 75.817079113372
97 80.18035114340205
98 88.19722008808611
99 82.39610111152075
100 79.92674802184789
101 80.26925953421433
102 79.91370773505132
103 81.0804810729418
104 71.51067668483704
105 85.0271980396845
106 83.73507199828592
107 81.5042930029683
108 80.59419515976361
109 83.19817182039954
110 88.17046591494407
111 84.92276238874803
112 73.51881197451846
113 72.43614001694228
114 71.23373416138284
115 76.84157496164934
116 79.60943810946668
117 75.51256412717643
118 70.26361892986692
119 76.01581718702747
120 71.12282889556727
121 69.58586791711308
122 74.81759438349971
123 72.6440714673131
124 77.80862458765334
125 73.7917226275789
126 75.03415168866938
127 72.11939295180589
128 67.45320862934499
129 75.63307624736892
130 73.77466811559066
131 82.0836252904034
132 69.36772595709658
133 74.33899451072453
134 72.7111885654315
135 65.71430571381893
136 66.80777230223353
137 68.88133872395218
138 64.01717933740059
139 66.59486196591797
140 69.23175931895423
141 74.98174908587461
142 67.46203934341737
143 66.71734229451943
144 78.43892900118001
145 78.17344714585134
146 74.28553205994966
147 72.5185701966638
148 68.75573197770369
149 77.42608854193354
150 80.64422412528303
151 79.6282025577855
152 85.7888847907763
153 76.90955049539869
154 83.08957530467445
155 73.62191806469764
156 83.84834238020989
157 86.3657917668245
158 84.42615321234027
159 80.51876140166218
160 88.15872235256111
161 87.50471769087463
162 84.82265886501901
163 84.95780274014743
164 88.37286623915853
165 82.31235801911971
166 86.25168067012078
167 77.1000262021106
168 86.19109561497662
169 88.25548601695816
170 81.83352606342666
171 85.11747313758246
172 88.1771341195366
173 87.65121677723808
174 89.60269467422015
175 86.11051478302083
176 87.58437763406963
177 89.4997570943224
178 89.8327873429632
179 87.35092001722063
180 86.79737917542732
181 86.11587679537163
182 87.92164629458082
183 87.81622025779478
184 88.33888614856731
185 86.90897822567078
186 88.876339540594
187 88.43167447969067
188 87.34307942624653
189 89.45310900036442
190 85.5747905903647
191 88.08928885989044
192 88.35051484654142
193 87.56966998134314
194 88.59869382492484
195 86.55684930027853
196 79.04985367859854
197 84.10370209895434
198 80.63603898692446
199 80.63911645917445
200 81.01238452108004
201 79.33990323522617
202 86.62867165774412
203 88.55985810416088
204 85.62641792942472
205 89.40040220754224
206 87.94754904363134
207 85.8609550374565
208 86.09502538101245
209 89.67030206471303
210 85.31219413651138
211 82.0541761848064
212 85.15142889788484
213 88.84711282448748
214 78.38933130572168
215 85.80150051549275
216 74.35258062587896
217 78.98070148985565
218 85.99273533641224
219 85.92359714885166
220 76.38154442516844
221 80.53826283362949
222 86.09918466637228
223 88.12070445966617
224 75.10216207379497
225 81.97890835038955
226 78.14594391869437
227 81.18171234602758
228 75.43284897516824
229 82.07074303783781
230 79.40914104666942
231 77.31030804783472
232 84.42717080837086
233 78.34118520698068
234 80.44881910932321
235 79.88957294855888
236 70.17364561543954
237 78.07306670535635
238 76.0833044003806
239 71.97885428445483
240 72.46321098575581
241 72.62542825036196
242 67.85524782410258
243 67.75837207425973
244 83.37376506771773
245 75.32287287075995
246 83.14334709833466
247 70.54418705023724
248 75.76057541527113
249 79.79819721503195
250 82.22178458017511
251 77.23226102402782
252 76.14531644716813
253 78.96395851421313
254 77.5171021032037
255 87.9364877684153
256 81.67637522568552
257 79.31625767635893
258 81.2228060644002
259 82.03714844182699
260 86.60019778678847
261 74.94507809206468
262 76.68331315935177
263 75.93380448075165
264 73.48223308475136
265 76.51953974533974
266 78.69541173621909
267 84.79702987277946
268 83.16787619464175
269 84.14999041373002
270 81.68951585054894
271 83.13619945698298
272 80.9558372033821
273 80.1475125170116
274 76.40257788899909
275 81.00456983499572
276 80.69391423657486
277 73.98449386507679
278 81.88571360146398
279 83.32922480970048
280 78.35666705801803
281 81.26123972042753
282 76.1851728190786
283 83.8800686427781
284 79.32016658665572
285 82.37451107496928
286 82.18400739783455
287 84.92539909001819
288 78.9782471657914
289 81.45235728444614
290 84.06317734360921
291 78.51378399284816
292 79.21121284578992
293 77.54106637541072
294 77.03652533398218
295 80.29560959871657
296 79.35010802102254
297 81.53251976425211
298 77.72797890652784
299 74.30462087541005
300 72.40035620019079
301 80.50149129515883
302 77.20786923484806
303 82.45946860883399
304 83.10821694844526
305 84.39744312407126
306 81.14141838531219
307 77.05598860493538
308 82.44984642656031
309 78.43825183818448
310 78.90781566156394
311 87.84346554280975
312 80.13094142974401
313 79.99385753274103
314 88.87766454602043
315 84.01022441266754
316 81.98378589395031
317 79.04724016284688
318 83.92315451073961
319 87.11137314413814
320 81.28349336701395
321 78.26848120635503
322 76.94020468470893
323 80.3649900022716
324 77.09500503685365
325 84.62434093373598
326 78.83620732679626
327 87.08565880840992
328 84.65632342422674
329 79.88547446571533
330 88.65093613342363
331 82.48703974165603
332 89.15974884144656
333 86.22172526780355
334 81.82869665908359
335 76.55773016631113
336 81.31166048546598
337 80.45020132079972
338 77.87864118086074
339 78.41484230223348
340 78.69137626855697
341 75.35220857024939
342 77.88815522173874
343 79.80665837765294
344 78.48584512829254
345 80.50495295274298
346 75.30726454531973
347 82.10850938993785
348 80.17959340481204
349 86.26281685688546
350 80.68845108027008
351 77.59858095570414
352 77.83538719061771
353 82.1549027578582
354 88.3763226421191
355 81.89961523268688
356 79.19040903032268
357 83.74512920719603
358 88.26838234018187
359 76.8276232776089
360 85.9246284348707
361 81.12615936767193
362 77.36960095714475
363 79.38958587677314
364 82.17034539455922
365 83.61608615665973
366 83.8320128285327
367 83.38027467655932
368 80.11096015550278
369 85.96336304062525
370 83.4798669961797
371 84.96376513024127
372 85.25773811536679
373 85.67373643137904
374 81.44837163209198
375 79.75558587020888
376 87.33896191626127
377 82.3645803576718
378 85.08824795116048
379 89.8694225352825
380 84.7046391720163
381 89.15793599695255
382 82.23853114610415
383 89.68057225283721
384 81.8495527001288
385 84.75618680731058
386 89.19376670435155
387 81.14197153265538
388 89.6294416897695
389 89.29495984079097
390 86.57309803060619
391 89.38710317821194
392 86.5532141126793
393 86.12299929581766
394 85.79876197611048
395 89.73768494550345
396 88.87120881442131
397 88.74699686246157
398 89.55250511215002
399 89.674117754257
400 80.85518670835582
401 83.01946360876777
402 81.38570895607073
403 83.44772884602574
404 82.49563306863678
405 85.5688377422714
406 81.00753036921171
407 81.16247911085215
408 82.13818750879815
409 77.47424190967844
410 78.12511266401408
411 83.93420654627434
412 77.07226910377244
413 83.12117331931536
414 79.36459246570355
415 76.74891458820571
416 80.51053648911355
417 85.76484766880915
418 82.98905491151197
419 83.2949952622406
420 86.95300862461895
421 86.92730440534736
