1 3.5910630226135254 3.3083484172821045 2.6021056175231934 1.7769248485565186 1.4550813436508179 0.9862895011901855
2 3.0553205013275146 2.6728031635284424 2.3168814182281494 1.7672169208526611 1.034550428390503 1.4064768552780151
3 4.039153099060059 3.781766891479492 2.2401819229125977 2.2994704246520996 1.2453845739364624 2.1574623584747314
4 4.03938102722168 3.7551138401031494 2.843945026397705 2.2769851684570313 1.7044814825057983 2.0179078578948975
5 3.5931293964385986 3.304361343383789 2.761331081390381 2.14626145362854 1.3268425464630127 1.913718819618225
6 4.536523342132568 4.336740493774414 2.5562679767608643 1.992918610572815 1.278899073600769 1.9087761640548706
7 5.122787952423096 4.971878528594971 2.086318016052246 2.0077850818634033 1.3057011365890503 1.6776772737503052
8 4.630897521972656 4.423137664794922 2.484591007232666 2.2867989540100098 1.3922855854034424 1.9785510301589966
9 5.180121421813965 5.095338821411133 2.283900260925293 2.716872453689575 1.257702112197876 2.9081907272338867
10 4.6769585609436035 4.446086406707764 2.566180944442749 2.2109971046447754 1.3180687427520752 2.2334327697753906
11 3.3942456245422363 3.0548222064971924 2.96716046333313 2.2813117504119873 1.2904521226882935 1.9006321430206299
12 4.041141510009766 3.813795804977417 2.864262104034424 2.5051920413970947 1.2233961820602417 2.299880266189575
13 3.420755624771118 3.0960702896118164 2.9624598026275635 2.157416582107544 1.2188160419464111 1.9309080839157104
14 3.477156162261963 3.1080563068389893 2.513967752456665 2.3422045707702637 1.3665368556976318 2.4252524375915527
15 3.5149178504943848 3.1465370655059814 2.48679518699646 2.376307487487793 1.298997402191162 2.515655040740967
16 4.071290493011475 3.783740997314453 2.5355639457702637 2.620529890060425 1.2392804622650146 2.7122483253479004
17 4.428730010986328 4.207790851593018 2.6624836921691895 2.502702474594116 1.1717108488082886 2.5582473278045654
18 4.26594877243042 3.9829726219177246 1.8807590007781982 2.3878798484802246 1.0816456079483032 2.2290334701538086
19 4.244708061218262 3.9434664249420166 1.7866883277893066 2.7745907306671143 0.8902131915092468 2.9324073791503906
20 4.187010765075684 3.9491961002349854 2.149761199951172 2.9007320404052734 1.0122812986373901 3.0407755374908447
21 4.492652416229248 4.232540607452393 2.1712841987609863 2.7211949825286865 1.1651065349578857 2.8033275604248047
22 3.5144541263580322 3.058297634124756 2.136782169342041 2.751650810241699 1.2919141054153442 2.7319841384887695
23 3.5719990730285645 3.2313575744628906 2.869516134262085 2.6935555934906006 1.2512073516845703 2.7045814990997314
24 3.605713129043579 3.295111656188965 2.6828012466430664 2.4241795539855957 1.4215638637542725 2.604843854904175
25 3.8389344215393066 3.504063606262207 2.368112087249756 2.450953960418701 1.2749751806259155 2.6281533241271973
26 3.3292524814605713 2.906582832336426 2.5465567111968994 2.4433224201202393 1.3306996822357178 2.5280039310455322
27 3.4125447273254395 3.062305212020874 2.397291421890259 2.756730318069458 1.270541787147522 3.053952217102051
28 3.7780497074127197 3.4746294021606445 2.2721188068389893 2.5183613300323486 1.1119431257247925 2.6874654293060303
29 3.432332992553711 3.0900890827178955 2.467841625213623 2.5884063243865967 1.3768160343170166 2.732147455215454
30 3.8707284927368164 3.563697576522827 2.4123589992523193 2.801497220993042 1.3065871000289917 2.9392426013946533
31 3.7933478355407715 3.538362979888916 2.7710471153259277 2.38918137550354 1.109234094619751 2.5009090900421143
32 3.901869297027588 3.638498306274414 2.7184898853302 2.601391315460205 1.2260178327560425 2.995340585708618
33 4.269260406494141 4.028602600097656 2.8966712951660156 2.675887107849121 1.2084006071090698 2.835330009460449
34 4.415800094604492 4.21163272857666 2.8699898719787598 2.647348165512085 1.4030481576919556 2.8885867595672607
35 4.360672473907471 4.1003923416137695 2.8164010047912598 2.4247167110443115 1.5535290241241455 2.6508309841156006
36 4.5578179359436035 4.347856521606445 2.71466064453125 2.615351676940918 1.3878744840621948 2.837456464767456
37 5.037641525268555 4.947052001953125 3.1490213871002197 2.7933781147003174 1.1799299716949463 2.9287943840026855
38 6.037513256072998 6.001189708709717 2.842754364013672 3.020620822906494 1.359029769897461 3.4201385974884033
39 3.2910890579223633 2.898411750793457 2.207235336303711 2.2314069271087646 0.9400901794433594 2.393033504486084
40 4.292384147644043 4.061045169830322 2.0440096855163574 3.2003438472747803 1.1133532524108887 2.9406304359436035
41 3.852501392364502 3.5644986629486084 2.2782862186431885 2.7140488624572754 1.168906807899475 2.8430440425872803
42 3.648974657058716 3.3413538932800293 1.8596429824829102 2.9892098903656006 1.0227434635162354 2.8010289669036865
43 3.786426067352295 3.512599229812622 2.362725019454956 2.8328590393066406 1.4418530464172363 2.8379299640655518
44 3.604539394378662 3.270941972732544 2.2850821018218994 3.001100540161133 1.3193609714508057 2.996203660964966
45 3.9258484840393066 3.617452383041382 2.0447561740875244 3.19437313079834 1.292191982269287 3.273763418197632
46 3.7060155868530273 3.4099838733673096 2.1072275638580322 2.696918487548828 1.2099223136901855 2.9072649478912354
47 3.9314756393432617 3.6294922828674316 2.1928870677948 2.8696651458740234 1.225547432899475 3.121802806854248
48 4.143199443817139 3.9081177711486816 2.9442925453186035 2.944380283355713 1.1567951440811157 3.297624349594116
49 3.6826963424682617 3.309234619140625 2.896354913711548 2.6915621757507324 1.452215552330017 3.0929555892944336
50 3.5268666744232178 3.0856707096099854 2.5908985137939453 2.796433210372925 1.1637210845947266 2.962104082107544
51 3.76271915435791 3.409109115600586 2.601200819015503 3.115170478820801 1.056001901626587 3.3419740200042725
52 3.8006930351257324 3.4395411014556885 2.6137447357177734 2.8390231132507324 1.090551733970642 3.0570225715637207
53 3.863784074783325 3.539818525314331 2.5671088695526123 2.784381151199341 0.9737655520439148 3.0038580894470215
54 3.6948225498199463 3.3386600017547607 2.9067747592926025 2.5857653617858887 1.3663371801376343 2.999788999557495
55 3.6408486366271973 3.277735948562622 2.738971710205078 2.6458077430725098 1.079824447631836 3.15999436378479
56 4.051569938659668 3.7450907230377197 2.7714433670043945 2.919160842895508 1.2942267656326294 3.248202085494995
57 3.600980520248413 3.2841379642486572 2.8301925659179688 2.7711048126220703 1.287445068359375 3.0380373001098633
58 3.8660495281219482 3.540898323059082 2.724921941757202 2.799464702606201 1.171744704246521 3.110602378845215
59 3.735973834991455 3.373577117919922 2.873098373413086 2.8884129524230957 1.3337239027023315 3.1917600631713867
60 3.854548692703247 3.577028274536133 2.629690408706665 2.862457513809204 1.2716959714889526 3.181731700897217
61 4.5725812911987305 4.320630073547363 3.0168817043304443 2.9638750553131104 1.4132431745529175 3.1866097450256348
62 3.905677556991577 3.5751748085021973 3.2388556003570557 2.8406546115875244 1.596066951751709 2.9737343788146973
63 3.463036060333252 2.9874794483184814 2.6332783699035645 2.79494047164917 1.471124529838562 2.7438535690307617
64 3.812209129333496 3.4399189949035645 2.4789116382598877 2.8523261547088623 1.3059351444244385 2.9380762577056885
65 3.9992728233337402 3.625109910964966 2.392059564590454 2.766845464706421 1.6774122714996338 2.847587823867798
66 3.968679428100586 3.594435691833496 3.0386955738067627 2.6857569217681885 2.0206544399261475 2.8721110820770264
67 3.831268310546875 3.4933712482452393 3.2989842891693115 2.657870292663574 1.9384446144104004 2.7738568782806396
68 3.704843282699585 3.2992782592773438 2.6314260959625244 2.7648706436157227 1.4790236949920654 2.730121612548828
69 3.860337734222412 3.440521001815796 2.81435489654541 2.7041661739349365 1.8549691438674927 2.716270923614502
70 3.622012138366699 3.2140707969665527 2.809642791748047 2.702967643737793 1.435551404953003 2.67438006401062
71 4.172021389007568 3.7991206645965576 2.856250762939453 3.0085794925689697 1.6826030015945435 3.0874252319335938
72 3.801989793777466 3.4182331562042236 2.7613556385040283 2.8073081970214844 1.5546395778656006 2.6515092849731445
73 4.0063605308532715 3.692678451538086 3.060930013656616 3.0062341690063477 1.984207272529602 3.234010696411133
74 4.185028076171875 3.911048412322998 2.820927381515503 2.9885363578796387 1.6578818559646606 3.1051042079925537
75 3.6030890941619873 3.2352774143218994 2.612691640853882 2.844660520553589 1.3383983373641968 2.679243326187134
76 3.790039300918579 3.427639961242676 2.815580129623413 2.8750813007354736 1.3837976455688477 3.11214280128479
77 4.111693859100342 3.8040030002593994 2.7999329566955566 3.1047825813293457 1.402381420135498 3.179382562637329
78 3.990705966949463 3.6646335124969482 2.832798719406128 2.9344398975372314 1.3999799489974976 3.1364378929138184
79 3.980628490447998 3.6396141052246094 2.3817222118377686 2.954228639602661 1.496429681777954 2.9910738468170166
80 4.387765407562256 4.137973785400391 2.448617696762085 2.967583179473877 1.5759303569793701 3.173522710800171
81 3.879443407058716 3.4948742389678955 2.3568971157073975 2.7701025009155273 1.5801805257797241 3.0127370357513428
82 3.645172119140625 3.2864813804626465 2.2772746086120605 2.784095048904419 1.3471276760101318 2.9399192333221436
83 4.526803016662598 4.23349666595459 2.5500175952911377 3.1446313858032227 1.5798426866531372 3.3616139888763428
84 3.4770443439483643 3.003171443939209 2.6936697959899902 2.763702392578125 1.715907096862793 2.684027910232544
85 3.534878969192505 3.137863874435425 2.733649253845215 3.033907413482666 1.6191266775131226 2.7488768100738525
86 3.585660219192505 3.1620919704437256 2.813744068145752 2.739056348800659 1.8418607711791992 2.8272011280059814
87 3.308826446533203 2.812886953353882 2.406219959259033 2.7495405673980713 1.5174734592437744 2.8667147159576416
88 3.851850748062134 3.4145748615264893 2.476060628890991 2.8268890380859375 1.6287357807159424 2.859865665435791
89 4.213713645935059 3.8755667209625244 2.39321231842041 2.937610149383545 1.7396634817123413 3.106546401977539
90 3.958740711212158 3.5749545097351074 2.4112558364868164 2.9101932048797607 1.6539469957351685 3.134321928024292
91 3.54692006111145 3.010474443435669 2.519888401031494 2.6326682567596436 1.7404558658599854 2.6964337825775146
92 3.609400510787964 3.1892189979553223 2.389183282852173 2.7562267780303955 1.6223247051239014 2.861962080001831
93 4.051746368408203 3.6638550758361816 2.5959970951080322 3.039435863494873 1.8006436824798584 3.2378127574920654
94 3.7755281925201416 3.360278606414795 2.4910619258880615 2.9310126304626465 1.6588034629821777 3.1039888858795166
95 3.757502555847168 3.3172531127929688 2.760096549987793 2.964240074157715 1.9249991178512573 3.224079132080078
96 4.011717319488525 3.5989503860473633 2.5469143390655518 2.776547431945801 1.6044045686721802 3.1878442764282227
97 4.3610382080078125 3.988539457321167 3.0374186038970947 3.122229814529419 1.8839043378829956 3.503607988357544
98 3.7337770462036133 3.259432792663574 2.6739859580993652 2.9877445697784424 1.6547629833221436 3.266732692718506
99 3.904416561126709 3.414647340774536 2.533128499984741 2.578669309616089 1.4423155784606934 2.7229738235473633
100 4.037038326263428 3.5797696113586426 2.767348527908325 2.648526906967163 1.5868701934814453 2.763998031616211
101 4.02963399887085 3.5958733558654785 2.3902904987335205 2.6746883392333984 1.5045002698898315 2.874194383621216
102 4.081672191619873 3.6409964561462402 2.2449865341186523 2.8020031452178955 1.3895422220230103 2.9031336307525635
103 3.7145791053771973 3.1984357833862305 2.3588106632232666 2.789707660675049 1.7200263738632202 2.948091983795166
104 3.967991828918457 3.4949021339416504 2.1948330402374268 2.6592581272125244 1.569263219833374 2.7819132804870605
105 4.133425712585449 3.714822769165039 2.90617299079895 2.9447972774505615 1.5776267051696777 3.2545528411865234
106 3.896174430847168 3.394752264022827 2.4579498767852783 2.963503837585449 1.5616748332977295 3.0514042377471924
107 3.702559471130371 3.2046573162078857 2.1661384105682373 2.8729074001312256 1.3106714487075806 2.888814687728882
108 4.424811840057373 3.9714670181274414 2.949244737625122 3.0055184364318848 2.327294111251831 3.180725336074829
109 3.90926456451416 3.4463136196136475 2.33351469039917 3.07963228225708 1.8208118677139282 3.318887948989868
110 3.44390606880188 2.8210806846618652 2.318091869354248 2.7919392585754395 1.6330012083053589 2.8625106811523438
111 3.6117992401123047 3.1199452877044678 1.9705814123153687 2.8617019653320313 1.3565037250518799 3.0385897159576416
112 4.001894950866699 3.621007204055786 1.9259573221206665 2.908742666244507 1.1978569030761719 3.2757279872894287
113 4.31203031539917 3.9604854583740234 1.958601713180542 3.020411252975464 1.4236125946044922 3.3096261024475098
114 4.527897357940674 4.214844226837158 2.1135218143463135 3.0095620155334473 1.3514068126678467 3.175217628479004
115 3.8697032928466797 3.3715057373046875 1.950827717781067 2.7786927223205566 1.3004857301712036 2.8947203159332275
116 3.647366523742676 3.1217474937438965 1.9286761283874512 2.6958961486816406 1.4883981943130493 2.6245126724243164
117 4.1621994972229 3.6958048343658447 2.081043243408203 2.6810295581817627 1.592530608177185 2.7624905109405518
118 4.651055335998535 4.327171325683594 2.090559482574463 2.775421380996704 1.5221540927886963 2.951319932937622
119 4.289792537689209 3.9462993144989014 2.394807815551758 2.795778274536133 1.5404902696609497 2.781008243560791
120 3.9848201274871826 3.572756290435791 2.356858015060425 2.749662160873413 1.7067445516586304 2.8837273120880127
121 3.688854455947876 3.2406527996063232 2.805217981338501 2.463984966278076 2.0262460708618164 2.575632333755493
122 3.6873319149017334 3.263859510421753 2.3169145584106445 2.5591788291931152 1.5838209390640259 2.593569040298462
123 3.99249005317688 3.6135976314544678 2.379702091217041 2.8638670444488525 1.6817795038223267 3.0742859840393066
124 4.03322696685791 3.643064022064209 2.5826117992401123 2.8994107246398926 1.5071519613265991 3.038242816925049
125 3.794517755508423 3.379351854324341 2.71075439453125 2.807600498199463 1.5842558145523071 3.169473171234131
126 4.0249199867248535 3.639113664627075 2.840756893157959 2.521615982055664 1.9728788137435913 2.7727596759796143
127 4.513697624206543 4.240917682647705 3.088289260864258 2.8402106761932373 2.0588302612304688 3.0182528495788574
128 4.612086772918701 4.381468772888184 3.176689863204956 2.5927305221557617 2.083859443664551 2.732919692993164
129 4.122936725616455 3.7466626167297363 2.9569318294525146 2.849365234375 2.1516711711883545 3.0655601024627686
130 4.1878509521484375 3.849604845046997 2.9219508171081543 2.8415331840515137 2.0562376976013184 2.9457883834838867
131 4.088456153869629 3.7195544242858887 2.846893787384033 2.8519058227539063 2.054339647293091 3.015943765640259
132 4.464712619781494 4.158871650695801 2.8563671112060547 2.9255897998809814 1.815311312675476 3.13954496383667
133 4.1642842292785645 3.832529306411743 3.136373281478882 2.6507301330566406 2.022836208343506 2.5347647666931152
134 4.423700332641602 4.147635459899902 2.7892906665802 2.7768046855926514 2.0229384899139404 2.9378347396850586
135 4.781447887420654 4.564188480377197 2.6176280975341797 2.930020570755005 1.8589556217193604 3.0117948055267334
136 4.7453837394714355 4.517596244812012 2.7603299617767334 2.7344553470611572 1.9321638345718384 2.673516035079956
137 4.140131950378418 3.7901813983917236 2.403615713119507 2.625227689743042 1.941274642944336 2.843125581741333
138 4.944798469543457 4.6710333824157715 2.4392287731170654 2.570762872695923 1.9200363159179688 2.5825438499450684
139 4.566732406616211 4.3014020919799805 2.3805785179138184 2.5331640243530273 1.8017323017120361 2.6592276096343994
140 4.929586410522461 4.658689975738525 2.2554848194122314 2.6109979152679443 1.745513916015625 2.643065929412842
141 3.8900694847106934 3.527805805206299 2.4537410736083984 2.3949697017669678 1.5098778009414673 2.5294535160064697
142 4.860045909881592 4.626805782318115 2.4530820846557617 2.7514381408691406 1.968205213546753 2.699894428253174
143 4.998082160949707 4.773675441741943 2.528102159500122 2.983391523361206 1.7558685541152954 3.138840436935425
144 4.195892810821533 3.7874841690063477 3.2766833305358887 2.551290273666382 2.6082253456115723 2.5194509029388428
145 3.9411985874176025 3.576476573944092 2.7648274898529053 2.4973604679107666 1.9176249504089355 2.4178059101104736
146 4.41923713684082 4.134944438934326 3.1531481742858887 2.482835054397583 2.324519157409668 2.5191948413848877
147 4.303564071655273 4.027179718017578 2.9663097858428955 2.4374074935913086 2.261833429336548 2.4685750007629395
148 5.107409477233887 4.9518914222717285 2.8653247356414795 2.8256163597106934 1.9126999378204346 2.9395625591278076
149 4.37095832824707 4.087053298950195 2.8133034706115723 3.0433454513549805 1.9829468727111816 3.3026864528656006
150 4.657219886779785 4.43165397644043 2.8937599658966064 3.1294453144073486 1.9474623203277588 3.4156200885772705
151 4.111042022705078 3.8395895957946777 2.8438711166381836 3.110865592956543 1.749099612236023 3.3482589721679688
152 3.9381747245788574 3.5818610191345215 2.9021809101104736 2.885702133178711 1.9783461093902588 2.9731175899505615
153 4.6131415367126465 4.339469909667969 2.7134716510772705 3.0024192333221436 1.9477472305297852 3.100125312805176
154 3.9288079738616943 3.542924404144287 2.8133275508880615 2.8509960174560547 1.9160637855529785 2.847933769226074
155 4.7762675285339355 4.574209690093994 3.0189881324768066 3.1018011569976807 1.9728662967681885 3.3666810989379883
156 3.9116199016571045 3.5032379627227783 2.7299280166625977 3.2121386528015137 1.6560137271881104 3.2178115844726563
157 3.914177656173706 3.527271032333374 2.5388996601104736 3.262584686279297 1.6675736904144287 3.284278631210327
158 3.998926877975464 3.673264503479004 2.846799612045288 3.0599803924560547 1.6377642154693604 3.0171725749969482
159 4.247192859649658 3.944809675216675 3.278326988220215 2.898277997970581 1.9371365308761597 2.9686005115509033
160 3.682584285736084 3.2811803817749023 2.8452978134155273 2.930607557296753 1.6312469244003296 3.0369279384613037
161 3.7428183555603027 3.3789243698120117 2.993032693862915 2.7665252685546875 1.906224250793457 2.8133184909820557
162 3.902052879333496 3.595494270324707 2.888784646987915 3.211094379425049 2.0156030654907227 3.5235323905944824
163 3.8100943565368652 3.415229558944702 3.0533645153045654 2.7366387844085693 2.0041496753692627 2.869258403778076
164 3.7437002658843994 3.4164540767669678 3.3417980670928955 2.8245561122894287 2.0794413089752197 2.7589292526245117
165 4.350352764129639 4.196402072906494 3.1236352920532227 3.1773338317871094 1.6480140686035156 3.3461108207702637
166 3.795194387435913 3.482008218765259 3.1296470165252686 2.986483097076416 1.8542619943618774 3.075155735015869
167 4.663876056671143 4.450319766998291 3.338740587234497 3.1443915367126465 2.397583246231079 3.1966283321380615
168 3.889615058898926 3.556720733642578 3.3216562271118164 3.033944606781006 2.256610155105591 3.1482906341552734
169 3.7482147216796875 3.394136428833008 3.071347236633301 2.957451820373535 1.916083574295044 2.9589717388153076
170 3.8590943813323975 3.524563789367676 3.3139736652374268 2.973828077316284 2.2567286491394043 2.9957268238067627
171 3.6941723823547363 3.28364634513855 3.153186082839966 2.844348192214966 2.171644687652588 2.838503360748291
172 3.7027668952941895 3.3174147605895996 3.291354179382324 3.0267767906188965 1.987973928451538 3.199892044067383
173 3.654099464416504 3.2623157501220703 3.290208578109741 2.9191291332244873 2.1331751346588135 3.0633161067962646
174 3.6882340908050537 3.345716714859009 3.145228862762451 3.0279693603515625 1.8088908195495605 3.2956645488739014
175 4.045346260070801 3.727285146713257 3.1562869548797607 2.921633243560791 1.896276831626892 3.068117618560791
176 3.725022315979004 3.3537580966949463 3.0708367824554443 2.7143585681915283 1.8637794256210327 2.6322147846221924
177 3.4960250854492188 2.926114082336426 2.926799774169922 2.7060163021087646 2.0434327125549316 2.6319475173950195
178 3.7009801864624023 3.218665599822998 2.816336154937744 2.9409382343292236 1.8466194868087769 2.952089786529541
179 3.5695810317993164 3.0147337913513184 2.9044530391693115 2.7303102016448975 2.0214455127716064 2.7322447299957275
180 3.664400339126587 3.175826072692871 2.891619920730591 2.7741708755493164 1.8755744695663452 2.8474762439727783
181 3.536058187484741 3.083277463912964 2.949038505554199 2.8357186317443848 1.8524284362792969 3.0166659355163574
182 3.603261709213257 3.157353162765503 3.139923572540283 2.6977596282958984 2.2904648780822754 2.7146573066711426
183 3.625112771987915 3.108311176300049 3.1865339279174805 2.6528539657592773 2.136537551879883 2.4942643642425537
184 3.5756094455718994 3.1579651832580566 2.802953004837036 2.88287353515625 1.8064358234405518 2.889392137527466
185 3.431746244430542 3.0067381858825684 2.815207004547119 3.0225226879119873 1.873824119567871 2.872860908508301
186 3.4067068099975586 2.9893853664398193 2.9114067554473877 2.7625255584716797 1.9403520822525024 2.76935076713562
187 3.3505239486694336 2.7711055278778076 2.8020057678222656 2.54986834526062 1.760930061340332 2.315040349960327
188 3.425196409225464 2.86899995803833 2.8115625381469727 2.7710790634155273 1.8546335697174072 2.276595115661621
189 3.199860095977783 2.745851993560791 2.6161210536956787 2.673532247543335 1.7121211290359497 2.5983760356903076
190 3.381510019302368 2.9814071655273438 2.891730785369873 2.7850818634033203 1.899330735206604 2.6734650135040283
191 3.732875347137451 3.3694117069244385 2.995702028274536 3.0891764163970947 2.2851805686950684 3.2834174633026123
192 3.5530362129211426 3.108384847640991 2.9168038368225098 2.8166730403900146 1.9289745092391968 2.7859737873077393
193 3.5553553104400635 3.186636209487915 3.1435279846191406 2.9494330883026123 2.215261459350586 2.7262425422668457
194 3.6145198345184326 3.2239973545074463 2.9349589347839355 3.1808838844299316 1.8651758432388306 2.9350147247314453
195 4.186094284057617 3.837148666381836 3.225940465927124 2.826732873916626 2.2145516872406006 2.713268518447876
196 4.3718767166137695 4.03186559677124 2.9571125507354736 2.744832754135132 1.7859165668487549 2.6919140815734863
197 3.9899094104766846 3.555417537689209 2.926499366760254 2.925882339477539 1.8307576179504395 2.409703254699707
198 3.860926866531372 3.4371869564056396 2.8635432720184326 2.525643825531006 1.8052408695220947 2.320352792739868
199 3.8829612731933594 3.4764950275421143 3.076458215713501 2.8883590698242188 2.0712428092956543 2.0535073280334473
200 4.071455001831055 3.6834893226623535 2.9509220123291016 2.5135576725006104 2.1067593097686768 2.295672655105591
201 4.533236026763916 4.255771636962891 3.2502329349517822 2.7020111083984375 2.284284830093384 2.5409162044525146
202 3.5430471897125244 3.0665555000305176 2.862107276916504 2.644660711288452 1.912943720817566 2.3046460151672363
203 3.6594860553741455 3.2562787532806396 2.9134089946746826 2.8757362365722656 2.0231239795684814 1.9097923040390015
204 3.7441587448120117 3.306675672531128 2.7108449935913086 2.6869096755981445 2.145807981491089 2.1775567531585693
205 3.7758562564849854 3.3427326679229736 3.3592653274536133 2.7163336277008057 2.407102584838867 2.032773494720459
206 3.3736965656280518 2.813652753829956 2.7434165477752686 2.414059638977051 2.248859405517578 1.7970266342163086
207 3.572272300720215 3.100559711456299 2.860680341720581 2.6865859031677246 2.1294233798980713 2.136427164077759
208 3.733139753341675 3.2549917697906494 3.009361505508423 2.752060651779175 2.1762633323669434 2.3608224391937256
209 3.5393688678741455 3.0386266708374023 2.802269697189331 2.870798110961914 2.3068294525146484 2.1651763916015625
210 3.8719019889831543 3.494025468826294 2.9390993118286133 2.9331178665161133 1.9888731241226196 2.387253522872925
211 3.8493707180023193 3.430840253829956 2.959425926208496 2.6538400650024414 1.9098623991012573 2.349461555480957
212 3.914248466491699 3.5679571628570557 3.07114315032959 2.517263889312744 2.090512990951538 2.1620848178863525
213 3.545734167098999 3.1178247928619385 3.0774736404418945 2.644690990447998 2.096341848373413 2.2620413303375244
214 4.43876838684082 4.142895698547363 3.131493091583252 2.6168673038482666 2.1200594902038574 2.367849111557007
215 3.630688428878784 3.1988189220428467 3.0381085872650146 2.327561378479004 2.250253915786743 1.9737995862960815
216 4.293651580810547 4.0397844314575195 2.887803554534912 2.4890644550323486 2.019014358520508 2.6629292964935303
217 4.2948808670043945 3.936715602874756 2.924433708190918 2.3055906295776367 2.6054177284240723 2.0911786556243896
218 3.9326987266540527 3.582749843597412 3.278376340866089 2.258613348007202 2.3272790908813477 1.970807433128357
219 3.9637513160705566 3.643672227859497 3.299231767654419 2.335175037384033 2.1713032722473145 2.1041369438171387
220 4.165203094482422 3.85847544670105 3.020843744277954 2.4192605018615723 1.9281169176101685 2.56671142578125
221 3.990471363067627 3.675372362136841 2.8423309326171875 2.574028730392456 1.8580617904663086 2.608396053314209
222 3.6721973419189453 3.2319228649139404 2.9946370124816895 2.4754040241241455 2.1756606101989746 2.589315891265869
223 4.080926418304443 3.68684720993042 3.09262752532959 2.833768606185913 2.4449572563171387 2.881831407546997
224 4.19346809387207 3.84151029586792 2.930471181869507 3.0809853076934814 2.197611093521118 3.1627235412597656
225 4.114894866943359 3.779233932495117 3.1806581020355225 3.3207218647003174 2.330376625061035 3.516897678375244
226 4.1109161376953125 3.7761101722717285 2.6721227169036865 3.0606486797332764 2.0639944076538086 3.142601728439331
227 4.133676052093506 3.823866128921509 2.975465774536133 2.7247657775878906 2.1096396446228027 2.8620455265045166
228 4.4423441886901855 4.082266330718994 2.9410526752471924 2.5331623554229736 2.3535313606262207 2.6109602451324463
229 3.8495092391967773 3.4210829734802246 2.939997434616089 2.5624921321868896 2.032409191131592 2.617466449737549
230 4.408219337463379 4.115446090698242 3.204561710357666 3.042673110961914 2.25423002243042 2.9568042755126953
231 4.220780372619629 3.8584859371185303 3.333756446838379 2.6837573051452637 2.0881597995758057 2.663468360900879
232 4.087215900421143 3.7143747806549072 3.3115551471710205 2.789144515991211 1.9439351558685303 2.9157371520996094
233 4.231658935546875 3.8689825534820557 3.483264446258545 2.634092092514038 2.3219802379608154 2.4627349376678467
234 3.8622443675994873 3.5116851329803467 3.486832618713379 2.8624022006988525 2.050236225128174 2.9975569248199463
235 4.026524543762207 3.716308832168579 3.3975675106048584 2.9160196781158447 1.9729602336883545 3.325925827026367
236 5.031167030334473 4.853291988372803 3.157587766647339 3.397533655166626 1.9561024904251099 3.959070920944214
237 4.49300479888916 4.2098164558410645 3.0299062728881836 3.0521655082702637 1.9399157762527466 3.1193125247955322
238 4.20269775390625 3.8941400051116943 3.0307633876800537 3.024432897567749 1.942093849182129 3.466440200805664
239 4.736387729644775 4.527299880981445 3.269151210784912 2.86494517326355 2.1519381999969482 3.3174283504486084
240 4.769467830657959 4.597383975982666 3.4027862548828125 2.874906539916992 2.0239109992980957 3.3260085582733154
241 4.626323223114014 4.458621025085449 3.225327491760254 3.427175760269165 1.9951461553573608 3.7746245861053467
242 5.230170249938965 5.109627723693848 3.2548255920410156 2.86953067779541 2.0043129920959473 3.302558660507202
243 4.867130756378174 4.71277379989624 3.375715494155884 2.7680864334106445 1.9613852500915527 3.184272289276123
244 4.201023101806641 3.940068244934082 3.5293352603912354 3.043942928314209 2.117522954940796 3.2050633430480957
245 4.4280595779418945 4.2028985023498535 3.1794674396514893 3.1009011268615723 2.1640162467956543 2.9440393447875977
246 4.449975967407227 4.2428765296936035 3.369847536087036 3.264498472213745 1.992826223373413 3.4471912384033203
247 5.073338508605957 4.983410358428955 3.1255557537078857 3.545644760131836 1.7043757438659668 3.576529026031494
248 4.55580472946167 4.404110431671143 3.5310001373291016 3.5258679389953613 2.0417850017547607 3.182969331741333
249 4.103933811187744 3.9256739616394043 3.272340774536133 3.4037163257598877 2.2160451412200928 3.134894847869873
250 3.73606014251709 3.32554292678833 3.1305007934570313 2.7123918533325195 2.381930112838745 2.306845188140869
251 4.220430850982666 3.947471857070923 3.18261981010437 2.967562198638916 2.199738025665283 3.008589267730713
252 4.017858028411865 3.756314754486084 3.272782325744629 2.7022974491119385 2.018136501312256 2.3694233894348145
253 4.130670070648193 3.8056254386901855 3.211688995361328 2.68707537651062 2.275494337081909 2.7648086547851563
254 4.00365686416626 3.6940600872039795 3.181438684463501 2.656463146209717 1.9003057479858398 2.251288890838623
255 3.991105079650879 3.630833387374878 3.5146982669830322 3.0384814739227295 2.4802284240722656 3.171475887298584
256 3.625897169113159 3.140652894973755 3.041766405105591 2.8278605937957764 2.1212618350982666 2.66340708732605
257 3.913107395172119 3.497965097427368 3.150799036026001 2.8411707878112793 1.907718539237976 2.8772871494293213
258 3.8420984745025635 3.4393885135650635 3.0077767372131348 2.9874250888824463 1.8772823810577393 2.810256242752075
259 3.9611926078796387 3.6146116256713867 3.1055009365081787 3.2259838581085205 2.066382646560669 3.2433483600616455
260 3.8460707664489746 3.458650588989258 3.0675740242004395 3.2310616970062256 2.098550319671631 3.4394006729125977
261 4.306010723114014 4.05476713180542 3.0280494689941406 3.485400438308716 2.2433698177337646 3.9788053035736084
262 4.0079264640808105 3.6419320106506348 3.1144261360168457 2.951608896255493 2.158592939376831 3.296771287918091
263 4.2149977684021 3.9066998958587646 3.170875072479248 3.072310447692871 2.1288819313049316 3.2261972427368164
264 4.699039936065674 4.472203254699707 3.576754331588745 3.1179444789886475 2.45550799369812 3.3833560943603516
265 4.386551380157471 4.133867263793945 3.795267105102539 3.2282848358154297 2.6946651935577393 3.567668914794922
266 4.472270488739014 4.192787170410156 3.4086530208587646 3.5169131755828857 2.3329148292541504 3.7651193141937256
267 4.514107704162598 4.239572525024414 3.8214855194091797 3.5383810997009277 2.7864747047424316 3.53694224357605
268 4.3738627433776855 4.120159149169922 3.6653308868408203 3.022592306137085 2.562295913696289 3.5030176639556885
269 4.117180347442627 3.835763692855835 3.3071444034576416 3.112802505493164 2.1195271015167236 3.606606960296631
270 4.2895307540893555 4.033543109893799 3.3403613567352295 3.445782423019409 2.2505462169647217 3.9878363609313965
271 4.270832538604736 3.9497551918029785 3.4485409259796143 3.3169748783111572 2.370037078857422 3.762782335281372
272 4.306325912475586 4.0139970779418945 3.5765483379364014 3.0273489952087402 2.5601909160614014 3.392134189605713
273 4.231311798095703 3.9082374572753906 3.620431661605835 3.024932861328125 2.5550873279571533 3.3380625247955322
274 4.505581378936768 4.258272647857666 3.5892603397369385 3.2266976833343506 2.4044785499572754 3.5918526649475098
275 4.001838684082031 3.6787891387939453 3.5209298133850098 2.8292911052703857 2.1558992862701416 2.606621503829956
276 3.8991708755493164 3.514143943786621 3.480653762817383 2.5469956398010254 2.2561073303222656 2.2539806365966797
277 4.468442440032959 4.193634510040283 3.3629133701324463 2.881312131881714 2.258042573928833 3.073564052581787
278 4.056572914123535 3.7075698375701904 3.293581962585449 2.818220376968384 2.2935903072357178 2.748241901397705
279 4.23143196105957 3.8955371379852295 3.8771896362304688 2.9359965324401855 2.629896640777588 2.972736358642578
280 4.250951766967773 3.9566752910614014 3.769279956817627 3.009303092956543 2.3543176651000977 2.7994565963745117
281 4.120550632476807 3.8222615718841553 3.7430951595306396 2.739893913269043 2.2703640460968018 3.086549997329712
282 4.641483306884766 4.403900146484375 3.905890703201294 3.085786819458008 2.5960893630981445 3.339277505874634
283 4.451862335205078 4.211231231689453 3.9143178462982178 3.3570616245269775 2.6101901531219482 3.6335527896881104
284 4.495546817779541 4.298120975494385 3.7269418239593506 3.246335029602051 2.534282684326172 3.5407044887542725
285 4.222263813018799 3.977839469909668 3.6590044498443604 3.16127610206604 2.3824124336242676 3.6066958904266357
286 4.242283821105957 3.940833330154419 3.6725571155548096 3.384002685546875 2.397947072982788 3.575930118560791
287 3.996215343475342 3.654305934906006 3.412687301635742 3.218386650085449 2.226501941680908 3.5131051540374756
288 4.2811503410339355 3.9956297874450684 3.462902307510376 3.3239128589630127 2.138192892074585 3.431318759918213
289 4.380612850189209 4.089409351348877 3.3183865547180176 3.3170251846313477 2.1651105880737305 3.223144292831421
290 3.990084171295166 3.6873533725738525 3.3711235523223877 3.416428327560425 2.328274965286255 2.405853748321533
291 4.114194869995117 3.788572072982788 3.1216752529144287 3.613002061843872 2.0402450561523438 2.2685256004333496
292 3.9172956943511963 3.5903518199920654 3.095968008041382 3.526862859725952 1.903225302696228 2.1744210720062256
293 4.23211669921875 3.9728200435638428 3.2928476333618164 3.4653825759887695 1.9818115234375 2.255767583847046
294 3.7458407878875732 3.351444959640503 2.852461576461792 2.9159154891967773 1.7516642808914185 2.471096992492676
295 4.022588729858398 3.6592509746551514 2.9280574321746826 3.274428367614746 2.0304720401763916 2.2556517124176025
296 4.191606044769287 3.8788352012634277 3.186018705368042 3.240290403366089 2.0959596633911133 2.210850954055786
297 4.05033016204834 3.746440887451172 3.555736780166626 3.101796865463257 2.081555128097534 2.0709164142608643
298 4.286983013153076 4.017232418060303 3.4799630641937256 3.148672342300415 2.2606472969055176 2.2090749740600586
299 4.446718215942383 4.201000690460205 3.687631607055664 2.9836502075195313 2.6110849380493164 2.2426533699035645
300 4.2816314697265625 4.030755996704102 3.3865883350372314 2.9898133277893066 1.9711312055587769 2.721575975418091
301 3.9199612140655518 3.5864992141723633 3.3514010906219482 2.8556156158447266 1.7953904867172241 2.4461653232574463
302 4.22833776473999 3.8781557083129883 2.8340840339660645 3.457101821899414 1.8865039348602295 3.103915214538574
303 3.717412233352661 3.3225185871124268 2.9310684204101563 2.9388065338134766 1.8910373449325562 2.8017826080322266
304 3.665524959564209 3.1697614192962646 3.0286483764648438 2.746323347091675 2.4215056896209717 1.9370813369750977
305 3.7209486961364746 3.2935829162597656 3.040165424346924 3.0303537845611572 2.374783754348755 2.0744385719299316
306 3.672370672225952 3.234809398651123 2.3859598636627197 3.2634551525115967 1.8305304050445557 3.2168843746185303
307 3.9865517616271973 3.532829523086548 2.5887303352355957 2.8789479732513428 1.9892246723175049 3.09236216545105
308 3.8768458366394043 3.483614444732666 2.996654510498047 3.011535167694092 2.3011860847473145 3.054464817047119
309 4.3617472648620605 4.080427646636963 2.6834139823913574 3.2336266040802 2.1728575229644775 3.2391412258148193
310 3.765352249145508 3.3408777713775635 2.624978542327881 2.7700700759887695 1.838240623474121 2.693047285079956
311 3.786851167678833 3.4025251865386963 2.971436023712158 3.0943756103515625 2.0831446647644043 3.1003384590148926
312 3.793826103210449 3.406651735305786 3.248269557952881 2.7126755714416504 2.2883996963500977 2.650365114212036
313 4.026971340179443 3.6040523052215576 3.1665124893188477 2.60558819770813 2.253131151199341 2.670421838760376
314 3.632438898086548 3.0916857719421387 3.0861966609954834 2.540095567703247 2.0999605655670166 1.991154432296753
315 3.9027957916259766 3.480088472366333 2.9396910667419434 3.0042498111724854 2.1292102336883545 2.5771076679229736
316 3.7765088081359863 3.332105875015259 2.711395263671875 3.00596284866333 1.950741171836853 3.2020323276519775
317 3.7585651874542236 3.338207483291626 2.791203737258911 2.7015380859375 1.9894851446151733 2.8266992568969727
318 3.530343770980835 2.987347364425659 2.860713005065918 2.2757153511047363 2.144556999206543 2.054105281829834
319 3.696202278137207 3.1884689331054688 2.7938082218170166 2.645185708999634 2.1903300285339355 2.474353313446045
320 3.8542678356170654 3.4000608921051025 2.9621901512145996 2.831195592880249 1.9965968132019043 3.0015387535095215
321 3.9237639904022217 3.470221757888794 2.792078733444214 2.873914957046509 1.872496485710144 3.16269588470459
322 4.003753662109375 3.605255603790283 3.087655544281006 3.0323233604431152 2.3270769119262695 3.412470579147339
323 4.227258205413818 3.924886703491211 2.897531270980835 3.7054474353790283 2.1934080123901367 3.742626905441284
324 4.17559289932251 3.8828928470611572 2.744652032852173 3.243476629257202 1.973887324333191 3.595224142074585
325 4.095792293548584 3.6474649906158447 3.0366766452789307 3.2369561195373535 2.302582025527954 3.4871973991394043
326 3.990493059158325 3.5735418796539307 2.867462158203125 3.0644919872283936 1.9371280670166016 3.410249710083008
327 3.7211058139801025 3.231109619140625 2.699291944503784 3.044252872467041 1.8624786138534546 3.2463388442993164
328 3.7992446422576904 3.3850669860839844 2.778090000152588 3.265957832336426 1.8802567720413208 3.1707143783569336
329 3.772901773452759 3.3128767013549805 2.6722218990325928 3.1518802642822266 2.1258251667022705 3.121215581893921
330 3.7723262310028076 3.2710516452789307 2.9192090034484863 3.170714855194092 2.267521381378174 3.1461195945739746
331 3.7660224437713623 3.2646617889404297 2.7966997623443604 3.1516213417053223 1.9601571559906006 3.2196943759918213
332 3.7083113193511963 3.252013683319092 2.6879613399505615 3.3779349327087402 2.0374221801757813 3.0214247703552246
333 3.759462833404541 3.282118320465088 2.7577195167541504 3.0707015991210938 1.9114922285079956 2.835268974304199
334 4.067091941833496 3.6938998699188232 2.8049163818359375 3.4345381259918213 2.0994889736175537 3.3557116985321045
335 4.3372416496276855 4.044166564941406 2.769444227218628 3.7441487312316895 2.084061622619629 3.878685235977173
336 3.8190064430236816 3.464306592941284 2.5087943077087402 3.4027466773986816 1.7546510696411133 2.9828922748565674
337 3.903367519378662 3.5506224632263184 2.719470739364624 3.181267499923706 1.8563885688781738 3.478741407394409
338 4.350508213043213 4.051493167877197 2.6284615993499756 3.485990524291992 1.8725019693374634 3.7197582721710205
339 3.900408983230591 3.5188987255096436 2.5414373874664307 3.271494150161743 1.8543522357940674 3.3435122966766357
340 3.85184907913208 3.4729526042938232 2.591176748275757 3.5593981742858887 1.7429521083831787 3.2487800121307373
341 4.336453914642334 4.053380489349365 2.6502299308776855 3.7585129737854004 1.7753580808639526 3.292741298675537
342 4.245266914367676 3.9748551845550537 2.665092945098877 3.9721126556396484 1.901389479637146 3.6688265800476074
343 3.8704607486724854 3.508910894393921 2.775753974914551 3.483031988143921 1.96065092086792 3.4178576469421387
344 3.8929004669189453 3.370718479156494 2.6535611152648926 3.1129939556121826 1.8515267372131348 2.292318820953369
345 4.210022449493408 3.8446950912475586 3.0534167289733887 3.7694530487060547 2.06477689743042 2.6022257804870605
346 4.475301742553711 4.1239914894104 2.90354585647583 3.593904972076416 1.9786489009857178 2.6680023670196533
347 4.034388542175293 3.6293153762817383 2.7775535583496094 3.585282802581787 1.9231480360031128 2.079864501953125
348 3.909101963043213 3.4449656009674072 2.7010538578033447 3.357496976852417 1.8302586078643799 2.096652030944824
349 3.9479150772094727 3.4624695777893066 2.7336363792419434 3.5838024616241455 1.947486162185669 2.290853500366211
350 4.088230133056641 3.7103166580200195 2.764697313308716 3.4682633876800537 1.8351948261260986 2.3217170238494873
351 3.80881667137146 3.3621504306793213 2.6456727981567383 3.2883684635162354 1.7462934255599976 2.4478440284729004
352 4.338772296905518 4.031747341156006 3.2446248531341553 3.489345073699951 2.354724168777466 2.858039379119873
353 4.188172340393066 3.8638916015625 2.8769803047180176 3.5264081954956055 1.8936406373977661 2.3805723190307617
354 3.5049915313720703 2.9763567447662354 2.55061411857605 2.984675168991089 1.9349405765533447 2.1448311805725098
355 4.1812615394592285 3.800082206726074 2.764827013015747 3.5882532596588135 1.8557027578353882 3.23763370513916
356 3.7836709022521973 3.350287675857544 2.785288095474243 3.1148629188537598 2.0272979736328125 2.57265567779541
357 3.6528329849243164 3.154439687728882 2.798750638961792 3.1172549724578857 2.0619120597839355 2.9132955074310303
358 3.5091395378112793 2.9969494342803955 2.7171595096588135 2.901451587677002 1.9429875612258911 2.7813429832458496
359 3.700162887573242 3.2208378314971924 2.6136322021484375 3.3297576904296875 1.9074348211288452 2.3009443283081055
360 3.714765787124634 3.351804733276367 3.038687229156494 3.1931567192077637 2.1702990531921387 2.239741563796997
361 3.5007362365722656 3.0003507137298584 2.5308611392974854 2.6599667072296143 1.7813667058944702 1.8824673891067505
362 3.6322872638702393 3.148087739944458 3.17834734916687 2.492426872253418 2.474337100982666 2.1598432064056396
363 3.742417097091675 3.267754554748535 2.8934600353240967 2.8392488956451416 2.308262825012207 2.4534425735473633
364 4.074601650238037 3.6715290546417236 2.971478223800659 3.2093124389648438 2.2785706520080566 2.6041975021362305
365 3.806168556213379 3.359036922454834 3.0236754417419434 2.8564372062683105 2.398622751235962 2.72019100189209
366 3.866060495376587 3.4045052528381348 2.97279691696167 3.0359585285186768 2.336139440536499 2.2724297046661377
367 3.6815922260284424 3.223334550857544 2.626829147338867 3.2181477546691895 1.9319403171539307 2.161327838897705
368 4.1253252029418945 3.7064173221588135 3.0053675174713135 3.4632046222686768 2.2181103229522705 2.4903404712677
369 3.8389978408813477 3.415315628051758 2.9955384731292725 3.4915919303894043 2.2232882976531982 2.1039750576019287
370 4.007973670959473 3.6485188007354736 2.8322620391845703 3.7400035858154297 2.0849506855010986 2.319298505783081
371 3.895078420639038 3.519361972808838 2.8457512855529785 3.682638168334961 2.230647563934326 2.226684093475342
372 3.872957944869995 3.5238077640533447 2.6988773345947266 3.796698808670044 1.8156275749206543 2.148766040802002
373 3.5035476684570313 3.018162250518799 2.6653990745544434 2.9712700843811035 1.7964938879013062 1.869881510734558
374 3.7419369220733643 3.259521722793579 2.8938634395599365 2.879328966140747 2.115144729614258 2.0321574211120605
375 3.8107495307922363 3.355041742324829 2.5746052265167236 3.4675471782684326 1.821083903312683 2.312218189239502
376 3.903432607650757 3.421090841293335 3.023655891418457 3.181674003601074 2.0406572818756104 2.0019938945770264
377 3.7054407596588135 3.165752410888672 2.6414904594421387 3.0859196186065674 1.6469602584838867 2.2131526470184326
378 3.7533953189849854 3.2114651203155518 2.5438857078552246 3.2924554347991943 1.6633830070495605 2.2845585346221924
379 4.058572292327881 3.691171646118164 2.9274914264678955 3.7746739387512207 1.9963048696517944 2.6647400856018066
380 3.8412699699401855 3.4489893913269043 2.8910765647888184 3.529843807220459 1.9904711246490479 2.338503837585449
381 3.9051575660705566 3.4188945293426514 2.8894221782684326 3.366399049758911 1.8738216161727905 2.112973928451538
382 3.8976728916168213 3.404370069503784 3.076064348220825 3.1777663230895996 2.1652135848999023 2.1169307231903076
383 3.9471020698547363 3.4700515270233154 3.1820013523101807 3.246570587158203 2.2312676906585693 2.105855941772461
384 3.8554203510284424 3.3473899364471436 2.845060110092163 3.076103925704956 1.966371774673462 2.1137633323669434
385 4.077210903167725 3.585129737854004 2.990166187286377 3.544365167617798 2.043001413345337 2.5954337120056152
386 3.8312759399414063 3.46962833404541 2.9204258918762207 3.5192294120788574 1.8272652626037598 2.0244059562683105
387 3.870697259902954 3.465578317642212 3.0077826976776123 3.288564682006836 2.1393237113952637 2.1587462425231934
388 3.7958719730377197 3.420754909515381 2.9622175693511963 3.3438236713409424 1.8875316381454468 1.9515576362609863
389 3.8788790702819824 3.457350492477417 2.8004672527313232 3.6521944999694824 1.8343490362167358 2.090785264968872
390 3.8570480346679688 3.4605472087860107 3.0755436420440674 3.372159957885742 2.0331149101257324 2.2923505306243896
391 4.050663471221924 3.669370651245117 2.9944584369659424 3.654214382171631 2.1548550128936768 2.4689676761627197
392 4.020361423492432 3.6937646865844727 3.078127861022949 3.577704429626465 2.3161261081695557 2.2419323921203613
393 3.739980459213257 3.4065301418304443 2.833211898803711 3.490396738052368 1.8156377077102661 1.9948879480361938
394 3.8377349376678467 3.464376211166382 3.0228538513183594 3.2481956481933594 2.137681245803833 1.8655362129211426
395 3.927018404006958 3.5497629642486572 3.147841691970825 3.2091705799102783 2.301492691040039 1.8226830959320068
396 3.7733044624328613 3.306847095489502 3.067999839782715 3.078129291534424 2.3061795234680176 2.0422310829162598
397 3.7759103775024414 3.380854368209839 3.0651774406433105 3.256389617919922 1.9613882303237915 1.8924230337142944
398 3.689500570297241 3.189063787460327 2.8493869304656982 3.0716941356658936 1.9584858417510986 2.148145914077759
399 3.951306104660034 3.571063756942749 3.1690304279327393 3.454097032546997 2.3970518112182617 1.8969887495040894
400 3.8864758014678955 3.443988800048828 2.9734115600585938 2.798323154449463 2.29825496673584 2.405440330505371
401 3.5352120399475098 2.947646141052246 2.6760361194610596 2.58384370803833 1.6880860328674316 2.3149795532226563
402 3.6369643211364746 3.1159942150115967 2.8565289974212646 2.8252792358398438 1.994701862335205 2.384265184402466
403 3.5463004112243652 2.987368583679199 2.7652530670166016 2.5595107078552246 1.819191336631775 2.265437126159668
404 3.780838966369629 3.25722599029541 2.80220103263855 2.770489454269409 1.8272689580917358 2.402216672897339
405 3.9494519233703613 3.4654734134674072 3.158951997756958 2.9375417232513428 2.206537961959839 2.571094512939453
406 4.149759769439697 3.745162010192871 3.0046510696411133 2.802014112472534 1.9831523895263672 2.516433000564575
407 3.8867340087890625 3.3846726417541504 2.860875129699707 2.780254364013672 1.8623483180999756 2.5626935958862305
408 4.080877780914307 3.594135046005249 3.0538105964660645 2.944906711578369 2.0875473022460938 2.482501983642578
409 4.377313613891602 3.9563655853271484 3.169127941131592 3.1400623321533203 2.2495455741882324 2.7613935470581055
410 3.9518983364105225 3.4317479133605957 3.0519094467163086 3.080449104309082 1.9183741807937622 2.615980625152588
411 3.8325843811035156 3.3446927070617676 3.085092067718506 2.8384764194488525 2.1954076290130615 2.5245161056518555
412 4.143293380737305 3.690556049346924 2.9095654487609863 3.1292152404785156 1.9672271013259888 2.573140859603882
413 3.669996738433838 3.0966193675994873 2.9441590309143066 2.9392001628875732 1.9873125553131104 2.5486605167388916
414 4.101984024047852 3.6748714447021484 3.008270502090454 3.0232672691345215 2.0971317291259766 2.556703567504883
415 4.114794731140137 3.6747777462005615 2.9269652366638184 3.1216325759887695 1.9036177396774292 2.6273679733276367
416 4.180080413818359 3.6647427082061768 3.146338701248169 2.9508423805236816 2.1879262924194336 2.520866632461548
417 3.8888728618621826 3.391340732574463 3.1871840953826904 2.7828915119171143 2.1198348999023438 2.5670664310455322
418 4.131283283233643 3.5841407775878906 3.1088414192199707 3.089020013809204 2.1147522926330566 2.786386251449585
419 4.184639930725098 3.6837754249572754 3.364438056945801 2.912888765335083 2.472294569015503 2.7880780696868896
420 3.861971616744995 3.328119993209839 3.247339963912964 2.784986734390259 2.200659990310669 2.419725179672241
421 39.05445861816406 39.09737777709961 3.1809139251708984 2.8989882469177246 2.15499210357666 2.507322311401367
