1 	 12.03341293334961
2 	 9.502198219299316
3 	 7.226016998291016
4 	 5.213827133178711
5 	 3.31573224067688
6 	 2.2670233249664307
7 	 1.79367196559906
8 	 1.4085527658462524
9 	 1.449254035949707
10 	 1.246395468711853
11 	 1.0487552881240845
12 	 1.2942572832107544
13 	 1.438539743423462
14 	 1.412365198135376
15 	 1.4469577074050903
16 	 1.6941208839416504
17 	 1.5880972146987915
18 	 1.4910733699798584
19 	 1.223785638809204
20 	 1.387503743171692
21 	 1.5417197942733765
22 	 1.3084295988082886
23 	 1.2045003175735474
24 	 1.3059333562850952
25 	 1.4547089338302612
26 	 1.327499508857727
27 	 1.5863717794418335
28 	 1.7035642862319946
29 	 1.4177451133728027
30 	 1.4887197017669678
31 	 1.0924469232559204
32 	 1.02604341506958
33 	 0.9400445818901062
34 	 1.0788387060165405
35 	 1.1739964485168457
36 	 1.0412260293960571
37 	 0.9578048586845398
38 	 1.0749002695083618
39 	 1.1545871496200562
40 	 1.1072534322738647
41 	 0.9229352474212646
42 	 0.9145315289497375
43 	 1.0150525569915771
44 	 1.003253698348999
45 	 0.8153862953186035
46 	 0.9463302493095398
47 	 1.0189040899276733
48 	 0.8921400308609009
49 	 0.8266379237174988
50 	 0.7379078269004822
51 	 0.9568744897842407
52 	 0.8747290968894958
53 	 0.9037166237831116
54 	 0.6942091584205627
55 	 0.712726891040802
56 	 0.7099317312240601
57 	 0.831764817237854
58 	 0.7905359268188477
59 	 0.6410686373710632
60 	 0.7642078399658203
61 	 1.0480599403381348
62 	 1.0408493280410767
63 	 1.0132471323013306
64 	 1.1661444902420044
65 	 1.4525532722473145
66 	 1.4386541843414307
67 	 1.5991677045822144
68 	 1.7477226257324219
69 	 2.6452324390411377
70 	 3.6178829669952393
71 	 3.890594959259033
72 	 2.806445598602295
73 	 3.6048007011413574
74 	 2.023927688598633
75 	 0.8536052703857422
76 	 0.8138840198516846
77 	 0.6551641821861267
78 	 0.60296630859375
79 	 0.5073331594467163
80 	 0.5613799095153809
81 	 0.5889205932617188
82 	 0.6635663509368896
83 	 0.6752594113349915
84 	 0.5309262275695801
85 	 0.5817976593971252
86 	 0.6988212466239929
87 	 0.6518489718437195
88 	 0.6054077744483948
89 	 0.646028995513916
90 	 0.7822848558425903
91 	 0.6927245259284973
92 	 0.6734516024589539
93 	 0.7391309142112732
94 	 1.0007890462875366
95 	 1.1618995666503906
96 	 1.021956205368042
97 	 1.2633402347564697
98 	 1.803923487663269
99 	 2.1186630725860596
100 	 2.2517993450164795
101 	 2.2736358642578125
102 	 1.374759554862976
103 	 1.7396018505096436
104 	 1.2676701545715332
105 	 1.390568733215332
106 	 1.8960298299789429
107 	 1.7187092304229736
108 	 1.283347487449646
109 	 0.8468513488769531
110 	 0.8954564929008484
111 	 0.7879400849342346
112 	 0.8006303906440735
113 	 0.82161945104599
114 	 0.913857102394104
115 	 1.0165634155273438
116 	 1.284244418144226
117 	 1.1155966520309448
118 	 0.9640980958938599
119 	 1.2656503915786743
120 	 2.386211395263672
121 	 3.473198175430298
122 	 2.71683669090271
123 	 1.7769347429275513
124 	 1.466402530670166
125 	 1.5651936531066895
126 	 1.444872260093689
127 	 1.5554434061050415
128 	 1.1757441759109497
129 	 0.990382969379425
130 	 0.9851539134979248
131 	 0.796707272529602
132 	 0.6435672044754028
133 	 0.5719449520111084
134 	 0.4937925934791565
135 	 0.528210461139679
136 	 0.5283612012863159
137 	 0.500843346118927
138 	 0.4441220462322235
139 	 0.4753621816635132
140 	 0.5689087510108948
141 	 0.6566206216812134
142 	 0.8739984035491943
143 	 0.6512358784675598
144 	 0.5737139582633972
145 	 0.5386123061180115
146 	 0.6472641229629517
147 	 0.7493025660514832
148 	 0.7305569648742676
149 	 0.6677194833755493
150 	 0.8755526542663574
151 	 0.9366790652275085
152 	 0.9187607765197754
153 	 0.7463459968566895
154 	 0.7153361439704895
155 	 0.8199109435081482
156 	 0.7939590215682983
157 	 0.6535624265670776
158 	 0.7087401747703552
159 	 0.8552953600883484
160 	 0.8238136172294617
161 	 0.7728786468505859
162 	 0.9041348695755005
163 	 1.1341784000396729
164 	 1.0488349199295044
165 	 0.9719954133033752
166 	 1.218079924583435
167 	 1.5338722467422485
168 	 1.5742981433868408
169 	 2.0102479457855225
170 	 2.3920674324035645
171 	 2.348911762237549
172 	 1.6217067241668701
173 	 1.2552241086959839
174 	 0.9028283357620239
175 	 0.8562856912612915
176 	 0.7108917236328125
177 	 0.7058446407318115
178 	 0.7933480739593506
179 	 0.9912039637565613
180 	 1.2173864841461182
181 	 1.1696281433105469
182 	 1.2612310647964478
183 	 1.652951717376709
184 	 1.87179696559906
185 	 1.9749099016189575
186 	 1.5351468324661255
187 	 1.354119062423706
188 	 1.704440712928772
189 	 1.5872485637664795
190 	 1.1471283435821533
191 	 1.388480305671692
192 	 1.6494419574737549
193 	 1.4090455770492554
194 	 1.2020140886306763
195 	 0.911952018737793
196 	 0.9507533311843872
197 	 1.0510268211364746
198 	 1.6086456775665283
199 	 1.5577596426010132
200 	 1.7937524318695068
201 	 2.460418224334717
202 	 2.6828527450561523
203 	 3.4207563400268555
204 	 3.6577773094177246
205 	 2.4198012351989746
206 	 2.4178831577301025
207 	 3.2829926013946533
208 	 2.704237461090088
209 	 1.7003910541534424
210 	 1.447519063949585
211 	 1.253212809562683
212 	 1.0842667818069458
213 	 1.1048038005828857
214 	 1.0569885969161987
215 	 1.0094643831253052
216 	 0.8954687118530273
217 	 0.7087817788124084
218 	 0.6384822726249695
219 	 0.6637811064720154
220 	 0.5982761383056641
221 	 0.6037883162498474
222 	 0.7471987009048462
223 	 0.9617018103599548
224 	 1.1563929319381714
225 	 1.2770880460739136
226 	 1.1947848796844482
227 	 1.3051958084106445
228 	 0.7467753887176514
229 	 0.6668382287025452
230 	 0.5395575165748596
231 	 0.5245165824890137
232 	 0.46796220541000366
233 	 0.5861013531684875
234 	 0.8113875389099121
235 	 0.6774151921272278
236 	 0.5466259717941284
237 	 0.4624663293361664
238 	 0.4301398992538452
239 	 0.5297856330871582
240 	 0.547775387763977
241 	 0.5178558230400085
242 	 0.5011470317840576
243 	 0.6124964356422424
244 	 0.8201175332069397
245 	 0.9677684903144836
246 	 1.1745511293411255
247 	 1.038827657699585
248 	 1.0380489826202393
249 	 0.7930672764778137
250 	 0.7864378094673157
251 	 0.7654388546943665
252 	 0.6101816892623901
253 	 0.5851117968559265
254 	 0.674784779548645
255 	 0.6445785760879517
256 	 0.5959459543228149
257 	 0.6686930656433105
258 	 0.7530416250228882
259 	 0.702008843421936
260 	 0.5773348808288574
261 	 0.709070086479187
262 	 0.7567036747932434
263 	 0.7129366993904114
264 	 0.742822527885437
265 	 0.9118133187294006
266 	 0.905579149723053
267 	 0.8656438589096069
268 	 1.0099226236343384
269 	 1.1824195384979248
270 	 1.184154987335205
271 	 1.0693522691726685
272 	 0.8206286430358887
273 	 0.7428474426269531
274 	 0.5832252502441406
275 	 0.580980658531189
276 	 0.6816575527191162
277 	 0.721712052822113
278 	 0.8981879353523254
279 	 0.855079174041748
280 	 0.7154780030250549
281 	 0.634172260761261
282 	 0.5359160900115967
283 	 0.48859578371047974
284 	 0.4850160479545593
285 	 0.5185427069664001
286 	 0.6673814654350281
287 	 0.7046021223068237
288 	 0.8270904421806335
289 	 0.7444751262664795
290 	 0.6561134457588196
291 	 0.6425162553787231
292 	 0.747951090335846
293 	 0.6646137833595276
294 	 0.5799175500869751
295 	 0.5522248148918152
296 	 0.5147439241409302
297 	 0.6418090462684631
298 	 0.6766538023948669
299 	 0.8692801594734192
300 	 0.9657726883888245
301 	 1.1360485553741455
302 	 1.2329957485198975
303 	 1.6962194442749023
304 	 1.512826681137085
305 	 1.3335446119308472
306 	 1.4475016593933105
307 	 1.6589829921722412
308 	 1.609735131263733
309 	 1.9283853769302368
310 	 1.8738852739334106
311 	 1.5425359010696411
312 	 1.5106662511825562
313 	 1.5301560163497925
314 	 1.3680710792541504
315 	 1.1487888097763062
316 	 1.198390245437622
317 	 1.2596389055252075
318 	 1.1227080821990967
319 	 0.9758909344673157
320 	 0.8051405549049377
321 	 0.9694138765335083
322 	 1.0167514085769653
323 	 1.2037931680679321
324 	 1.4496270418167114
325 	 1.5954926013946533
326 	 3.0570385456085205
327 	 5.268426418304443
328 	 7.07451868057251
329 	 8.181706428527832
330 	 7.9295430183410645
331 	 7.871951103210449
332 	 6.6392412185668945
333 	 5.480113983154297
334 	 3.757514476776123
335 	 1.9912045001983643
336 	 1.336318016052246
337 	 1.0793297290802002
338 	 0.9440516829490662
339 	 0.794030487537384
340 	 0.6474354863166809
341 	 0.5941910743713379
342 	 0.7573662996292114
343 	 0.7840242385864258
344 	 0.7766278982162476
345 	 0.718052864074707
346 	 0.8569508194923401
347 	 0.7091227769851685
348 	 0.631077229976654
349 	 0.561804473400116
350 	 0.6001868844032288
351 	 0.6549763083457947
352 	 0.6133161187171936
353 	 0.5565295219421387
354 	 0.6057994365692139
355 	 0.7339154481887817
356 	 0.694225013256073
357 	 0.6645314693450928
358 	 0.7568473815917969
359 	 0.868953287601471
360 	 0.9633282423019409
361 	 1.0143002271652222
362 	 1.0233430862426758
363 	 1.1181070804595947
364 	 1.296115517616272
365 	 1.3731085062026978
366 	 1.365028977394104
367 	 1.6040579080581665
368 	 1.836158037185669
369 	 1.8552272319793701
370 	 1.9617749452590942
371 	 2.3435819149017334
372 	 2.586432933807373
373 	 2.524960994720459
374 	 2.2584619522094727
375 	 2.109071731567383
376 	 1.9506570100784302
377 	 2.213517665863037
378 	 2.3250081539154053
379 	 1.837737798690796
380 	 1.7418748140335083
381 	 2.1050825119018555
382 	 3.1470606327056885
383 	 4.480519771575928
384 	 6.2184038162231445
