1 	 10.434063911437988
2 	 8.593685150146484
3 	 7.058236598968506
4 	 5.423330783843994
5 	 4.376802444458008
6 	 3.5678961277008057
7 	 2.9833340644836426
8 	 2.361191511154175
9 	 2.250981569290161
10 	 2.0997750759124756
11 	 2.0929150581359863
12 	 2.2257440090179443
13 	 2.001945734024048
14 	 1.5845561027526855
15 	 1.8195878267288208
16 	 1.8749136924743652
17 	 1.6476393938064575
18 	 1.5972610712051392
19 	 1.4898548126220703
20 	 1.4292149543762207
21 	 1.4690883159637451
22 	 1.3765157461166382
23 	 1.2780375480651855
24 	 1.3273518085479736
25 	 1.5491700172424316
26 	 1.4766736030578613
27 	 1.7874786853790283
28 	 1.9717413187026978
29 	 1.7955217361450195
30 	 1.7950618267059326
31 	 1.4674264192581177
32 	 1.2756915092468262
33 	 1.0126711130142212
34 	 1.173990249633789
35 	 1.2617429494857788
36 	 1.0689196586608887
37 	 1.0430725812911987
38 	 1.2221258878707886
39 	 1.3202810287475586
40 	 1.3943867683410645
41 	 1.1656973361968994
42 	 1.1417969465255737
43 	 1.3461037874221802
44 	 1.2756097316741943
45 	 1.0858341455459595
46 	 1.1905643939971924
47 	 1.2260267734527588
48 	 1.005739688873291
49 	 0.8337176442146301
50 	 0.7518454194068909
51 	 0.997249960899353
52 	 0.9521273970603943
53 	 0.8943957686424255
54 	 0.695334792137146
55 	 0.7725875377655029
56 	 0.8339051604270935
57 	 1.0303236246109009
58 	 0.9350583553314209
59 	 0.7304897308349609
60 	 0.931402862071991
61 	 1.2687373161315918
62 	 1.2966386079788208
63 	 1.1899751424789429
64 	 1.3071106672286987
65 	 1.6153432130813599
66 	 1.7061799764633179
67 	 2.0336153507232666
68 	 2.1137144565582275
69 	 2.811048746109009
70 	 3.4605517387390137
71 	 3.7325472831726074
72 	 3.1034481525421143
73 	 2.663595676422119
74 	 1.6737697124481201
75 	 1.0581008195877075
76 	 1.0098963975906372
77 	 0.841089129447937
78 	 0.733601450920105
79 	 0.6316098570823669
80 	 0.6850626468658447
81 	 0.7204807996749878
82 	 0.8242233991622925
83 	 0.7675840258598328
84 	 0.6115716099739075
85 	 0.6759006381034851
86 	 0.8112757205963135
87 	 0.7630199790000916
88 	 0.7366425395011902
89 	 0.7940565347671509
90 	 0.897132396697998
91 	 0.7767290472984314
92 	 0.766726553440094
93 	 0.8721526265144348
94 	 0.924651563167572
95 	 0.8719204664230347
96 	 0.9252325296401978
97 	 1.0725222826004028
98 	 1.1576956510543823
99 	 1.2280186414718628
100 	 1.3624591827392578
101 	 2.6233274936676025
102 	 3.3661813735961914
103 	 2.4502952098846436
104 	 2.279353618621826
105 	 2.7615795135498047
106 	 2.536628007888794
107 	 1.9812698364257813
108 	 1.2474147081375122
109 	 0.819668710231781
110 	 1.0618473291397095
111 	 0.9687210321426392
112 	 0.8772202730178833
113 	 0.8834843635559082
114 	 1.009816288948059
115 	 1.154638409614563
116 	 1.477401852607727
117 	 1.455919861793518
118 	 1.1097549200057983
119 	 1.536316990852356
120 	 2.224090576171875
121 	 3.264946460723877
122 	 3.343035936355591
123 	 3.1043574810028076
124 	 4.117518901824951
125 	 2.898498058319092
126 	 3.338324546813965
127 	 1.9764999151229858
128 	 0.9683664441108704
129 	 0.7740786075592041
130 	 0.872100830078125
131 	 0.7630004286766052
132 	 0.6735238432884216
133 	 0.6211802363395691
134 	 0.5718616843223572
135 	 0.5391396284103394
136 	 0.5685486793518066
137 	 0.6328270435333252
138 	 0.6218578219413757
139 	 0.6964520215988159
140 	 0.6976572275161743
141 	 0.7183615565299988
142 	 0.986592173576355
143 	 0.7038174867630005
144 	 0.6475399136543274
145 	 0.6709436774253845
146 	 0.8283363580703735
147 	 0.8958532810211182
148 	 0.7986896634101868
149 	 0.7563925385475159
150 	 0.8408511877059937
151 	 0.8647853136062622
152 	 0.8276546001434326
153 	 0.746981143951416
154 	 0.7933794260025024
155 	 0.8791386485099792
156 	 0.8404176831245422
157 	 0.7691925764083862
158 	 0.8682425618171692
159 	 0.9451507329940796
160 	 0.8962278366088867
161 	 0.9073657393455505
162 	 0.9478121399879456
163 	 0.9788337349891663
164 	 0.8884867429733276
165 	 0.7793684601783752
166 	 0.8791368007659912
167 	 0.9723387956619263
168 	 0.9042994379997253
169 	 1.078590750694275
170 	 1.1575291156768799
171 	 1.1155964136123657
172 	 0.8544707894325256
173 	 0.8253210186958313
174 	 0.7607672810554504
175 	 0.9163065552711487
176 	 0.7938441038131714
177 	 0.8660205602645874
178 	 0.8606051206588745
179 	 0.9830654859542847
180 	 1.2597813606262207
181 	 1.381209373474121
182 	 1.4508657455444336
183 	 2.058412551879883
184 	 2.542778730392456
185 	 2.944897413253784
186 	 2.21869158744812
187 	 1.7941139936447144
188 	 2.6498453617095947
189 	 2.568960428237915
190 	 1.5701829195022583
191 	 2.147091865539551
192 	 2.8787639141082764
193 	 2.224632978439331
194 	 1.6995731592178345
195 	 1.0535143613815308
196 	 1.2352368831634521
197 	 1.199407696723938
198 	 1.5500491857528687
199 	 1.6879469156265259
200 	 1.9880026578903198
201 	 2.66727352142334
202 	 2.474221706390381
203 	 2.6112382411956787
204 	 2.7781174182891846
205 	 2.206920862197876
206 	 2.0597708225250244
207 	 2.3943021297454834
208 	 2.1368696689605713
209 	 1.5669487714767456
210 	 1.6271288394927979
211 	 1.3634507656097412
212 	 1.2346402406692505
213 	 1.1512119770050049
214 	 1.1715315580368042
215 	 1.0941059589385986
216 	 0.9891645312309265
217 	 0.8902741074562073
218 	 0.814289927482605
219 	 0.8152825832366943
220 	 0.6917865872383118
221 	 0.6838836669921875
222 	 0.6750449538230896
223 	 0.7188893556594849
224 	 0.9740338325500488
225 	 1.2036411762237549
226 	 1.0162758827209473
227 	 0.8154211640357971
228 	 0.6000654697418213
229 	 0.6455596089363098
230 	 0.5694797039031982
231 	 0.6070472002029419
232 	 0.6601982116699219
233 	 0.8076063394546509
234 	 1.113244652748108
235 	 0.9848617911338806
236 	 0.9187674522399902
237 	 0.6456413269042969
238 	 0.6070083975791931
239 	 0.593107283115387
240 	 0.572945237159729
241 	 0.5715239644050598
242 	 0.5736100673675537
243 	 0.6980389952659607
244 	 0.9159728288650513
245 	 1.0356703996658325
246 	 0.9542496800422668
247 	 0.9492091536521912
248 	 1.3629889488220215
249 	 0.9327617287635803
250 	 0.9251353144645691
251 	 0.8860422968864441
252 	 0.6737849712371826
253 	 0.625112771987915
254 	 0.7391688227653503
255 	 0.7155769467353821
256 	 0.5912128686904907
257 	 0.6273813247680664
258 	 0.6780304908752441
259 	 0.6261765360832214
260 	 0.611814558506012
261 	 0.6898958086967468
262 	 0.7130026817321777
263 	 0.7062308192253113
264 	 0.7226295471191406
265 	 0.8306117057800293
266 	 0.8517210483551025
267 	 0.8665561079978943
268 	 0.9872058033943176
269 	 1.1840412616729736
270 	 1.2356772422790527
271 	 1.1774500608444214
272 	 0.9152715802192688
273 	 0.7926273345947266
274 	 0.6631245017051697
275 	 0.6954388618469238
276 	 0.7930100560188293
277 	 0.9070293307304382
278 	 0.9584736227989197
279 	 0.8998764157295227
280 	 0.7988429069519043
281 	 0.7024464011192322
282 	 0.7101572751998901
283 	 0.8185687065124512
284 	 0.8235733509063721
285 	 0.8303874731063843
286 	 0.8487469553947449
287 	 0.804965078830719
288 	 1.1967356204986572
289 	 0.9473292827606201
290 	 0.7610592246055603
291 	 0.6572850942611694
292 	 0.6188951134681702
293 	 0.6616255640983582
294 	 0.5817522406578064
295 	 0.5801200866699219
296 	 0.5514827370643616
297 	 0.7401273846626282
298 	 0.5968164205551147
299 	 0.7389942407608032
300 	 0.7632372379302979
301 	 0.9070693254470825
302 	 0.9767196178436279
303 	 1.3355001211166382
304 	 1.2012444734573364
305 	 1.0579439401626587
306 	 1.14994478225708
307 	 1.4920885562896729
308 	 1.4144586324691772
309 	 1.6340769529342651
310 	 1.6771334409713745
311 	 1.265141248703003
312 	 1.3146514892578125
313 	 1.3863190412521362
314 	 1.1903871297836304
315 	 0.9602014422416687
316 	 1.1362910270690918
317 	 1.2298731803894043
318 	 1.0555567741394043
319 	 0.9991095662117004
320 	 0.7827095985412598
321 	 0.8861614465713501
322 	 0.9840042591094971
323 	 1.2764931917190552
324 	 1.9353961944580078
325 	 2.3695807456970215
326 	 3.2002294063568115
327 	 4.756253242492676
328 	 5.491805076599121
329 	 6.216055870056152
330 	 6.007546424865723
331 	 6.294059753417969
332 	 6.206077575683594
333 	 4.771112442016602
334 	 3.006861925125122
335 	 1.670331358909607
336 	 1.1208291053771973
337 	 0.9091782569885254
338 	 0.8439330458641052
339 	 0.684823215007782
340 	 0.6068624258041382
341 	 0.6210290789604187
342 	 0.822969913482666
343 	 0.7892757654190063
344 	 0.7212399244308472
345 	 0.7412856221199036
346 	 0.8545399308204651
347 	 0.7312512993812561
348 	 0.6699385046958923
349 	 0.5742070078849792
350 	 0.6180394291877747
351 	 0.6816846132278442
352 	 0.6266852617263794
353 	 0.5989562273025513
354 	 0.6891905069351196
355 	 0.7516385912895203
356 	 0.696414589881897
357 	 0.7379473447799683
358 	 0.7826125025749207
359 	 0.7731274962425232
360 	 0.768792986869812
361 	 0.8452562689781189
362 	 0.8479601144790649
363 	 0.8044420480728149
364 	 0.8895849585533142
365 	 1.0019564628601074
366 	 1.0268107652664185
367 	 1.1498308181762695
368 	 1.3534512519836426
369 	 1.416614055633545
370 	 1.5426288843154907
371 	 1.8123674392700195
372 	 2.074039936065674
373 	 2.1330134868621826
374 	 1.8482211828231812
375 	 1.827545404434204
376 	 1.5423364639282227
377 	 2.0665347576141357
378 	 2.158809185028076
379 	 1.7035112380981445
380 	 1.9900838136672974
381 	 2.776078939437866
382 	 4.068384170532227
383 	 5.441349983215332
384 	 7.303181171417236
