0 2.851816195938902
1 4.537433440151585
2 4.536672606625642
3 3.366556243001682
4 5.208399024009735
5 4.621796334426868
6 4.372837402846218
7 4.6750071617391615
8 4.404474147818913
9 4.092112893140731
10 3.7736047831476593
11 3.6548462245506084
12 3.4462878756739594
13 3.662211549026254
14 3.993707886473129
15 4.333590133922049
16 3.388113066363907
17 3.354339702783053
18 2.923319122380839
19 3.5552067453866267
20 3.6882799280733
21 6.562454527730596
22 3.3852620144833296
23 3.458713193150639
24 4.419919437044911
25 4.315204293719512
26 4.502021473182546
27 4.153214550025186
28 4.019988226688067
29 3.4756012887109153
30 5.1771484326040556
31 4.1329516702304
32 4.379678196877256
33 3.462500109312546
34 3.0518986317163526
35 3.8854204183290704
36 3.4018533311797134
37 3.8848931914122886
38 3.149697476880025
39 4.258510166033491
40 6.794416418131146
41 5.81993870712468
42 6.303205149428768
43 4.319140782391388
44 5.612178017478729
45 3.4476837509601133
46 6.707673848416864
47 3.560999059640962
48 7.433847022365132
49 6.957456180361151
50 6.823202721030843
51 4.795552176622735
52 5.415857480118908
53 5.673499756069343
54 10.034083381901008
55 5.770033547354336
56 8.9928262116611
57 8.604995540815214
58 9.471226321450672
59 6.840657568215334
60 7.304646454393941
61 7.8950690198908235
62 8.49226330109771
63 8.132783436232936
64 8.234492238397172
65 4.936091586458494
66 7.5601788055630434
67 4.8539940547244464
68 9.455297059770377
69 7.120879485732125
70 5.950745179531313
71 9.028183645645035
72 9.256420943620629
73 9.113122688512517
74 6.746145238728915
75 9.75434756268644
76 9.888379995397555
77 6.350346347114174
78 9.937716708581133
79 6.537013157348405
80 9.404602521149409
81 15.999065223225518
82 16.099288846394607
83 13.60399020052316
84 9.347112818330457
85 8.97412505777528
86 11.053167560639762
87 11.540462308342263
88 11.146218539139397
89 13.997161313624
90 12.449713022319825
91 15.611859679946198
92 11.506970951715866
93 9.03087330892868
94 17.326262125477825
95 11.541684768160613
96 11.939456455018178
97 13.090988409301836
98 14.842924486592981
99 14.549688419963042
100 14.854942983587181
101 11.93417113931671
102 12.188943860047432
103 13.370507175949715
104 15.73033230544601
105 16.366896173918335
106 17.050153044780966
107 15.182783809153147
108 16.701619640402942
109 14.725297373418751
110 15.384617600512486
111 18.09843793424445
112 16.695381102952023
113 15.055060943466103
114 17.400101155461485
115 9.221147838474621
116 9.413752089204644
117 16.86653396458532
118 11.252456694070634
119 13.443461229713076
120 17.259104449992687
121 8.159178131989671
122 10.396946935925682
123 6.017358972239299
124 10.967468339981348
125 12.24833616687143
126 12.706352399058895
127 11.024221498491974
128 13.250921872035185
129 12.792373876746606
130 10.955897227888734
131 12.803924488087205
132 12.139357972590297
133 9.422500591197252
134 10.317195376514483
135 7.8784758694289785
136 10.319054963200196
137 11.759800014635339
138 9.694144633544022
139 9.670874087468277
140 8.198847186960503
141 8.215436840521907
142 9.192223360320675
143 9.306867983303576
144 12.71614150546731
145 12.104848535570076
146 11.208681972811991
147 12.858184342103314
148 13.277175771671011
149 10.321070684822443
150 10.776544514262827
151 9.794092550945285
152 11.012327675745867
153 10.197187116240146
154 13.290524854083097
155 11.023349323570354
156 10.70825296246149
157 11.358276274537934
158 12.335305482512107
159 10.932805560885345
160 12.484524426547098
161 10.030882686871623
162 9.377826804809194
163 5.935496050616541
164 5.744005074010744
165 5.826955582159563
166 7.182671708619262
167 3.6581157411332548
168 5.63650355534977
169 5.229242385755118
170 4.62941369712934
171 5.384391007442071
172 4.709117860194778
173 5.12691841674762
174 5.803942000263207
175 5.172241685294304
176 3.0816373726375037
177 6.905143121724411
178 4.902124193187906
179 5.544475234029055
180 3.8765722409896184
181 4.354928284889228
182 11.219187837367736
183 12.376950130217192
184 9.902529493700055
185 9.408726219627555
186 9.667719257617339
187 8.522755643974085
188 8.845054040257983
189 8.830733070866598
190 9.820559221295555
191 7.879647586905217
192 8.796681031333888
193 7.423557063046312
194 7.221253764322421
195 9.253626680281046
196 9.751482154481437
197 11.325098664968532
198 8.245228979621288
199 8.368303293360668
200 9.36987025319375
201 8.175090091761344
202 8.189405845638166
203 7.802983731473176
204 8.827763530249387
205 8.080254548500697
206 7.628000830221656
207 8.8030609065558
208 8.509788395219145
209 6.271864998232603
210 8.07675564673689
211 9.819928821132876
212 8.704132370776504
213 9.585766355978098
214 7.0543395400327045
215 8.61382089660702
216 8.714963115914282
217 4.8032689942904865
218 8.12330537704703
219 11.451239520627889
220 7.988109035065019
221 4.780889180006071
222 6.3450756395726495
223 9.821367662296224
224 6.346120756833443
225 6.600249753354051
226 6.946118333159474
227 6.383540047440062
228 8.413571485031676
229 7.167761392615719
230 12.628875602898132
231 9.723346988851414
232 6.188833465796002
233 3.6090594518506807
234 7.989583326104099
235 10.360794909167414
236 3.148238841146485
237 5.1678200239559615
238 3.429356617380467
239 3.7601584652634457
240 4.704724385643435
241 3.5819497258356496
242 3.39696546334604
243 4.103410814104566
244 4.312042606304088
245 3.5775004503047416
246 4.909611174296246
247 5.556427506500157
248 5.392346487249417
249 5.527405007505594
250 4.811195265432176
251 8.104061611989584
252 4.11301445368836
253 3.8259253709192835
254 3.3269065659761035
255 7.953714908123833
256 4.842861648654374
257 3.4191523231528946
258 5.635503935173285
259 4.614865869062303
260 4.108464993873702
261 4.800398007080849
262 4.477645669183589
263 5.90092039929474
264 4.113854098446769
265 3.3144551462767358
266 6.027287925825823
267 3.303950806589538
268 3.7942727322587753
269 3.873408863725151
270 7.4283082069110895
271 5.257383976087388
272 7.600901184069604
273 4.223184629903314
274 4.534356994321833
275 4.034676938824999
276 7.645579034714977
277 6.134444862337116
278 5.185338108833381
279 5.430954845344461
280 11.251266927588823
281 4.117899593670756
282 6.610324090211063
283 3.650342658304536
284 4.465715863607907
285 4.051727398450303
286 4.5614366899071035
287 3.0421191543089905
288 5.432550121737992
289 3.8948691815581933
290 3.251617086395607
291 6.420256532634633
292 3.5191651552565624
293 2.853786723660828
294 5.996355930360424
295 3.107362652844748
296 2.9794280271611275
297 3.1807077425098544
298 2.9629383368066846
299 3.169431831783366
300 9.040203613643834
301 4.445975099262969
302 4.748915427559362
303 3.543980088956495
304 3.033545398577331
305 2.946474688251031
306 5.751922464355815
307 7.286485129296881
308 4.302011004094852
309 6.484876037839398
310 2.933409790640114
311 8.406476830466952
312 9.740126576105064
313 6.0154719915601405
314 3.8556311052500614
315 4.657276924490322
316 4.086786036200848
317 4.791960080931149
318 4.674698310150973
319 5.095340534523784
320 6.664234484589278
321 10.073183961281687
322 3.3871863659891623
323 8.321623457852027
324 4.447072942924056
325 7.54157530997527
326 7.847723023466836
327 3.3781052075539724
328 4.312182093460879
329 7.634487185046019
330 3.3531217148315537
331 3.1007710915568536
332 5.6617552232295445
333 4.4515734052169105
334 5.313025751873558
335 4.8823738655745785
336 7.053555951426167
337 6.11496996792669
338 4.600030438622392
339 4.967239406025634
340 4.325450177983926
341 8.713932855310901
342 6.42590092566175
343 3.4389735038596467
344 5.9249226435409685
345 5.43000005360721
346 7.928796485392563
347 6.5105856913477735
348 6.540037108430445
349 4.8873417613920696
350 7.477881405169056
351 4.613047903766898
352 5.788685408223117
353 6.198232984911923
354 7.585409425638795
355 4.970585333822232
356 5.1220888961724045
357 4.096936962498543
358 5.259933566793654
359 4.077009009107729
360 3.6475049444179644
361 4.386305917836258
362 7.083202693647868
363 5.066631246661525
364 3.6600288407565675
365 9.18465368685025
366 4.185750215355415
367 3.2101557040437068
368 3.3378741620563863
369 3.3893660934328556
370 5.821286817078696
371 4.863629441848482
372 3.5048238530838685
373 4.591175759300658
374 3.8503254250309524
375 4.1363520446709945
376 7.806284636566098
377 9.199818892841076
378 4.115470210761042
379 8.357613596897073
380 8.657730567253555
381 3.861572771275392
382 3.8508993903702438
383 4.799031115546171
384 4.216833375901104
385 4.201024761666718
386 3.7663501753501567
387 3.168499105085216
388 3.6917336345193106
389 5.876938115796145
390 5.169198872373853
391 5.887901566122348
392 4.598067910830222
393 4.171164869315795
394 3.0054130934418644
395 4.984957672960169
396 3.5716392583654875
397 3.6025015884506897
398 4.093143471229718
399 4.4335645382698745
400 4.171929307753538
401 3.6941197435299276
402 3.780767833200227
403 4.408004203445878
404 4.50841793411903
405 5.578026510162072
406 6.057815550835698
407 5.854818252537971
408 4.3394534577568775
409 3.9938066567896846
410 4.72970146542356
411 4.328001705513856
412 8.146613752379482
413 6.466722227942853
414 4.248497375832021
415 4.002495852990005
416 4.293924334077366
417 3.7079171992676776
418 5.2315443878483725
419 8.153535617910304
420 5.93877026335105
421 175.20366877047724
