0 2.8443043122007348
1 3.144359292005185
2 4.052776504850896
3 2.8365127210978986
4 2.937124865894118
5 3.5068203164624747
6 4.151505160887959
7 2.7885656178489855
8 2.9487949204260038
9 2.8157764905950793
10 2.8656756870839852
11 2.918595619548336
12 3.938604723879254
13 3.4462293842542313
14 4.026338523736924
15 5.024948944398241
16 6.540069473044756
17 3.45881609873664
18 3.7509725047365317
19 3.548831663666893
20 6.047060185620636
21 3.0406244700552505
22 4.478593953909638
23 5.480746327599904
24 6.702334865966429
25 7.861423472846758
26 7.652279782936173
27 6.311877935971373
28 7.661232159336378
29 3.2241744576302946
30 6.129649702184816
31 9.167977416750416
32 9.627860901164214
33 9.347586575703456
34 11.231643725001959
35 8.70431157316577
36 9.33746738822619
37 9.454871815685678
38 12.124654966914557
39 10.17794322125831
40 9.520350601166793
41 9.783647990780404
42 10.174879352922755
43 9.151108337655176
44 12.151154724421508
45 9.040092249661077
46 8.981608510865893
47 8.9402501989531
48 7.114907040631102
49 8.897965143811025
50 8.904747734256087
51 6.542844900026722
52 5.5701441931940545
53 8.858424170704392
54 4.54750478520239
55 4.902225173155154
56 6.701073899432252
57 5.361764501415901
58 12.697941540891806
59 13.464193028889156
60 12.844558504372063
61 12.344594626886419
62 13.817170031547409
63 14.873701834061597
64 12.015514915356995
65 14.830003193323963
66 8.76639494004856
67 8.641680795580346
68 10.142238415265949
69 10.099992923424434
70 8.748724375149754
71 8.269715664085489
72 9.00294259714676
73 9.993621617480217
74 14.83455772523157
75 9.31470828304459
76 6.552267683027096
77 8.509868898516148
78 6.618748209159846
79 7.433014864752336
80 6.508701985220118
81 6.690896052779395
82 8.182681547323169
83 7.837788184540662
84 7.128184363799262
85 6.936921214155747
86 8.159394824292637
87 8.207617456665051
88 7.920947589355853
89 8.506549730772731
90 8.573801906833074
91 7.636568774912659
92 7.954477351380623
93 7.818655742758779
94 8.179211477161992
95 6.5018224573994186
96 7.0368293950873975
97 4.07925139836264
98 7.908959019038426
99 6.191524719894232
100 7.51769113419498
101 8.242409362279421
102 8.710304031185094
103 10.458849714479504
104 12.20280707822328
105 9.001795265636535
106 9.862216532653232
107 8.186609875355483
108 11.063172433057083
109 13.077400697669352
110 10.104355291933718
111 8.951869819321276
112 11.217736670738914
113 9.11364416542758
114 5.768649345088383
115 10.138053021339498
116 8.412864289729052
117 8.255391323188766
118 8.727278557578689
119 9.913980958819154
120 4.879118834290484
121 5.529356450181099
122 5.567654843298899
123 8.021351327013404
124 11.381287215820086
125 9.342074747834294
126 9.321683970202317
127 9.748671046626045
128 9.107810670652468
129 6.608100775716519
130 8.378307155573495
131 8.266798485953448
132 7.2806359530028635
133 8.813252840744147
134 5.354333135162051
135 5.828027742482331
136 8.371637702359477
137 7.640534990738968
138 9.228710919188071
139 4.868454945753763
140 6.891462885211013
141 8.816494722318318
142 5.625959970563536
143 5.779643254652645
144 5.56090552555657
145 7.890759787908005
146 7.102482266872283
147 6.3144355365855915
148 4.689619294105429
149 7.503691604906289
150 7.9074990658237665
151 8.752471580615046
152 9.48618492025027
153 10.420541163188789
154 11.936103507640505
155 12.841160316913829
156 8.418343240660873
157 10.978791738038238
158 9.904434406361714
159 11.538429782476848
160 11.850138412061762
161 11.2177779238807
162 8.999279246619695
163 7.811959339271915
164 9.844923561429844
165 9.187756898976767
166 9.92804874111926
167 8.881324241221733
168 10.277227741184403
169 10.654327644884646
170 9.425185401676972
171 8.739889383732145
172 9.254372577399899
173 11.567049513920054
174 8.036767190199779
175 10.648034128337565
176 10.877674515654196
177 6.241421173487368
178 9.093371530835359
179 8.615864033449428
180 8.101026418485638
181 10.288950863305233
182 9.179420881686834
183 10.204124575492749
184 12.643776130477233
185 10.817516725420791
186 7.64293739865049
187 7.7338881354501465
188 6.169636716857018
189 5.39474631545424
190 7.861325967523699
191 5.996948745617691
192 9.482535924378466
193 11.61456651149248
194 7.686260704030113
195 9.105212216075445
196 8.222494208541182
197 7.489799820771508
198 8.914441578002716
199 10.59693325025309
200 8.726747344448416
201 6.7354375826589585
202 8.383679748943084
203 7.317852926483705
204 10.900996244892541
205 10.16877730842514
206 10.738956872704868
207 13.194917337193404
208 8.623855778863334
209 8.037068998370968
210 8.97779346848508
211 9.342637881463888
212 10.017331787178911
213 8.598434053003043
214 4.595161654044092
215 6.905569934337052
216 6.402771974924026
217 7.805895505029157
218 8.067962946840144
219 5.07782627389843
220 8.506884090269018
221 7.060737131578168
222 8.763123243608186
223 9.207876287710969
224 6.051297785197339
225 6.287499049218918
226 4.680812770223055
227 10.490434764202412
228 9.145039530011024
229 9.62463887388644
230 8.854116556185566
231 8.467457646139781
232 9.431870093876345
233 9.413732440361054
234 10.329959630902616
235 8.282004447968818
236 10.777943802373608
237 8.876454107282068
238 8.079367505783315
239 8.546005392156115
240 8.965615915598574
241 9.137318118355767
242 9.803499020801926
243 6.061820866227531
244 8.41813363996403
245 6.395383127708483
246 6.640383435351656
247 5.927772401098215
248 6.115628297206063
249 8.081695896298946
250 7.020692068680312
251 11.37266097008238
252 7.974938729428213
253 10.020422647863832
254 6.944825714310509
255 8.719339661512725
256 8.298228452880437
257 8.678212867464417
258 8.883440373304536
259 8.89359810081619
260 5.466533188150641
261 7.6844643954470655
262 7.884502727949025
263 6.864814701384899
264 7.260110764077916
265 7.8766356920294145
266 6.384496907183507
267 10.510877880456354
268 5.935436743954315
269 5.151059710099325
270 5.5446296213746304
271 7.819583391847204
272 7.984546204468372
273 9.121042102220326
274 5.990484797601134
275 7.385032046141022
276 8.907720700172556
277 9.078705606510985
278 9.168128657213437
279 11.822157205604684
280 13.26656528819848
281 10.034913215230807
282 8.723425152991673
283 10.693078529098477
284 11.587669781058077
285 9.652866723199102
286 8.941117513918305
287 10.741809413775789
288 12.346108597649772
289 11.409389749718555
290 13.204581914070314
291 11.620069064255132
292 11.597840964601449
293 8.939691668044858
294 14.177678095787938
295 8.83038682296081
296 9.700010279022997
297 8.406034856078909
298 8.886921533087708
299 9.940597614962584
300 8.384582798852223
301 9.82085751067101
302 10.2146400105045
303 10.787960141781575
304 9.742057726708369
305 9.08060482566138
306 12.449071043397634
307 9.821000089768765
308 10.188509339205352
309 9.896503148369488
310 6.41941598983978
311 6.830701681768077
312 5.194428406093536
313 6.585256663425006
314 7.05879629912773
315 5.268634502551606
316 7.660045561464973
317 6.633045644171556
318 6.460613643816946
319 10.385628986585775
320 11.524866919255583
321 11.399323611743089
322 6.925703488816343
323 11.681900735307716
324 10.686947618454708
325 6.850065694855334
326 7.11115397419534
327 5.137830030902532
328 6.325351611096656
329 8.491081838129167
330 5.138753926703817
331 11.162005828607118
332 8.951629061684795
333 5.884860910335653
334 11.324900512536145
335 8.377715245652869
336 9.310127633116148
337 9.732775505825456
338 13.585975669506933
339 13.271043784917513
340 7.5139487544864
341 10.360492643056881
342 13.48891101297753
343 8.948659397335808
344 5.706355536980644
345 9.669131302993746
346 8.210733244277987
347 5.109623435756354
348 7.02911827649421
349 4.455687461024734
350 5.436680737700368
351 8.773852544421022
352 6.094048875235572
353 8.190295241009226
354 6.80520839516023
355 4.983350926525818
356 6.3494659598953165
357 6.136072086266415
358 5.2100957659850256
359 6.519578320220391
360 5.786718279322213
361 5.269022261291294
362 5.876011950326238
363 5.732199322138876
364 5.130906630218893
365 6.785609788706799
366 6.248702421478106
367 6.9065216210754805
368 7.058240311847003
369 7.1415457547141905
370 6.154723213776417
371 6.858032343487072
372 6.255949808868489
373 5.0940574120154904
374 6.621692602593089
375 6.696396655267805
376 4.635134506637408
377 5.509847585601617
378 5.6886373591209205
379 7.475220806416507
380 7.485510225811221
381 6.417397843439131
382 6.038215435665274
383 4.946607584652803
384 6.956687334026018
385 6.619046474098408
386 6.168188252801392
387 5.268207832898147
388 6.959963949375336
389 4.73634002351851
390 6.227923359179623
391 4.568831708777765
392 4.182410179648511
393 5.256777291202188
394 7.696180702455412
395 4.38699254543241
396 4.188794082074266
397 6.012837787383254
398 5.594335302521733
399 6.127945407237954
400 4.691223767562661
401 5.2928740758756305
402 6.333293327222256
403 6.131973527462817
404 5.865628362747034
405 5.864180104617407
406 4.431321152284142
407 6.273316482419612
408 4.21610050922014
409 6.542560015603417
410 6.48339182056562
411 7.2008690498777765
412 4.800208342936214
413 4.2202969768419445
414 8.739343339711265
415 9.012191997020409
416 6.227120103635125
417 10.18753281035264
418 10.173598153213614
419 7.7531436451557845
420 9.47547440168994
421 124.95836826550355
