0 4.739364346339852
1 4.930284610037293
2 5.999372894684872
3 4.630228220483498
4 5.0028294694714415
5 4.985225849960117
6 4.782437236330238
7 4.880051925481664
8 4.279919863611381
9 4.852358251171999
10 4.871518820434139
11 4.906901652849553
12 4.353365907765932
13 4.842210069595688
14 4.588911803700636
15 4.3532765162097755
16 4.964323468178885
17 4.1689090251732654
18 3.4105853459334163
19 3.9285388498787084
20 4.448697640494463
21 4.019376577257121
22 6.101237133314896
23 7.565958827934121
24 6.67000854964842
25 10.028529777621438
26 8.516829514073436
27 4.940881007603731
28 6.509513985262267
29 4.693292547884321
30 7.722422064555692
31 10.977526052237103
32 10.629281893375463
33 10.443892571985728
34 12.536462119267346
35 10.059439493540314
36 11.453667322582865
37 11.533606398195776
38 11.988915681164835
39 12.09975603607249
40 10.886895096087878
41 11.126652478729975
42 12.015663197086438
43 11.15015222634472
44 11.0236686103574
45 11.229866534642053
46 8.27983775817675
47 9.778521579567817
48 9.272873350313395
49 10.96885397593883
50 10.177466478080248
51 7.662205793535542
52 7.482311397126576
53 9.712523810028232
54 3.6396432413896407
55 5.970082649396901
56 8.042071225673205
57 6.745220391009155
58 14.493808460012234
59 14.733784753763134
60 14.37598598526656
61 13.518010398051743
62 15.816525688035831
63 14.757496169905002
64 14.202447599404932
65 14.352240598637199
66 10.215820369236962
67 10.039293265049059
68 12.241463581254958
69 10.951151007892873
70 10.52050495733377
71 10.197278232815007
72 10.823703381852257
73 10.951974617726266
74 14.739160328065369
75 11.427068550152699
76 7.562414236047559
77 8.267319681331317
78 7.203861530879132
79 7.706886768853865
80 6.685671864273707
81 6.647064425649624
82 8.886562660342252
83 8.471617036359746
84 7.190022876909248
85 7.590046603683036
86 9.089669941011325
87 8.274574533202651
88 8.2485255226572
89 9.023601136532347
90 8.249011885251317
91 8.517262223029226
92 8.423662942687828
93 7.532395325448484
94 7.824792727503652
95 7.286658771133884
96 7.111284166452826
97 4.045467218957197
98 10.144423460479343
99 8.132360244401404
100 9.475657692523127
101 7.7079314797725
102 9.017144426020472
103 12.432157073863982
104 11.615178603401793
105 8.935548213037302
106 11.633110166804743
107 9.780517428012345
108 12.27633049538615
109 13.095608755208024
110 9.542126402139152
111 10.373932877841519
112 11.693100249858233
113 10.87750480183896
114 6.1364231534933475
115 9.933755017543344
116 8.274624556045234
117 9.028498419954781
118 7.765055220417548
119 10.98989853581095
120 6.886261545784047
121 7.660839122126526
122 6.8645025932296635
123 9.224862028821969
124 12.18169601759838
125 9.616135835852086
126 8.57280913851855
127 9.356969432840144
128 10.581611732552753
129 6.413587851630645
130 9.467532334529048
131 9.769465538032714
132 6.65172125753374
133 10.585538012296512
134 7.130116793201072
135 7.116467073823977
136 9.011741047682875
137 9.200245899115778
138 8.376597687267324
139 6.927915763836063
140 8.833373355948007
141 7.938286736636228
142 7.5530551539365565
143 7.7784334651166676
144 6.789086551186925
145 9.106451923161117
146 8.053756781612586
147 4.862919087418819
148 5.400661128854404
149 6.463472676596146
150 9.699653886460178
151 9.630955205064229
152 11.397239213662768
153 9.904770253324633
154 12.988340192709156
155 11.855653981694507
156 10.40889261911734
157 12.04618156252368
158 9.620003591663954
159 10.190783444138331
160 12.063058057182337
161 12.40081382973522
162 9.988568312730147
163 9.042484387365866
164 10.093436098146919
165 9.90059407885556
166 10.613580329812343
167 10.238986552550536
168 11.48559405069732
169 12.845717664037213
170 10.67397346391306
171 9.769755323939503
172 10.653193476216392
173 11.152054733000563
174 8.389909938357563
175 11.018254348167025
176 12.961619544813189
177 7.30105234586012
178 10.031777063228047
179 9.555360010503954
180 9.324495207337781
181 12.395991697835985
182 11.116373133978554
183 10.476722103875668
184 11.373975968488578
185 12.286858133902856
186 9.039100040460477
187 7.326363005803849
188 4.816948137617341
189 7.309226638278564
190 9.586708619639834
191 4.998809251915973
192 11.387404182675445
193 13.429369476296069
194 9.937304317355997
195 10.620217265989101
196 9.555464729433352
197 9.562348014542533
198 8.160691122809832
199 12.49289595887502
200 8.586829504644014
201 7.617380879544716
202 8.303853213707471
203 6.710723264065096
204 9.37096027856272
205 10.86231613696647
206 12.954455838267238
207 14.93164939629031
208 10.365519960716759
209 8.829280031728167
210 10.794823243558914
211 11.401254033248529
212 12.209479760880985
213 10.806786737690947
214 5.609502424643919
215 8.29734621177516
216 7.435286722283623
217 9.260431932127705
218 9.74252951422493
219 6.190078664058296
220 7.565762389446857
221 8.85829779017498
222 9.281320824461279
223 10.330500288680904
224 8.115012504833233
225 8.177211937030025
226 6.003966708692951
227 11.404933245428118
228 9.733657929669443
229 11.062319170603958
230 9.75692725334923
231 10.600736835751484
232 10.76804641256251
233 9.398727876858866
234 10.416280214218933
235 9.902221025191643
236 10.228909109338872
237 11.035122058778425
238 10.189489202081152
239 10.438763046610674
240 10.876240518359973
241 10.956847142483417
242 11.231930685429795
243 8.08206452221946
244 9.136184025155334
245 8.081499244351035
246 8.544616743420844
247 7.774070620720143
248 7.91823860205959
249 10.200670721335168
250 9.125421161890129
251 11.159013008845795
252 9.451565351421952
253 10.453809921630453
254 8.446710978141164
255 9.667728373392194
256 7.5109334654531175
257 10.538021446193689
258 11.054325271301149
259 10.31649567727726
260 7.564528196525607
261 9.349079782351067
262 7.493057975743
263 8.141608392442963
264 8.966164633211463
265 9.03423366625571
266 8.227180530133946
267 10.283430347829068
268 8.069820464949718
269 6.67536525489048
270 7.465984172829142
271 9.689965898479334
272 9.136178736624359
273 10.234277006609393
274 4.44752836823802
275 5.954299909568785
276 10.6232255739871
277 10.67675331241501
278 8.381707410756983
279 13.038803468474285
280 12.491801158947414
281 10.701933891318884
282 8.938397889331098
283 11.896068117801088
284 10.374852666423173
285 9.973780785166445
286 10.666149474366364
287 12.708497608347464
288 13.439988648573737
289 13.216173841679668
290 15.220881763360802
291 11.366909167608943
292 10.932817296759346
293 11.027230383433647
294 16.103779849110225
295 10.405483202237889
296 11.343726573159488
297 10.3947298207631
298 10.334379206563973
299 10.0156441318527
300 10.01872480454879
301 8.903056581363236
302 9.16869335733553
303 9.526021561667456
304 8.396195024616707
305 9.442835890050796
306 11.664292501397648
307 10.629717202293048
308 12.131293987896926
309 9.712358818701402
310 8.314065327750004
311 8.85508253648854
312 7.219556709320152
313 5.387960099126039
314 9.259260280564378
315 7.390430797376389
316 7.641024731471305
317 5.592502593720601
318 8.64554268383465
319 12.170809721482394
320 12.87722129025462
321 13.21950360566111
322 9.016622675786818
323 12.28593958070774
324 12.851220186099027
325 5.586287155740873
326 6.275004575150746
327 7.192722256620194
328 7.959576966949879
329 7.616041517118644
330 7.008985771483374
331 11.734112561863785
332 10.998260238531625
333 7.780764047346925
334 13.116422668758677
335 8.540168248241699
336 8.787098529155683
337 8.05703006461006
338 13.17877531161251
339 12.541384911186338
340 7.985889924270085
341 11.687760958995177
342 13.067541706137758
343 7.46893504802417
344 7.20246807477163
345 8.53118105007885
346 9.647597573837311
347 7.172485105080495
348 6.098500498969053
349 5.309360127411226
350 6.7462258753578235
351 8.086241599890135
352 8.261973578362129
353 10.046143397339243
354 8.160754526884796
355 6.22868111457978
356 6.684771198483502
357 8.286130682749945
358 6.393825389346485
359 8.302175970863336
360 4.072960203702903
361 7.250889255972425
362 6.3181159036952375
363 4.729417197125442
364 7.047865467641294
365 8.041754664386627
366 7.950551233542982
367 8.971163948688144
368 8.442564126601775
369 6.108904747816355
370 7.597171260334592
371 8.199273573193167
372 8.33202216462765
373 6.822202384606401
374 8.127074708587756
375 8.123580554584423
376 5.804939708678823
377 6.868522028366448
378 6.918943592456489
379 6.333382049987279
380 6.58402408069118
381 6.2993692941824175
382 4.521011766838791
383 6.612630481605199
384 8.737070673808121
385 8.631287840088522
386 5.198751326791969
387 7.068353570843387
388 5.405685493214181
389 6.1774901252744225
390 4.7559346942636935
391 5.710301803686357
392 4.752915490435549
393 7.078020966899186
394 7.129249800855264
395 3.830625743147877
396 5.512939873815199
397 5.144912294052646
398 7.74981314269175
399 7.788330922087904
400 5.731970720926076
401 6.597162326716711
402 7.413216002878664
403 7.731633760317452
404 7.385295723738905
405 5.073862594819496
406 5.942214245981101
407 7.930123789845739
408 5.712529520436842
409 5.5141450562666146
410 8.152389947722245
411 5.716381767978819
412 4.94660232570939
413 4.637150861315816
414 7.33822901975878
415 8.982766395999223
416 7.4778418761300545
417 10.206098410839301
418 10.433450114640621
419 8.931635218970856
420 10.57363601527222
421 126.57816996827206
