0 4.745118452258217
1 4.581932377353277
2 5.190374605466953
3 3.843083892673017
4 6.4514822449453675
5 4.7284878743406855
6 4.145262286509127
7 4.1795449625651
8 5.487485626446934
9 3.6624303486208234
10 4.426036613482197
11 3.9600375072585763
12 3.978279161489391
13 4.685146783355254
14 4.3676188944676895
15 4.372069859771492
16 4.974697358172481
17 4.003423531425265
18 4.97608151651569
19 3.0965296802590876
20 3.56047800992452
21 8.106325241129563
22 4.9822488250730865
23 4.473409237970965
24 6.141547458156863
25 3.9160299675281203
26 6.162158895665265
27 3.0375983709965397
28 3.04082233537512
29 3.610470155632212
30 4.7551014265789835
31 4.542016380809177
32 6.154915627919987
33 3.9525315242945402
34 3.761739945099484
35 5.0512377377575755
36 3.007323555690329
37 4.1085387799301785
38 2.765066287855399
39 5.772398835832075
40 4.764797660618997
41 6.897019000776937
42 4.75300022643748
43 3.9313286852445057
44 4.397639726899922
45 3.5679845955766014
46 5.165863468941003
47 4.31724943331724
48 8.989887311552996
49 7.893802234993278
50 8.066039669452167
51 4.54674683246989
52 4.210296240491776
53 7.467352239507145
54 9.851867667116009
55 7.11886357396885
56 9.518559307839189
57 9.177738651929758
58 11.519311533991745
59 4.92274299846287
60 7.325788128964073
61 6.520507515740216
62 7.1612430951633685
63 10.108804565394465
64 8.141062378670883
65 6.750188815569814
66 9.605053908233424
67 4.5911294881402815
68 10.163415158884007
69 5.651665514963101
70 7.484014240726254
71 8.850598576989618
72 10.881071460808801
73 10.99892734594654
74 8.924406822720304
75 11.957556281315199
76 9.382183561285297
77 8.304974470281925
78 8.294452369730857
79 6.361598665219858
80 9.002412780968932
81 15.951065293962602
82 14.476198837801588
83 12.829328095502694
84 11.04878405489059
85 9.979872535278371
86 9.453026440980807
87 9.598158940514757
88 12.825585961608276
89 14.680164231533746
90 13.991075744379664
91 16.99882338448553
92 13.160668020196326
93 10.706244846008985
94 15.915164687480534
95 11.863722760649031
96 12.128492429101968
97 14.309419348451868
98 16.91181516509092
99 16.778843645539045
100 16.817592287357034
101 13.350801217610742
102 12.604981122654465
103 14.737017737306621
104 17.889508823326658
105 18.252805800233844
106 16.91283575606331
107 17.3218568991104
108 15.832785850526866
109 16.63884127663477
110 17.509384923539812
111 17.954984963409352
112 18.74762231332147
113 15.477754998620014
114 16.507224476852752
115 7.998461081899096
116 7.847153158849311
117 16.124238365024738
118 10.884002359199053
119 12.656740747149955
120 18.280179396499843
121 9.240854308583142
122 12.248576927875485
123 4.328810656871597
124 12.921613532249193
125 13.416958570641118
126 14.784629579176151
127 10.29525876340921
128 14.744898646182587
129 12.127630609677603
130 10.045297990225109
131 13.059419639978083
132 13.795945114892628
133 11.472775865025346
134 8.894994778942596
135 9.666623232446776
136 9.728822929671564
137 13.914416100153677
138 11.333657894066121
139 8.434490142002936
140 9.966413651173093
141 9.949608859819405
142 10.933290936786545
143 11.363737350866204
144 12.175151248620685
145 13.77945690464258
146 13.181554608538722
147 12.379401855740365
148 15.109734767317313
149 9.089180835304822
150 12.991772123622333
151 10.638705291452242
152 12.989895217189387
153 12.361995066837727
154 15.373944136189849
155 12.046269621897398
156 12.903336147377074
157 12.611780363087078
158 13.981524688943452
159 12.942405528435671
160 14.380057007524602
161 12.028176426498707
162 11.29950983659029
163 7.732199587374699
164 4.869763338615974
165 7.883660170733239
166 5.892348629624759
167 5.495124978480695
168 7.691121818077055
169 6.2446535793825735
170 5.940353549159359
171 6.653311825373169
172 5.766332960000497
173 6.881069359080034
174 4.903927912868494
175 7.239279321317805
176 4.945715005867749
177 6.109617520790503
178 4.859226712866719
179 4.722141738591257
180 5.682481191283716
181 6.253623055701519
182 9.51348654409227
183 10.984855459235206
184 8.39762400050035
185 11.561350648779895
186 7.859039758291885
187 6.8523349596569565
188 7.116641588227307
189 7.005500074304276
190 8.259571520741375
191 6.882913474399972
192 7.639882910387474
193 6.569968191174164
194 6.870060100015364
195 10.019221749953443
196 10.401634783929136
197 11.924952244632216
198 8.2203218629201
199 9.28466037556242
200 9.994827817218026
201 8.805950773044975
202 9.153718322291445
203 8.608484410854578
204 10.12518181321034
205 8.406264610587497
206 8.551790250101396
207 9.769438979596176
208 8.90762353486322
209 6.728336042435074
210 7.6135783336204375
211 10.594058188810545
212 9.821839099895891
213 10.466370284281219
214 6.739613376494494
215 8.595538739033444
216 9.880504716403918
217 6.10234448116708
218 9.631334319429879
219 12.681595904492289
220 6.6598560474411395
221 5.934388890083692
222 7.543354206564357
223 10.179473780647578
224 7.075757670168041
225 7.592857657000318
226 7.335978589846339
227 6.550495785376215
228 8.707695673898378
229 6.266093799136561
230 14.827676969395643
231 11.57987443801249
232 7.746083172540964
233 5.1217497755848935
234 6.860773149929573
235 12.097330308911308
236 5.074652322947985
237 4.180453332572344
238 4.995936913027441
239 5.416514492992498
240 4.485124300531146
241 5.147358632578073
242 5.307363654008428
243 5.607704264202821
244 5.61888322821476
245 5.552340282678358
246 4.77130886597758
247 5.6780521616976385
248 5.017440327683591
249 5.11262194513434
250 6.759295255727401
251 7.083423722779614
252 5.801265550143382
253 5.017378881468606
254 5.026192263914746
255 6.605632428885697
256 7.008145391927419
257 5.288374803460166
258 5.364430750397753
259 4.491648022625389
260 5.144529728751551
261 4.679117299034331
262 4.119659318323536
263 4.101766101435736
264 5.478037697918646
265 4.741962741179516
266 5.943399539347085
267 5.101411416628133
268 5.755373186715935
269 5.594496929141701
270 6.770559966618131
271 7.153585087275688
272 6.881177455142577
273 5.782083749800626
274 6.363143391013477
275 5.554746710504922
276 6.548166712930395
277 5.812822424836558
278 5.366461705130592
279 5.565318993767874
280 9.579775724719381
281 4.657003985615227
282 7.825209279704158
283 5.489971420917797
284 6.48256951474842
285 5.034093415355361
286 5.65308908540282
287 4.9536559453090545
288 4.215090573503346
289 4.77698695455098
290 5.109227272614422
291 5.047433682176424
292 5.022909193747182
293 4.395848052961522
294 4.380559885571336
295 4.687140866802745
296 4.949636446428496
297 4.5135022359660555
298 4.997007824206127
299 4.958648300826503
300 8.323473002755811
301 5.4803838866179495
302 4.718282632360044
303 4.165704785010531
304 4.932636365437317
305 4.9007436702602725
306 4.520499153169918
307 5.655847126422938
308 5.1793520926738
309 4.977179438420137
310 4.661522745265427
311 10.507526432169593
312 8.547312131659028
313 7.451183467151111
314 5.521086463612607
315 6.173436598726766
316 5.748962249042106
317 6.829606443509537
318 6.565987935720649
319 4.54037061302221
320 7.815001885746397
321 8.76217715387094
322 5.110101078610359
323 6.368475402342082
324 4.221114290609434
325 7.7889511309391235
326 5.859057031832655
327 5.346946219062349
328 6.274538426642134
329 7.392835195306505
330 4.195298810052017
331 4.206577886997381
332 5.812030096573937
333 4.410816031879203
334 5.166474849400848
335 5.421170890106117
336 8.143422713169747
337 6.6105802675220255
338 5.969878936813862
339 5.887297130973331
340 5.337855409846951
341 9.88709122493487
342 6.083494511397233
343 4.820302478200588
344 5.520015630872316
345 7.117192204546573
346 6.348520833954813
347 7.384918403411136
348 4.726466384450958
349 5.608930840344892
350 6.166237095443764
351 5.354128653344247
352 7.078677631278439
353 8.016345058535455
354 5.957062163029817
355 7.017843103794419
356 7.145764211994307
357 5.152415686247134
358 5.342150503870192
359 5.91015198877088
360 5.60536019863524
361 6.036041705093421
362 9.199287662716397
363 6.913792919384351
364 5.318751215776985
365 8.282641349494316
366 5.721197382891665
367 4.7966479363539865
368 5.047385760743682
369 4.9954580377359665
370 6.839630041961339
371 6.433435881663602
372 5.324039093561471
373 6.066728898578232
374 5.835838694443567
375 3.9550251055493635
376 5.894159010797742
377 10.930536147984652
378 5.757298926156744
379 7.669565394506538
380 7.790512230201677
381 5.943083766720104
382 5.72883647172853
383 6.714364414257698
384 5.768341277995956
385 5.795049472126574
386 5.4791072437046004
387 5.294542906955026
388 5.523803225460307
389 4.5569063060241195
390 6.969453258631541
391 5.637286795398621
392 6.488345196506568
393 6.045717666058608
394 4.632375044773897
395 6.8376242743375535
396 5.318089507052057
397 5.529883177290028
398 6.092289233777213
399 6.358057573091991
400 6.226371091998874
401 5.5644059072191485
402 5.614926367936587
403 6.505920707294355
404 5.158963900861278
405 7.189358853552454
406 5.904912401365276
407 7.350263426722836
408 5.914261470943726
409 5.980989801773027
410 6.526839435613027
411 5.543531415123625
412 8.824269425672119
413 8.129507520721395
414 6.221553306787308
415 6.10634130268483
416 6.218182847196361
417 5.223076418979366
418 3.7852028517798613
419 6.583568246029154
420 5.699452116964574
421 176.9962193955425
