0 4.740130584826278
1 5.212859227198611
2 4.953675477023816
3 7.114553215038079
4 7.3907360244724085
5 8.53832528517781
6 7.578104819062409
7 5.059267677276863
8 4.244632409946781
9 3.6931947964608502
10 4.575213798257328
11 4.97836469275025
12 4.470805428020541
13 5.131627879484457
14 3.432215581309501
15 4.141847172914695
16 4.241073823836987
17 3.3809010266347017
18 5.163958608767837
19 3.7436866301455107
20 3.6653648790329707
21 3.5945792847636064
22 4.110544149225921
23 4.152070729417684
24 4.471041471925303
25 4.812836703631769
26 4.556203566669676
27 4.895765486285201
28 4.214331473919088
29 3.6256465455368088
30 4.913256400507839
31 3.673067540422832
32 4.288007891644206
33 4.5915362630364
34 5.031034212021479
35 4.471656934983991
36 5.05871096348155
37 4.359130520944308
38 4.989154348300732
39 6.019806268976546
40 5.060938190353077
41 8.33038902001396
42 7.973682708261072
43 7.642883645993539
44 7.083508583945046
45 4.345699899018476
46 7.260174440799239
47 7.877760119315
48 9.068370974122658
49 6.884516141720149
50 5.416512966869189
51 7.1849426718753975
52 8.060547833053304
53 7.202598544302393
54 7.419094263762598
55 8.003686509040014
56 5.242483434575189
57 5.86852556781303
58 6.167586299852167
59 6.701005144951448
60 7.873959232754998
61 5.554339895202978
62 6.253102837072668
63 7.910867275632843
64 7.809571230124381
65 8.656859331325316
66 8.887219063742242
67 9.054441199389261
68 7.508744920259912
69 8.03794417550437
70 7.670775328281232
71 8.412452308528248
72 8.402630261520235
73 6.86272220534623
74 6.6379588668045395
75 6.961758229341171
76 6.942484988113873
77 6.367603369034589
78 7.7033572301795274
79 7.8515789369415385
80 7.394547857229135
81 7.1911740683629874
82 7.401730059952921
83 6.667743950162106
84 7.293462130697025
85 8.752151973804796
86 6.368906187485034
87 6.254349227194545
88 7.190249685981494
89 7.020519824650528
90 6.699311908040636
91 6.524728614092775
92 6.106792349019891
93 8.237296353352788
94 6.2740788594424375
95 6.926314749571907
96 6.785813061575019
97 6.932036193928102
98 7.751653321646743
99 6.692165242744307
100 6.1424937156730905
101 6.730779660159982
102 8.128401425328082
103 7.799709096095132
104 8.898949557230289
105 8.68323718029488
106 4.8490526866451376
107 6.833923174263499
108 4.819024958984444
109 6.6909058300892035
110 4.922693210942494
111 6.307906183798286
112 6.935186530691284
113 4.873488044088791
114 6.453107119089526
115 7.6040387750677345
116 6.142158666862042
117 7.28044639729653
118 5.592601359327612
119 6.540903815428332
120 7.296777074702477
121 6.771975996527875
122 3.8736279829260893
123 2.9941589164495266
124 3.3856294741536725
125 3.3382047010131255
126 7.937639046299699
127 5.7882125895321
128 6.680058251559983
129 7.380201427034008
130 7.435685633973575
131 7.608314367264662
132 6.022161726741599
133 7.760934106926659
134 8.404251136666227
135 8.383806672535055
136 7.466550108864426
137 8.846843058658623
138 8.298198643933645
139 6.5030289069451035
140 6.4983129358741065
141 8.141828624754567
142 6.246921498062806
143 8.464920596296475
144 7.405741199041005
145 7.345657319457855
146 7.970123591383993
147 7.531294980468339
148 7.764459391030447
149 6.8117478520099075
150 8.851546626445831
151 6.835910106154169
152 7.301859814511813
153 8.118389408636222
154 6.495294466266111
155 4.768865412173493
156 8.549587392809368
157 8.131051267977655
158 8.781579307098529
159 8.14571519008965
160 7.759708913115793
161 6.9021560421151795
162 8.112440798336074
163 7.174471427479749
164 6.8483869327835425
165 9.199357959565683
166 6.310930308668051
167 7.088899468286098
168 6.263229274078053
169 8.614672526550923
170 7.919933919456076
171 9.469923166665154
172 8.644676344257189
173 8.510423412686121
174 7.036308110167055
175 7.880619581386894
176 9.095342548852043
177 8.304289993607583
178 8.479752330844104
179 6.377545114853638
180 8.103104078113235
181 8.364567232554501
182 7.449139216591164
183 6.914520247063994
184 8.624586076743215
185 8.46011502547793
186 8.817238283370001
187 9.053094083500849
188 4.663111686594614
189 3.971020319090658
190 6.3172941054483145
191 9.778577558334286
192 5.510437385684606
193 6.934845093370866
194 7.211375568359692
195 6.79726284193211
196 7.328145563211335
197 5.720609870718971
198 8.103469100076907
199 8.121885210425738
200 5.731155271455942
201 7.740092638969187
202 6.0657329078224125
203 7.305191558451722
204 7.133153970863809
205 8.640096125370794
206 5.336456331287373
207 5.515757780409973
208 7.287051683709247
209 6.735487919211714
210 6.162028182366706
211 5.283707828221668
212 4.851137960002376
213 5.763353472237812
214 6.582045190598705
215 7.1273477149005044
216 7.355844217193104
217 5.671867200654442
218 6.967136147867895
219 6.559159669718976
220 6.317666160435801
221 6.475720080995569
222 6.114594014163253
223 8.981926603141359
224 10.00746100262668
225 7.965957783814418
226 6.22443167927026
227 8.110670179115099
228 7.43183613653186
229 6.78922724332129
230 4.487414133392226
231 6.294726869384898
232 9.616417088131087
233 8.311299201319397
234 5.580908932282099
235 6.7594557086112586
236 7.4273603017289265
237 6.352418608592967
238 5.632384753748149
239 6.632178979637663
240 6.479664291846574
241 6.7261820379420305
242 5.785250593381539
243 7.1307766524449026
244 7.768037350732276
245 6.708784357316063
246 9.063216716101316
247 8.283349019103103
248 5.7278670892906085
249 7.115742380944656
250 7.445429396141506
251 8.825086056088015
252 6.064486489145783
253 6.514255040469456
254 7.320023541052054
255 7.0026973936978285
256 11.156070534547421
257 7.243502655353741
258 6.395811137742449
259 7.2046247387839
260 7.142716130872827
261 6.258567932410008
262 5.2416592336688
263 5.3799626763794635
264 6.248669992051701
265 6.29583895134961
266 6.572820136742013
267 5.835846924242926
268 5.200587546739943
269 7.523654451781442
270 5.8081507649951565
271 6.955701669339836
272 6.974243495690269
273 6.958894974730525
274 6.87876270183913
275 8.554491539419207
276 6.386008159641772
277 5.25096102910438
278 4.745028992896128
279 5.447616653709724
280 6.105867619061987
281 5.686008628870403
282 6.474652892762871
283 4.054355695467993
284 6.121519683927341
285 4.813406270580107
286 5.98662766227582
287 5.63884822218471
288 5.391660723642919
289 6.15521063302923
290 6.125829171504186
291 6.463830127461826
292 5.86547290159518
293 7.132952204937921
294 5.5675294635398815
295 6.027775961686362
296 5.503718109118337
297 5.951562467545343
298 7.361417829285742
299 6.491940374608081
300 6.991774095510473
301 6.902268736554316
302 7.390392840942983
303 6.8988178122217905
304 7.276510153754236
305 6.355110007647272
306 7.029173799674195
307 5.693516360222993
308 6.403949676427648
309 5.63653417866537
310 5.682869538705699
311 7.008489077441993
312 5.481021281438817
313 6.290706297917562
314 5.80008616691046
315 5.585600107501815
316 7.826090946026615
317 6.70254298472298
318 6.800691655716309
319 4.6516884683095325
320 7.579583092632068
321 5.94746278851145
322 6.905867541067385
323 6.45511501865669
324 6.68033768450287
325 5.518370437970513
326 5.902085704387437
327 4.6658991982539675
328 6.145867194154312
329 5.623290910222719
330 4.939282430175764
331 5.050396738568891
332 6.174296378540503
333 6.7363263298465546
334 6.645333946697192
335 5.886743591922108
336 6.525958202603088
337 5.394569615278013
338 6.80560658127979
339 5.686080822248552
340 5.815238404963913
341 6.847679316447925
342 5.473573185393386
343 6.189715339753887
344 6.318369908456891
345 4.129902140076108
346 5.3674574554128585
347 4.013554103919355
348 5.954042182575033
349 5.924113191811554
350 5.15942987626828
351 7.4773460807695
352 6.794370641092101
353 5.914221334189873
354 7.641557332982504
355 5.4017500685928725
356 6.650367832227792
357 5.466588984577706
358 5.083256773940201
359 6.725822436503013
360 6.908456045084344
361 6.085638675780658
362 5.72411302551262
363 7.6143343863216595
364 7.569195275652694
365 7.72831922682808
366 6.895977913250323
367 6.356322814270598
368 8.019690666652496
369 8.231576151684155
370 7.1485551624460815
371 8.76460026932186
372 6.506492418237212
373 6.6885421967028575
374 6.378063874593434
375 7.3588351568099
376 7.340369025282511
377 7.226804517075376
378 6.938718766537726
379 8.009693441520751
380 7.378408622720199
381 8.098402356359319
382 7.389661286287392
383 6.780127371780259
384 4.647211865273787
385 5.344828934928754
386 4.9916421876500205
387 5.086984278503234
388 5.097006544383455
389 6.683411899010538
390 6.209423830045528
391 5.829704272776541
392 5.349641569399206
393 4.8335648076234845
394 5.624960905902324
395 5.739075704865318
396 6.259979970528646
397 6.367367450080202
398 4.996974806591953
399 6.160986624972816
400 6.966389445371695
401 6.820093033997691
402 8.135319686731515
403 7.656349274985553
404 7.644269436800597
405 7.680768108070184
406 4.929162233338815
407 3.918635251901864
408 4.966418314202174
409 7.291563658373188
410 6.362159349287471
411 7.784964406674285
412 5.668269759822746
413 7.410157815639366
414 6.8272194160861055
415 4.922301414712559
416 7.251869102062544
417 3.8459596968026535
418 7.413318644342391
419 7.083602491938339
420 5.628332362429897
421 120.69749760624705
