0 4.745051998878575
1 4.6939742563533695
2 4.736358653410681
3 5.040158723970322
4 4.765397317657074
5 4.792057436498965
6 4.987162742449899
7 5.003790306327292
8 4.4837601974603745
9 4.389179815557633
10 4.659818868156938
11 5.042716312483324
12 4.262324330273054
13 4.771288469538253
14 4.368407903280239
15 4.1908111039893186
16 3.872272124271476
17 4.201772410882888
18 4.216184168757952
19 4.544953786120991
20 3.399104868493077
21 4.756564391182474
22 3.7315540865157097
23 3.9002678280000174
24 5.500225186378241
25 3.604705467840588
26 5.212389155631271
27 3.6456555485082656
28 4.9093474008906215
29 4.798362643430034
30 4.935839284854159
31 4.490144580305788
32 4.502996129451191
33 4.698030462078789
34 4.017039741295262
35 5.15675170042812
36 4.956652025751528
37 4.131357568752705
38 5.038859318573833
39 4.82751358186436
40 4.066188733433914
41 4.680181149322615
42 4.574375128624949
43 5.200019496865141
44 3.658385020383209
45 5.185284457412331
46 4.283389599012089
47 4.919971595804623
48 4.9821880526303755
49 5.366897762919022
50 5.149795859255619
51 4.584865149108946
52 5.042796669522104
53 4.589695320014109
54 3.7293562252604797
55 4.854555985117678
56 4.15139639910985
57 3.847713685221518
58 4.959200563106225
59 4.987994247405403
60 4.249631675977114
61 5.244913205483527
62 3.6996015129315545
63 4.91672282344035
64 3.349261012763034
65 4.3606393401268155
66 5.046555191201104
67 5.0056951032700985
68 3.923582522930925
69 4.843147628874115
70 4.835792792828323
71 4.876906104665033
72 5.047382850602391
73 5.141857184760873
74 3.5307361454808883
75 4.844234016429003
76 5.309371091128594
77 4.647172410352443
78 5.545664550557408
79 4.085902003994165
80 4.360746209893056
81 5.162267381247214
82 4.8081370666107865
83 5.612963909365152
84 5.0081335872698505
85 3.346806406830695
86 4.890099654007606
87 4.3443427037972455
88 5.764076786723067
89 4.98418420013354
90 3.7822482394684793
91 4.942115351123265
92 5.921537840910263
93 4.823069894303371
94 5.023086074743554
95 4.699296625111977
96 5.136115526117826
97 5.046107625525872
98 3.670611887968989
99 4.887260237742405
100 4.5607135868738435
101 4.443907210971679
102 4.6213968677676425
103 3.8863202084819886
104 4.958890094690117
105 5.002169296697523
106 4.566191057613648
107 5.161452967572113
108 3.9229188290115826
109 4.717383634694178
110 4.762878982372038
111 5.108814276456392
112 3.5779221054387036
113 3.8537635953544225
114 3.5957092031212734
115 4.326764861191659
116 4.820880633012666
117 4.633252553316129
118 4.993576623595025
119 4.5954477385441255
120 3.451300169491956
121 4.054504203950645
122 4.78803714103776
123 4.5346386060629404
124 4.849856693858611
125 5.044676008511897
126 4.861127873068531
127 4.338481211396405
128 4.777390281611098
129 4.733437759614228
130 5.131608042190913
131 5.09241123146698
132 5.242342139979746
133 3.717429395467884
134 4.864451480320417
135 4.948951902940985
136 4.905648637025723
137 5.19827443753166
138 4.859486301045262
139 4.66791128199448
140 5.0090059283142185
141 5.063499195556241
142 4.95538233858413
143 5.309197946756151
144 5.224641774621488
145 3.920828902556799
146 3.72174476300542
147 4.810475773422664
148 4.6742049332238285
149 4.754934992331661
150 4.831874604137898
151 4.303033429770325
152 4.783535184919452
153 4.936780482343501
154 4.642531876814419
155 3.463536516941563
156 4.670556628332613
157 4.560878192891564
158 5.184494523481219
159 4.690739839343331
160 5.148949593773217
161 4.528807133673443
162 4.669024226564357
163 3.446329131382107
164 4.8039250245714635
165 4.03391934878157
166 3.566660722076687
167 5.0649200992060495
168 4.948477973494087
169 4.1948649082905085
170 4.669142744404276
171 4.614043435738452
172 4.950655810941626
173 4.454098058760445
174 4.793767323571929
175 6.060974509657613
176 4.935179504669098
177 4.136647118355043
178 3.82029041324134
179 5.106160817442144
180 5.3749608726619975
181 4.2457278489095005
182 6.725735631687325
183 3.6543399080505354
184 3.643559769419119
185 3.8246158480581327
186 3.611108596060994
187 4.050407871244641
188 4.2175487613846645
189 4.52283961174689
190 4.781650351789847
191 5.2948760275082325
192 4.027604756574823
193 3.8905013664825097
194 3.9741419094686243
195 4.215299564021718
196 4.367641911476655
197 4.874616577672998
198 4.8071736642431135
199 4.914228323929541
200 5.008165283944491
201 5.085996796833208
202 4.586341756501346
203 4.5901215442469265
204 3.699957815918874
205 4.5636553830668
206 4.359851014005975
207 5.2014830358089785
208 5.056619607641233
209 5.112781380696186
210 4.221203169614699
211 5.299617359104944
212 4.391924491471668
213 4.964912003423056
214 4.94713601598495
215 4.718422292079272
216 4.5587089436008785
217 4.413130778505467
218 4.955897087389815
219 4.836722195462832
220 5.283573455195502
221 5.0742798825803845
222 4.782719109729887
223 5.038504324208008
224 4.305522820768858
225 4.974515848005765
226 5.403675841311583
227 5.157222826236716
228 4.845679690442482
229 4.98624491883406
230 4.9155395844579095
231 5.127087012131624
232 3.7961463265971447
233 5.142235812041107
234 4.977971902359796
235 5.057581716476824
236 3.470015928181909
237 4.806746839073591
238 4.637523567806818
239 4.395692980392615
240 4.254656221950237
241 3.9555913795016213
242 4.6676247282059595
243 4.960291542203797
244 5.190088731105896
245 4.4659985391214265
246 4.662445152808781
247 4.978967256170312
248 4.522280208443148
249 4.827604745005388
250 4.797161856472614
251 4.5611743976976635
252 4.08510753688586
253 3.5820251158717444
254 4.708918116782214
255 4.686840687500276
256 4.641657657298334
257 4.480914024634259
258 4.658762695146578
259 4.29449189718155
260 3.3817852315047365
261 5.013589994729505
262 4.791469742254901
263 7.802935756061949
264 6.609030310442357
265 7.335107345024163
266 6.817063254629824
267 6.928800709419929
268 6.681280334101283
269 6.768286291681877
270 7.522857603090469
271 7.020909572761927
272 6.0129453900017635
273 7.053778053217902
274 7.285197984563161
275 6.1737628505179885
276 6.683447600452745
277 6.887735527001517
278 6.396914385310378
279 7.052671994780379
280 6.361616909136342
281 6.834978047769193
282 7.921526518767197
283 5.890159419757396
284 6.861646351956589
285 6.09130425532054
286 5.506969388347738
287 7.561463990112423
288 8.157384691346811
289 6.85897998441905
290 6.842757446355378
291 7.424559611934813
292 6.709517078260366
293 7.462232096786573
294 6.406879570626524
295 6.46932036669412
296 4.458228439934388
297 7.606913742710589
298 7.585179731726285
299 6.8488854862068065
300 6.5717342126035225
301 6.5487979000639225
302 2.971270926837936
303 6.188384152638951
304 7.579464373097456
305 6.291880997271289
306 7.161772307185306
307 6.76869841923232
308 6.465399156276445
309 6.87088909775812
310 6.488127248401424
311 6.364046386552549
312 7.1431240485070555
313 5.991835905845751
314 6.6754310165217845
315 7.069521154157895
316 7.851454276716075
317 7.726323962879192
318 7.618610061046717
319 7.568001822532803
320 8.074642723780588
321 8.195010640543325
322 7.472170811541539
323 5.881441193874567
324 7.367971404985482
325 6.649376659520452
326 6.970682875862976
327 5.809527812042745
328 6.652778625768057
329 4.8387557082247215
330 6.077570135569875
331 6.609848594543825
332 5.893460999095973
333 7.020358415912154
334 7.196410825247088
335 8.110042001329935
336 7.273051108281428
337 9.293303402171892
338 5.948575756825877
339 4.868129124739939
340 8.00185655960521
341 5.499781129480376
342 4.079816829419242
343 4.998329774863048
344 6.922783297106605
345 6.452309088563056
346 7.326758965655365
347 7.388543672230754
348 8.004848119704132
349 7.6911256825251355
350 6.990037488160291
351 6.234662569796078
352 5.6120293000439085
353 6.677351150729929
354 7.565307986337281
355 6.948624311379409
356 6.717448244181561
357 5.2716298807340465
358 4.901600802999826
359 6.869643930665359
360 5.11268273894198
361 5.049010594937508
362 5.161967202380921
363 6.7560385880347
364 6.127976515767309
365 5.943820423676545
366 6.441093224650123
367 7.6943169973203895
368 4.987672569252576
369 5.948923590413005
370 6.953306526828778
371 6.206295199030441
372 5.69864957987441
373 5.575324156752025
374 6.1925585973234964
375 5.3167268048625145
376 6.650547522409732
377 4.93091240910728
378 6.348813325822653
379 5.980677878290022
380 6.191199564585953
381 5.26768338915205
382 6.082542330253643
383 5.977459313788151
384 6.226097566922996
385 7.431126588460267
386 6.074229583144185
387 5.143658860089751
388 4.198062141004079
389 7.3335264467898
390 6.084655676133072
391 6.026276046260107
392 6.629073380918887
393 7.526915521574614
394 8.39493871113429
395 7.061052809253549
396 7.683676189388436
397 5.898175835135686
398 6.702675710906039
399 6.5997229208413595
400 7.195285954402463
401 7.690745308836502
402 7.551430242116674
403 5.721240736754794
404 7.8549479275303025
405 6.013888839098421
406 6.606615672365112
407 7.338966271810499
408 6.793027232546053
409 7.451748518257501
410 7.0735061606445
411 5.873154340910789
412 7.1238523850552875
413 6.688843153501946
414 6.03017091830779
415 7.941150231662361
416 5.654729230300769
417 6.259143708322551
418 5.960868044539839
419 7.057734821158335
420 6.159535931561385
421 6.878230711220775
