0 2.8511780117461565
1 4.575116501450651
2 4.030942477705412
3 5.557571386106606
4 4.337902228007671
5 5.975836356261272
6 4.33319773926623
7 3.920012952092317
8 3.5434728033833385
9 4.675511300553004
10 3.846698734994069
11 3.793625702632323
12 4.012119148739688
13 3.879767090801831
14 3.470072945371157
15 3.2780790117149743
16 4.562291434804871
17 4.425267418547194
18 5.775855298225088
19 3.398970865911175
20 3.8936507105046023
21 3.0557806449021143
22 3.2754991239299676
23 3.690553725350052
24 3.3582426718576217
25 3.1098568046766277
26 3.1917554781301756
27 3.1592075555594445
28 3.053734933486866
29 2.947693915944043
30 3.1819032211918765
31 3.122018603754561
32 3.186815131383263
33 3.289057510743878
34 3.0218860887569448
35 3.136127330951532
36 2.992942165136362
37 3.748454311041618
38 2.9862680973671365
39 2.831643238382865
40 3.2133159278587056
41 2.8552583664332474
42 2.796178921850882
43 3.229179454949525
44 4.1507189130681486
45 3.257359174737254
46 3.2915352593973664
47 3.6145692476865037
48 3.140366116765306
49 3.2841435039445748
50 3.068842959086437
51 3.021159075772834
52 3.0919727197324716
53 3.0318444043284254
54 4.229290785358367
55 2.8175183213069057
56 4.583906013948172
57 3.132492571724636
58 3.2433608521235935
59 3.102159282204176
60 3.5826489839609903
61 3.442747407525023
62 4.91152815469765
63 2.9768988994039796
64 3.8220201613212046
65 3.125061408163024
66 3.2691757889939237
67 3.2062774619884316
68 3.522570770770046
69 3.2850117607125493
70 2.8845293969527876
71 2.947645506975926
72 3.0637541787024953
73 3.0508060865218996
74 5.062073462811669
75 2.7884218169378863
76 3.2806563723218276
77 2.7864858926767306
78 3.5011287129364064
79 4.227065844297964
80 3.331019664106611
81 3.9992984449514704
82 2.9970808456932283
83 3.6106778639074135
84 4.1225477951651035
85 4.703872071252267
86 2.914120226514249
87 3.240141196334832
88 3.6790470869267176
89 3.0813466376631258
90 3.602151513644992
91 3.025593185138316
92 4.479299423589831
93 2.9420583495814996
94 3.3690051918869415
95 3.0215550449030593
96 3.349059396401218
97 4.659301079691935
98 3.4641136512230224
99 3.2891628894328155
100 2.8960837013313108
101 3.0195851324714322
102 3.341513686962203
103 3.619337307654593
104 3.393832863909188
105 3.2468735881034037
106 3.153754399387568
107 3.2871867205670884
108 3.3932131932368685
109 3.5021331539105107
110 3.239740591152434
111 3.281519747940036
112 5.080968622404983
113 3.8116045628431907
114 4.58847543132846
115 5.1895657506301704
116 2.9389243637975153
117 3.003039914538763
118 3.154136767574533
119 2.996678697653549
120 2.938468238892518
121 3.641003493284077
122 3.3261236036822526
123 2.836005959620713
124 2.741271817254914
125 3.3919625427951474
126 3.14846996881694
127 3.6448233772397027
128 4.447448854508001
129 2.8997855649485507
130 3.11770308633811
131 3.0372351078755786
132 3.1556488381792103
133 5.150330104181894
134 2.8556784987626003
135 2.848384321839309
136 2.8062956751036947
137 3.41611316212567
138 3.914731448740353
139 2.908858242056654
140 3.0556362705538787
141 3.5241455119931433
142 3.086048892861405
143 3.320840666214214
144 3.074816828334928
145 3.177658587937554
146 4.458403845947234
147 2.869094237546413
148 3.5264861401488248
149 3.29224958934954
150 2.9311069127741973
151 3.566623084710726
152 3.0385041374743826
153 2.9938924399139717
154 3.2696169928680425
155 3.621130386971169
156 3.0517862959083857
157 2.9154276436715634
158 3.2317944518006834
159 3.134990612332087
160 3.4252593587607643
161 3.9422423432485
162 3.441465531199409
163 3.2429769557003474
164 3.302999315504661
165 4.2044027885932325
166 3.4579309535975895
167 2.8615203327791487
168 2.918375595895697
169 3.347236680558828
170 2.8491057191020706
171 3.150792795156394
172 3.1340701360366947
173 3.707518130322632
174 3.025390771264688
175 4.106810389982641
176 3.092619482952954
177 4.07493571104417
178 3.396868352069157
179 3.0158564413356346
180 3.222295938883646
181 3.35504052645378
182 8.125978151570806
183 3.312127501952484
184 3.273234526895748
185 3.4298825866247564
186 3.0271582737296847
187 3.067913765522319
188 3.6955111365896918
189 3.9698191015327735
190 2.978237056477924
191 3.105431577387849
192 3.3708125917423417
193 3.168916880874708
194 3.1971705339106156
195 3.293064514642621
196 3.0634312051516703
197 3.0309619219314885
198 2.77994781468677
199 2.8898098966769004
200 3.0966276200416916
201 2.9990290183394968
202 5.3280684662576
203 2.98678893339061
204 3.0572816285069098
205 3.274542184267521
206 4.454775797443541
207 3.138055837239489
208 2.9374150194647406
209 3.0623366642660805
210 3.3137555093717364
211 3.796381817600757
212 3.181621582024817
213 3.0905026981160884
214 3.007892556711993
215 2.8257764990679406
216 3.392962385883435
217 2.9663629980424986
218 3.0554222281332253
219 2.796458212370646
220 3.367044740315968
221 3.190316867649041
222 3.1866313513596913
223 3.1305923934042785
224 2.873721452309516
225 3.02716630782261
226 4.0016740891616935
227 3.2010923800577946
228 2.9937247291486435
229 2.8405930216684445
230 3.0484754567630294
231 3.006175543358172
232 3.1209488941358803
233 3.0732548955074246
234 2.9336160975254386
235 4.03616011905795
236 3.8465687938900746
237 2.9185751868874346
238 2.928840798531566
239 2.841778478747309
240 3.068847542360583
241 3.107298232402977
242 2.9323475603102307
243 2.9538444789333362
244 3.1724744565763268
245 3.181947700636861
246 3.5498274049057836
247 3.232335992052001
248 2.9549637679150806
249 3.0581190783531955
250 2.9892928798160527
251 3.2170477744367973
252 4.123486144039637
253 3.6049002416730516
254 3.2720507745883096
255 2.7913248501575856
256 3.0720674555234746
257 2.7242611506491516
258 3.0799992019098434
259 3.2549818478260413
260 3.7607577436281447
261 3.677254255459844
262 3.699648493536158
263 7.459825405830053
264 5.585104790377622
265 6.741689492256909
266 5.864893000580287
267 7.554163668270754
268 7.014436618384489
269 5.353809607778721
270 8.057507109546506
271 5.847979442243943
272 7.22944125693591
273 5.188794946799694
274 6.04226810492679
275 6.900978524403582
276 7.366108214616626
277 7.370298033485807
278 5.435383015405633
279 7.279787639781606
280 6.795039582845181
281 7.566460713261408
282 7.806372686369876
283 6.730938429529297
284 6.569268422114059
285 6.007504841675805
286 5.40667255044006
287 5.523959732268834
288 7.786815269489218
289 7.5457501432536285
290 7.742960460826255
291 5.337580746429051
292 7.249098150169224
293 6.609796365591933
294 5.148607533756474
295 5.38265674772501
296 3.1820118771077888
297 5.661527763954081
298 6.462714151195312
299 6.378524348986341
300 5.408677961434456
301 4.792228564562677
302 4.9033233952522455
303 5.738080591515837
304 8.167288050149248
305 6.691448724784919
306 6.794889104423434
307 6.511121119057549
308 7.183932387920592
309 4.729121780810173
310 7.26907737169761
311 6.225092520512187
312 6.167991471046093
313 5.080972212535218
314 6.784528263987624
315 5.031168252182807
316 7.97178261093695
317 6.982467361534007
318 5.734120534582261
319 5.403936528328939
320 7.5539324308018925
321 7.263103342369564
322 8.523060712051668
323 6.3451215177296785
324 6.8500284517257155
325 7.119213491900164
326 5.436287771966895
327 7.027990291701299
328 6.785125131672388
329 2.9617317524230375
330 6.919974015019761
331 7.213042833247445
332 6.967703155283601
333 5.435897950607823
334 7.02072070742963
335 6.57882268731073
336 5.73139556527858
337 7.652035391577603
338 5.375002443547743
339 4.079843116179522
340 6.231957088335584
341 5.999650118728383
342 4.488606210990628
343 4.8922596225059864
344 6.191294442133888
345 5.032098395625455
346 7.130670477824417
347 7.976200541513339
348 6.675469779919366
349 7.894194992332881
350 6.748304947891812
351 6.132577764208328
352 4.205482940527578
353 5.533478793864443
354 5.719974513150908
355 4.903325187916536
356 5.318101060146677
357 6.155233057200456
358 5.918823296267556
359 5.77810089396516
360 5.7669584053951715
361 5.931704583695508
362 4.075921030941771
363 5.089658091368467
364 6.2939177783444125
365 5.907333172018308
366 4.6981787344930055
367 6.683359341930384
368 4.633701385697871
369 4.797518906719003
370 5.156402954321776
371 5.638792872234293
372 5.057470285816408
373 4.0275538082546465
374 4.438579678326763
375 5.519526388887179
376 4.8391116244774635
377 5.618781005822998
378 6.363911364893145
379 4.952615206341232
380 6.021043708816482
381 4.994046991021318
382 5.464846959483438
383 5.936167985931091
384 4.282579865842725
385 6.874025352878344
386 4.850273361732833
387 4.239699562005294
388 4.486494107126445
389 6.034716635885552
390 4.741952047420009
391 5.367914669876286
392 5.737822842998509
393 5.7301003910550765
394 8.513168703813673
395 6.764601370420577
396 7.581331820264677
397 5.5942994010085485
398 4.9589284988459505
399 6.356451596670029
400 5.654599207673178
401 5.523279432513252
402 5.830757551256951
403 5.437259888887845
404 6.141287007564672
405 5.978534442053433
406 6.022581908840662
407 5.898726094572352
408 7.627884620127254
409 7.5932718098044925
410 5.756088669485876
411 5.970630891433149
412 5.043252504900592
413 5.666483376789461
414 6.609125985842587
415 6.463348151328711
416 4.459761223880109
417 6.375336107318794
418 5.866754246493551
419 6.273282260080228
420 4.3164214028184125
421 4.930206554372984
