0 2.8450218343986955
1 4.299453882240713
2 5.100843020771727
3 5.256586133707235
4 6.1531283175851925
5 7.992477817993308
6 6.276120445720326
7 3.560067475724792
8 4.365660908213663
9 3.8274517030806825
10 3.125844000768136
11 3.9733352818141032
12 5.571723421472448
13 4.114341497109598
14 4.991525261039714
15 3.4840344200250684
16 4.327237866478603
17 3.8747114848491755
18 3.924346226233973
19 3.515238326550206
20 4.294645844054089
21 4.56074592013234
22 3.756101146717479
23 3.7018094917702644
24 3.103577958155319
25 2.8967730720196103
26 4.234828944778631
27 3.0662694329113505
28 3.69124758363472
29 3.7686324525740664
30 4.350045610142995
31 4.773544222075887
32 4.328430308642633
33 3.4959547642759805
34 3.1888863595684644
35 5.9135264412918955
36 3.40402462423326
37 3.210387990220022
38 6.291340723586247
39 4.534158744272451
40 3.256516865443031
41 6.315708260045783
42 8.05866551686336
43 6.029950246712389
44 5.28550658517242
45 5.445631192162769
46 5.540129389499124
47 6.587066971919215
48 7.247720585793475
49 7.529693259099089
50 6.671315623253812
51 7.8432324741759425
52 7.60845151050444
53 5.27229118731517
54 5.896509159859234
55 6.305305385317442
56 3.3295976507744722
57 7.311454820863709
58 6.836584209130364
59 5.049724475806073
60 7.395888159885652
61 4.833663863305821
62 6.226832758458839
63 8.538739393456826
64 7.920688048386582
65 8.40289291825365
66 8.413571235406158
67 8.528476642722158
68 7.406296610296022
69 7.4196608308531
70 7.899852867453728
71 7.675781218422595
72 6.4203896382480865
73 7.192059392541195
74 5.916094384801361
75 7.5948018175528915
76 7.030774804415437
77 4.796684370522181
78 7.695622205019624
79 8.325500689423272
80 7.420005740937106
81 5.928015910134698
82 7.557586127659353
83 6.720022723309392
84 5.487905881157319
85 9.390686040391031
86 6.409287724810218
87 4.878215369507244
88 5.676310038689653
89 7.9243552328436975
90 4.903162593937127
91 5.337876601208205
92 6.165276386449016
93 6.178697644365832
94 6.524000376614879
95 7.197015348502072
96 7.274062464444916
97 7.202783462647115
98 7.211506697866523
99 6.284100353246046
100 4.474349000373686
101 4.742553033515115
102 6.049834022373159
103 7.827700613717984
104 8.283609952896812
105 7.993067594466265
106 5.0987841575324735
107 6.245752677102892
108 3.6780566579325207
109 4.678344663390908
110 3.804853376833334
111 4.210871304847047
112 4.975801099311076
113 3.258264436760231
114 6.975450796492488
115 5.8159529158519465
116 6.976201856280289
117 7.890253641964379
118 4.9806220166379465
119 6.624356456513283
120 5.26693393268502
121 6.646164624713247
122 6.109583463960409
123 5.099676356027042
124 5.343557927128032
125 4.333890551081609
126 8.03146961406376
127 6.151121741214599
128 6.414241502721302
129 5.740048450648705
130 7.768173588541625
131 7.916035143665304
132 6.067766625240828
133 7.264993280221122
134 7.36058608045805
135 7.059420336986529
136 8.405887186056733
137 9.830083725280168
138 6.478835544080385
139 7.669034921761525
140 4.61949134576612
141 7.481447785729306
142 4.845627924767996
143 7.217022855359568
144 5.77354194398261
145 5.684742113473046
146 8.044259483348617
147 5.576020117340723
148 7.871303392881352
149 7.3525251448054885
150 6.884683961736826
151 5.696264525874115
152 7.389469947159276
153 7.8625764848344994
154 6.726587076065204
155 4.079141222140722
156 7.472068518208753
157 6.336098891674434
158 6.660137994362277
159 7.178808013278743
160 6.405478955072313
161 6.185090321690012
162 6.613385475109734
163 7.788043999645788
164 7.094575155574391
165 7.753642724683173
166 5.570550043228303
167 5.248711890485459
168 6.359650730358236
169 6.735584744998056
170 7.880004036824221
171 9.860840504407292
172 7.603617086484772
173 8.709506483928067
174 5.018078619832732
175 7.965093611639594
176 6.945163047381825
177 6.6327504439687806
178 9.014089558196126
179 6.250411286342752
180 9.52983808573271
181 7.000098784742834
182 8.104128502063602
183 7.3140056011078265
184 6.725555197565079
185 8.265232454920719
186 6.968713723322888
187 8.04599114194901
188 6.197328143086818
189 6.091845664124631
190 6.602039028027789
191 9.02216350532427
192 6.838460033219997
193 7.725709510180628
194 5.27246571571739
195 5.169042559071676
196 5.871104004833504
197 5.147123562037279
198 8.046324334784678
199 8.330601933291137
200 7.023631332913088
201 7.719732182937797
202 6.040810895545854
203 6.460773406363753
204 6.3961113059363175
205 7.055415940570579
206 5.89453917262621
207 3.9710068533219345
208 6.970553391575088
209 5.691404518525411
210 6.624788767043253
211 4.016214085854843
212 4.94440597223728
213 4.427856822194028
214 6.817821815590123
215 6.186841640883397
216 8.150963461755287
217 6.445202899091053
218 6.210653742503918
219 6.150941735936845
220 6.842512159825997
221 5.270808697306761
222 4.5894658637864145
223 8.306200524287714
224 10.342840283596242
225 6.022471798710666
226 7.050317128269758
227 6.13994807134949
228 8.68890758106239
229 5.333085293533205
230 4.4635167445008515
231 7.658465621862596
232 8.7736318927668
233 7.600163129186244
234 5.653505920522173
235 6.335274965686095
236 7.255543883510129
237 4.515264638425764
238 6.35343966784807
239 5.0321546062288025
240 6.641339663479091
241 6.948546220525182
242 4.539290013106044
243 5.393353447323191
244 7.052006755888849
245 5.861288629907264
246 7.530532063865678
247 7.623427444434671
248 5.9503159227718925
249 6.1075079892745165
250 8.538269621522337
251 9.560483435006802
252 4.307684657278125
253 6.700314286520081
254 5.424244599347681
255 7.028157981308473
256 9.69047916212041
257 7.48563176160421
258 5.19701320821898
259 8.14877722605115
260 7.4620967949048325
261 6.43237349217579
262 4.566527426797417
263 3.9909161813951544
264 6.495551267755291
265 4.637208281539159
266 5.694752646100648
267 3.579078828576426
268 3.0306761784510705
269 5.958270606787094
270 5.059573811216696
271 7.083812980421969
272 5.148136321017636
273 5.419678348594034
274 5.0537506268055585
275 7.1368485850406
276 4.714488806936872
277 5.583348643575076
278 4.358564816476724
279 4.30894644543572
280 4.183875299784347
281 6.327004190061944
282 5.6697366086706324
283 4.870176373958937
284 6.260831582585393
285 3.974881534380835
286 4.881333476860908
287 5.9203869433799
288 4.425742144641942
289 6.539700370609476
290 5.206668957895933
291 5.535756341327876
292 5.597148739099118
293 5.206976083035221
294 6.419360772655308
295 4.536673451007787
296 3.9460497242330446
297 5.73195480227254
298 5.5610412768487105
299 7.490066135341271
300 6.077631385958627
301 5.015466414759924
302 5.884471218379856
303 6.219388306734105
304 7.545155835499689
305 4.491091884216687
306 4.858754190419061
307 5.926196999327294
308 5.171031964314927
309 4.379748960072915
310 4.4028392840037345
311 5.187880795209116
312 3.8304819648835036
313 5.6961922408248995
314 4.565545074574959
315 5.290834048630484
316 8.31746980906485
317 6.986422034560932
318 6.399540216715526
319 3.6704903951526084
320 6.053898236485201
321 6.071152531508071
322 7.117156805203018
323 6.029975167369999
324 5.063613878711851
325 5.776806856072119
326 5.156868997740632
327 4.834221325744752
328 5.439153034143699
329 4.7229334135171746
330 5.1060862053828195
331 4.4532464362520345
332 4.942165890146583
333 6.773838583211826
334 5.480882198231021
335 5.448847974599348
336 5.933952175399297
337 5.522520661732137
338 7.073993101413391
339 5.073271897872207
340 5.787518886308456
341 6.756582180149504
342 4.860298031703529
343 6.176574408368664
344 6.410414497764777
345 4.053663048888554
346 3.6351743720010044
347 4.916362789822611
348 6.46576363475043
349 3.6519813139745234
350 4.286843444557359
351 7.085719147766775
352 5.087776350802351
353 6.353834589794007
354 7.797489547249235
355 5.395359625934977
356 5.887160658844832
357 5.596023173206355
358 5.512840141327248
359 7.279542337396721
360 5.65373704153459
361 6.0757304523637
362 5.275876438745385
363 6.854822971686617
364 6.851534241540376
365 6.990378534504416
366 4.944473214662411
367 4.88815931488345
368 7.015992740992972
369 6.0779000969052674
370 5.31252096096671
371 7.524234830671836
372 5.779265310630137
373 6.840066097674032
374 6.995146901765367
375 8.140774380801279
376 7.484957219469591
377 7.484255691430597
378 7.544449757390987
379 7.29454693318973
380 5.516382065353494
381 6.42364491006049
382 8.069611902055222
383 5.236089231972404
384 4.273485069468757
385 3.433148102706662
386 6.181591439986311
387 4.648493124991397
388 5.4757971591327586
389 6.2221294058122645
390 5.586031606757798
391 5.57010382474328
392 5.594328608880293
393 3.478779372762275
394 5.999176469583338
395 3.744819180527447
396 5.417172485338172
397 6.065320380153439
398 5.633163348636477
399 5.972966784422945
400 7.287317356541981
401 5.3981945649410426
402 7.963423727214661
403 5.798322495901436
404 6.171554568837518
405 7.6779913251960545
406 3.386227845422251
407 5.422111037214728
408 3.2354927558837585
409 7.231940411837807
410 5.167760583016637
411 5.8467896466438205
412 5.405415330264482
413 7.580890433466718
414 5.1094115809196525
415 5.686798830944179
416 6.671590604410033
417 5.466674776822336
418 5.238662000836122
419 5.063476399679956
420 5.095657802132507
421 122.83007401499
