0 81.73106998919302
1 84.21463239720475
2 81.45319709832016
3 71.3739753596892
4 77.17766395730533
5 79.02301931616124
6 77.76733408003162
7 79.4938240213204
8 84.5602673122623
9 79.89026937228051
10 86.28068988121223
11 89.71036684412925
12 88.10116499950642
13 89.34454574576192
14 81.2825332926694
15 79.69265471601099
16 87.08795553896347
17 87.38662172197604
18 78.91533105630798
19 85.06529785023672
20 69.17735086088177
21 83.5934261751908
22 83.2161745668391
23 83.74243714539709
24 79.47094622553709
25 75.22675146579347
26 81.8230185269079
27 74.88876156001173
28 73.43922537498739
29 81.78106536331153
30 83.63024621513462
31 79.14910068688134
32 84.90458775307813
33 85.34966010678023
34 82.91152556615137
35 80.96488181996867
36 88.2992245765057
37 86.53778598227778
38 84.44607860072436
39 79.24233047503104
40 79.03580082003185
41 80.54649355577743
42 83.19183709929568
43 80.87124970358859
44 80.79344501588463
45 72.9815519330042
46 78.24029714902083
47 74.1307868958095
48 82.13451835436786
49 83.3497592924847
50 88.00105402124058
51 83.16698321336851
52 71.7373615354959
53 79.84800285716241
54 73.21692307121812
55 76.07959996358292
56 67.93403131923249
57 76.86520262157114
58 74.25532854024001
59 80.0333426133861
60 77.32441433191477
61 73.47548165945332
62 74.2676992724392
63 77.22478232684635
64 77.137380045037
65 71.60209893045504
66 70.45602998189929
67 73.02516458984257
68 79.38686890336739
69 79.03684127589874
70 77.759167868292
71 79.84535733030631
72 74.7705512740184
73 79.36793137906082
74 84.92361453587596
75 72.65811931039639
76 74.05770683725758
77 75.80415306347707
78 73.40098780534946
79 76.0703354223874
80 80.59130466650245
81 84.64810905160127
82 71.13720291057092
83 81.3773214635427
84 84.21961846360736
85 77.41268104397582
86 80.39990536547701
87 89.65123926908544
88 69.14954085006146
89 78.75220414386924
90 71.34454353909959
91 74.97883115215696
92 71.11624077929837
93 78.31511041586893
94 75.79308843908838
95 77.20677667989048
96 75.89717193145673
97 83.42438045186948
98 76.11675532297562
99 85.91745582350639
100 83.07003164440954
101 70.52859107832475
102 73.96746584766139
103 75.64952304584874
104 68.69918598538202
105 68.85352469580371
106 69.30111378312918
107 78.08086535635864
108 79.28571441311696
109 76.45610384302059
110 74.02265926745194
111 76.79312343249465
112 72.11936587319866
113 76.00912168165279
114 73.05128357319649
115 75.4027751828825
116 75.66635414064547
117 79.05298327528088
118 84.15580614420212
119 76.60538408387754
120 77.55587664288959
121 78.74814845476561
122 81.25600606491285
123 82.52023479151806
124 77.0282544662396
125 66.71885218923272
126 82.16238653227066
127 81.84076778507908
128 75.77113002347322
129 79.57825120553436
130 75.9762825665208
131 82.99527917676872
132 84.00911339689915
133 78.60188050147289
134 86.22151050960143
135 82.73489288040882
136 81.93048741802791
137 71.46992717522382
138 81.87787853726383
139 74.28392099260162
140 79.37528035439313
141 76.45526520812544
142 82.64819492485964
143 79.49640549115688
144 78.2400991733681
145 81.45411171289982
146 76.31869585764622
147 81.13816681440512
148 77.52571491783371
149 83.23350144754865
150 74.68212249757711
151 73.0009641792209
152 81.71559915293174
153 70.0429379882074
154 79.37389720728592
155 83.08734667724259
156 88.6048168300511
157 86.62650751203934
158 80.46739145074433
159 84.68854744072492
160 81.40489684095601
161 83.69197046542094
162 86.54121778570298
163 88.17523970233736
164 86.16346630539668
165 87.4782269709719
166 87.1888350660012
167 85.2727731131434
168 77.77284914451636
169 80.85691610956665
170 78.84766589321266
171 81.51578291480133
172 79.3965294772369
173 76.69082560908272
174 85.14785785147264
175 85.08115618721
176 86.74409070166281
177 83.78643633047209
178 86.61748960370727
179 84.68065337792886
180 83.79624861826281
181 86.94260565381049
182 87.75049697406473
183 83.71725246154126
184 80.15635223567436
185 78.10002870495417
186 78.56249010786543
187 80.23854182476062
188 76.51914957866306
189 83.12745942437647
190 74.04590979900097
191 75.4606701469317
192 80.37891122679805
193 73.44767566146467
194 79.51248234234953
195 79.0443935606932
196 75.60046237808501
197 71.266283165431
198 75.27683412037298
199 71.72083146516592
200 74.58455844245324
201 77.1780017936218
202 78.69591107525729
203 78.57617973082523
204 76.00803363777966
205 70.60800073260276
206 71.05804226537742
207 74.743370239089
208 73.96333074460021
209 80.48418353941956
210 78.10123956744506
211 82.76201883054833
212 72.72184158851945
213 80.48361788602782
214 75.51500589918152
215 76.63282306108371
216 80.69598564301481
217 80.55480513774991
218 82.8030615992001
219 85.74317122912343
220 76.76700764282823
221 74.75507369278752
222 71.94317473351595
223 73.96713346590397
224 73.29191634233479
225 81.19276255249703
226 78.56486144835942
227 78.57566915510178
228 73.12389284242838
229 75.26278591002921
230 87.95432793669158
231 81.07538407367701
232 82.92488109963999
233 86.9067566255211
234 82.98164081507488
235 69.71088643052171
236 73.66306420031763
237 81.31861254824169
238 81.86861172106268
239 76.0724912817493
240 78.75983940968749
241 75.8178261249495
242 80.28282569035099
243 85.21188508237283
244 78.87890221138446
245 70.7773971040571
246 71.68956480400047
247 75.07649833863444
248 64.6600061747702
249 71.93780383560924
250 78.44826438396582
251 66.87256874433348
252 70.02039559042572
253 73.3479823582032
254 75.99719422245965
255 67.28479188276796
256 77.07845964789593
257 73.53988384575925
258 71.69099238309286
259 74.62564669230869
260 75.57685001487766
261 70.54791896916228
262 72.79546137372877
263 70.450659317441
264 78.45227173048478
265 71.07456677618552
266 87.81366315799103
267 73.69454780809944
268 75.89070962171765
269 80.25002017524294
270 78.7025960739003
271 74.77447657839926
272 77.17281127212522
273 78.44436507894552
274 67.13782010970527
275 68.33875058079795
276 78.19310220079842
277 76.54630337766874
278 81.58136608171239
279 72.93691399482448
280 81.0813010671042
281 81.79615069384545
282 83.79694762923666
283 78.5181194414038
284 84.25872526371859
285 76.59978025274417
286 78.43317585272592
287 72.86558140930129
288 73.2628886731656
289 79.87769715980778
290 76.0885409665228
291 83.32484910994786
292 65.88196358349515
293 75.99318045900725
294 71.97150437087916
295 78.4225971602674
296 84.3161629118598
297 75.3757513206548
298 75.73916124930311
299 74.51434055504028
300 68.33456624902001
301 74.19849148240884
302 75.66118147432745
303 78.75328767627767
304 82.42729884388861
305 80.7294902763395
306 86.32951290505791
307 88.47932748793596
308 77.85784493443991
309 77.3840489751135
310 76.13694835143534
311 85.16133651188481
312 78.31825448523647
313 74.18202494496107
314 80.70689174927051
315 74.41982354127262
316 76.1981162304389
317 76.28353494813508
318 80.84118546225983
319 75.16673245877278
320 78.9626366456204
321 77.96870371284749
322 75.98545126301087
323 78.64736733785766
324 83.2732707041716
325 78.88191181311298
326 80.2010113353918
327 80.13637192569864
328 78.85671164629312
329 80.00406067142903
330 75.74473207225822
331 74.33970036567764
332 75.01843842657252
333 78.16551567573813
334 69.98724928404891
335 82.0577244770387
336 69.78885724119169
337 79.33880542716227
338 83.81889987755572
339 77.06089571866383
340 67.75542570694914
341 75.128488790897
342 74.69484997354313
343 69.13591960156
344 71.30529927933542
345 71.05492291058435
346 68.94675336479135
347 73.46709079934287
348 72.16608286659775
349 71.19921879294073
350 71.83344508847716
351 74.81784383130133
352 81.04817329079533
353 77.70539079187178
354 81.32981727103906
355 78.51688468083177
356 73.34425210167463
357 76.96064418430876
358 80.12103987498833
359 77.06056704068183
360 79.59067448205214
361 71.31074262370086
362 73.99626150655179
363 69.79941769416122
364 70.31932367076959
365 77.95368486096349
366 75.06161277784156
367 69.56159766829356
368 70.22803479189375
369 79.92726846391929
370 73.4772937077043
371 71.5047851839861
372 75.09109150052424
373 74.3033149193504
374 77.28761297164303
375 66.35599374022976
376 70.44232059824401
377 72.85887950370716
378 69.93867526880034
379 69.46179862452867
380 79.70210740612274
381 77.0267449759898
382 85.05861437455665
383 81.23859115077173
384 81.78196849542626
385 82.47612184570563
386 89.03053185568052
387 84.91460292740558
388 88.30600153307182
389 81.92806290017396
390 88.51788702745468
391 83.89887681665319
392 84.55085079824508
393 76.29581433327171
394 80.29787730483503
395 79.82803430183088
396 81.30587587682896
397 80.92429549694495
398 78.25749796239104
399 78.63933141869575
400 82.09028367318425
401 79.95534350698541
402 82.66702835115242
403 83.48455449019778
404 77.62050034354048
405 75.75280857224878
406 83.14044415016195
407 75.39373416278245
408 74.61207634991244
409 68.04588823713483
410 73.40994927889662
411 71.45476336107394
412 65.40104069216048
413 72.64543060351333
414 76.29860021169753
415 65.28740548632099
416 65.53437308440427
417 71.73579315335391
418 71.77292439656945
419 70.04035209141838
420 71.87485695900499
421 78.33422251851826
