1 2.8264377117156982 2.4354584217071533 2.5708272457122803 1.9493390321731567 1.5555756092071533 1.492592215538025
2 2.6715431213378906 2.307220935821533 2.4982807636260986 1.5457041263580322 1.4792784452438354 1.0162327289581299
3 2.818315029144287 2.4774422645568848 2.361795663833618 1.6223478317260742 1.644178032875061 1.118503212928772
4 2.885845422744751 2.5123937129974365 2.0529515743255615 1.540258765220642 1.914713740348816 1.055661678314209
5 2.7899107933044434 2.425546169281006 2.2176120281219482 1.5603094100952148 1.8554762601852417 1.1218087673187256
6 3.048149585723877 2.647798776626587 2.1522514820098877 1.771384358406067 1.727852702140808 1.3590506315231323
7 2.750544786453247 2.345177412033081 2.1343252658843994 1.9573451280593872 1.5592472553253174 1.495388388633728
8 2.526470184326172 2.0331974029541016 1.8544729948043823 1.6544370651245117 1.2952427864074707 1.2041407823562622
9 3.0782251358032227 2.6613357067108154 2.0853967666625977 1.5821032524108887 1.88620924949646 1.377860188484192
10 2.7134339809417725 2.2744245529174805 2.351245403289795 1.7500617504119873 1.7856075763702393 1.2503395080566406
11 2.9525012969970703 2.5125913619995117 2.3651797771453857 1.6924059391021729 2.3272197246551514 0.9744006991386414
12 2.6576342582702637 2.148750066757202 1.862514615058899 1.7593488693237305 1.762742519378662 1.1267565488815308
13 2.534838914871216 2.02043080329895 2.060487747192383 1.6166627407073975 1.9884660243988037 1.1779797077178955
14 2.9696967601776123 2.445936441421509 2.1501665115356445 1.9558026790618896 1.8955249786376953 1.3629703521728516
15 3.033402442932129 2.582517385482788 2.150491237640381 2.0296132564544678 2.2217354774475098 1.2138776779174805
16 2.7887072563171387 2.2886922359466553 2.010282039642334 1.8202749490737915 1.8384233713150024 1.384212851524353
17 2.7548396587371826 2.2436866760253906 2.055605173110962 2.102102279663086 1.9035588502883911 1.110487461090088
18 3.2332897186279297 2.7855873107910156 2.0058114528656006 2.032973289489746 1.9447344541549683 0.9582982063293457
19 3.0335590839385986 2.479743719100952 2.3722593784332275 2.270625352859497 2.0495128631591797 1.232810616493225
20 3.5551741123199463 3.121795654296875 2.153620719909668 2.082226514816284 1.9033762216567993 1.1350747346878052
21 3.119415283203125 2.6120567321777344 2.0861051082611084 2.065373182296753 1.7173587083816528 1.222067952156067
22 3.4369564056396484 3.054124593734741 3.073249578475952 2.320495128631592 2.013831377029419 1.576709508895874
23 3.0794193744659424 2.6081624031066895 2.8515806198120117 1.9396311044692993 1.8432872295379639 1.01003098487854
24 3.4473655223846436 3.0753073692321777 2.6600136756896973 2.1299474239349365 1.5521467924118042 1.4236037731170654
25 3.810234785079956 3.505481481552124 2.9508728981018066 2.119269609451294 1.8442779779434204 1.1907039880752563
26 3.2634921073913574 2.8878228664398193 2.806917905807495 1.886663794517517 1.8295694589614868 1.1959038972854614
27 3.610029697418213 3.252161741256714 2.7149360179901123 1.911751627922058 1.7151906490325928 1.2985954284667969
28 3.769551992416382 3.407142162322998 2.5032801628112793 1.8594077825546265 1.9903851747512817 1.1345000267028809
29 3.121594190597534 2.6677045822143555 2.5194265842437744 1.784786581993103 1.8913753032684326 1.1454799175262451
30 3.3045735359191895 2.8868744373321533 3.367219924926758 1.4373970031738281 2.5230932235717773 0.9790881276130676
31 2.850952625274658 2.277013063430786 2.5169119834899902 1.5487474203109741 2.0428547859191895 1.1879552602767944
32 3.112293243408203 2.640476942062378 2.9819884300231934 1.9296269416809082 1.9249647855758667 1.3571449518203735
33 2.974200963973999 2.5111441612243652 2.5856010913848877 1.9754512310028076 1.8438729047775269 1.4948561191558838
34 3.0928637981414795 2.6234776973724365 2.4826183319091797 1.9613550901412964 1.6377464532852173 1.403689980506897
35 3.4681029319763184 3.0250284671783447 2.982286214828491 1.9220579862594604 2.6450352668762207 1.157547950744629
36 3.2204103469848633 2.7434661388397217 3.0327341556549072 1.8364202976226807 2.7842965126037598 1.0929313898086548
37 3.6978883743286133 3.3471102714538574 3.4706902503967285 2.004251003265381 2.273837089538574 1.307703971862793
38 3.4447147846221924 3.087031602859497 3.3128366470336914 2.0851261615753174 2.352187395095825 1.489363670349121
39 3.5677413940429688 3.1832427978515625 2.520709276199341 2.180314064025879 1.6288152933120728 1.5371581315994263
40 3.3439271450042725 2.9575977325439453 2.63175106048584 1.8922475576400757 1.2189396619796753 1.039574384689331
41 3.273383140563965 2.83371901512146 2.8034493923187256 2.0183987617492676 1.5776331424713135 1.1202913522720337
42 3.5080535411834717 3.036998987197876 2.711085557937622 2.0555477142333984 1.7604490518569946 1.3090976476669312
43 3.375086784362793 2.8346331119537354 2.230618715286255 2.3623297214508057 1.5343971252441406 1.5674418210983276
44 3.2103657722473145 2.6642630100250244 2.2550716400146484 2.085594415664673 1.4710521697998047 1.237438678741455
45 3.60736083984375 3.16422700881958 2.615448236465454 2.199256420135498 1.418436884880066 1.2825980186462402
46 3.1817691326141357 2.5945324897766113 2.2499871253967285 2.243795394897461 1.3708478212356567 1.570098876953125
47 3.9525346755981445 3.558656692504883 2.7419683933258057 2.18843674659729 1.6503256559371948 1.231986403465271
48 3.3604564666748047 2.8563027381896973 2.7224762439727783 2.023977518081665 1.8789615631103516 1.05443274974823
49 3.3382978439331055 2.8526315689086914 2.7912774085998535 2.1673080921173096 1.9396110773086548 1.3417742252349854
50 3.537318706512451 3.161414623260498 2.980531930923462 2.6582887172698975 2.3870363235473633 1.5095112323760986
51 3.595858335494995 3.2280080318450928 2.5561423301696777 2.6119134426116943 1.905949354171753 1.095786690711975
52 3.710902452468872 3.402207374572754 2.413097620010376 2.40531849861145 1.956498146057129 1.4186290502548218
53 3.5882458686828613 3.2935197353363037 2.3492379188537598 3.0611250400543213 1.8170427083969116 1.3744823932647705
54 4.061908721923828 3.7905917167663574 2.271346092224121 2.727691411972046 1.9530370235443115 1.3198233842849731
55 4.501187801361084 4.328908920288086 2.363595962524414 3.987380027770996 1.8812804222106934 1.1160908937454224
56 4.117469310760498 3.8122527599334717 2.5022807121276855 2.7756125926971436 1.8567897081375122 1.209497332572937
57 3.8067448139190674 3.4609408378601074 2.787872314453125 2.7472054958343506 1.9967867136001587 1.2416512966156006
58 4.531725883483887 4.3167033195495605 3.425713300704956 3.01800274848938 3.01564621925354 1.4600048065185547
59 3.682687520980835 3.3082306385040283 2.945634126663208 2.95933198928833 2.6069681644439697 1.511212944984436
60 3.7032151222229004 3.287250280380249 2.2129886150360107 2.9925179481506348 1.9849467277526855 1.6761386394500732
61 3.6847472190856934 3.291830539703369 2.203697681427002 3.0771543979644775 2.075216293334961 1.5022058486938477
62 4.106101989746094 3.8256680965423584 2.4675490856170654 3.885935068130493 1.8603770732879639 1.3225572109222412
63 4.0067291259765625 3.645718812942505 2.4219822883605957 3.958341598510742 2.093363046646118 1.19465172290802
64 3.724210023880005 3.2954015731811523 2.4281158447265625 3.394441604614258 1.9436571598052979 1.7018842697143555
65 4.156863212585449 3.932988405227661 2.76104474067688 3.5430655479431152 1.966220498085022 1.2057756185531616
66 4.186225891113281 3.8952245712280273 3.076949119567871 3.0067338943481445 2.4186220169067383 1.3944370746612549
67 4.5407538414001465 4.312530040740967 3.1732423305511475 3.2377965450286865 2.4327547550201416 1.1174684762954712
68 3.822312831878662 3.41658353805542 2.9097797870635986 2.981593370437622 2.4374072551727295 1.4247649908065796
69 3.577733278274536 3.099311590194702 2.494335889816284 3.085780143737793 1.9187595844268799 1.24077570438385
70 3.621168851852417 3.201897382736206 2.3900716304779053 3.2254066467285156 1.8465466499328613 1.1931651830673218
71 4.098153114318848 3.692148208618164 2.455472230911255 3.271676778793335 2.088975191116333 1.1821043491363525
72 3.9215075969696045 3.5373058319091797 2.2773854732513428 3.194955587387085 1.7993919849395752 1.2193739414215088
73 3.556875228881836 3.12764048576355 2.291508436203003 2.921250581741333 1.5676052570343018 1.1453944444656372
74 3.401750087738037 2.950035810470581 2.26350474357605 2.88087797164917 1.548516869544983 1.4748899936676025
75 4.427859306335449 4.144173622131348 2.047621250152588 3.156041145324707 1.557159423828125 1.192952275276184
76 4.212771892547607 3.912581443786621 2.2579128742218018 2.8055260181427 1.4351152181625366 1.0487111806869507
77 4.096855640411377 3.7561378479003906 2.535068988800049 2.9426870346069336 1.8887888193130493 1.1476718187332153
78 3.89717960357666 3.505277156829834 2.1291537284851074 2.926363468170166 1.724279761314392 1.3285514116287231
79 3.8293850421905518 3.4343678951263428 1.9882006645202637 3.479069471359253 1.7661218643188477 1.2823415994644165
80 3.6833877563476563 3.2986679077148438 2.3318848609924316 3.4157910346984863 1.8838833570480347 1.303512454032898
81 3.6659467220306396 3.292064905166626 2.5508387088775635 3.466261148452759 1.7259241342544556 1.5813722610473633
82 4.240898132324219 3.945242166519165 2.3743176460266113 3.424330472946167 1.650168538093567 1.364499568939209
83 4.269404411315918 4.032577991485596 2.954530954360962 3.5570051670074463 1.9737615585327148 1.3856343030929565
84 3.871840476989746 3.5745766162872314 2.661517858505249 3.5275886058807373 1.6927268505096436 1.1737391948699951
85 3.899672269821167 3.5643036365509033 2.688831329345703 3.4539573192596436 2.1495556831359863 1.118333101272583
86 4.170650005340576 3.8903706073760986 2.601102113723755 3.7419612407684326 2.1361231803894043 1.2702596187591553
87 3.7574195861816406 3.359874725341797 2.534543514251709 3.374145030975342 1.8362385034561157 1.3471649885177612
88 4.271323204040527 4.077266693115234 2.824385404586792 3.7980196475982666 1.909600019454956 1.2193922996520996
89 3.960385322570801 3.668546199798584 2.8861451148986816 3.629995584487915 1.8345897197723389 1.1013516187667847
90 4.760396957397461 4.5811638832092285 2.9315149784088135 3.976102590560913 2.1628167629241943 1.4484601020812988
91 4.254682540893555 3.949791431427002 2.892212390899658 3.748922109603882 2.432990550994873 1.6963566541671753
92 5.118836402893066 5.010450839996338 4.417014122009277 3.8779921531677246 3.2456705570220947 1.3317385911941528
93 4.460705280303955 4.2559099197387695 3.75439190864563 3.671081781387329 2.53688645362854 1.3160595893859863
94 4.690089225769043 4.496537208557129 4.0363616943359375 3.673508882522583 3.152712106704712 1.4377809762954712
95 4.159567832946777 3.8602612018585205 2.7533538341522217 3.789123296737671 2.285163402557373 1.3771084547042847
96 4.4354248046875 4.220870494842529 3.2655465602874756 3.764829158782959 2.8630802631378174 1.3022735118865967
97 4.210298538208008 3.91628360748291 2.9114537239074707 3.7597970962524414 2.3014907836914063 1.5881338119506836
98 4.36846399307251 4.075240135192871 3.289339780807495 3.659222364425659 2.6171741485595703 1.52719247341156
99 4.519679546356201 4.252167701721191 3.650296688079834 3.752183198928833 3.1257362365722656 1.5511844158172607
100 4.213746547698975 3.8844058513641357 3.2135138511657715 3.7190446853637695 2.5183775424957275 1.493779182434082
101 4.396339416503906 4.114142417907715 3.1550750732421875 3.6658084392547607 2.6192190647125244 1.7555432319641113
102 4.477491855621338 4.252066135406494 3.3956689834594727 3.859776735305786 2.6416733264923096 2.1137514114379883
103 4.5162224769592285 4.265199661254883 2.8301541805267334 3.77528715133667 2.4227380752563477 1.2649613618850708
104 5.000720500946045 4.765679836273193 2.6091506481170654 3.7682528495788574 2.1987428665161133 1.247432827949524
105 4.882068157196045 4.626123905181885 2.68170166015625 3.8163070678710938 2.2449584007263184 1.5470582246780396
106 4.691451072692871 4.435001850128174 2.8429861068725586 3.660757541656494 2.045699119567871 1.4158049821853638
107 4.232823848724365 3.84940242767334 2.965435028076172 3.5435521602630615 2.537959337234497 1.3710721731185913
108 4.1908721923828125 3.8328299522399902 2.5866200923919678 3.652846574783325 1.991787314414978 1.532941222190857
109 4.105104446411133 3.7771389484405518 2.4329802989959717 3.8248085975646973 2.075862407684326 1.653583288192749
110 4.214380741119385 3.8792855739593506 2.598842144012451 3.830789804458618 2.201079845428467 1.8201791048049927
111 4.210082530975342 3.864689588546753 2.5274293422698975 3.6772396564483643 2.257127046585083 1.5862696170806885
112 4.306833267211914 3.997436285018921 2.868664026260376 3.6602942943573 2.3498058319091797 1.304370403289795
113 4.489215850830078 4.196574687957764 2.6575777530670166 3.7759811878204346 2.131845235824585 1.495445966720581
114 4.1405134201049805 3.815579414367676 2.7518227100372314 3.521726369857788 1.908411979675293 1.704611897468567
115 4.389990329742432 4.042908191680908 2.628223419189453 3.6059720516204834 2.3014936447143555 1.6675965785980225
116 4.0310845375061035 3.6687965393066406 2.700955629348755 3.567913770675659 2.442502737045288 1.8875643014907837
117 3.788961172103882 3.3879380226135254 2.7124388217926025 3.484473705291748 2.1396923065185547 1.5649796724319458
118 3.7415359020233154 3.3119850158691406 2.6306426525115967 3.497114419937134 2.0819451808929443 1.755932331085205
119 3.857604503631592 3.4996402263641357 2.3834264278411865 3.3717873096466064 1.9327465295791626 1.5433109998703003
120 4.105762004852295 3.727048397064209 2.494396448135376 3.4621877670288086 1.9442987442016602 1.8010673522949219
121 3.8517749309539795 3.429668664932251 2.41314697265625 3.367443561553955 1.8592324256896973 1.5892333984375
122 4.061331748962402 3.652752161026001 2.5684821605682373 3.3639163970947266 2.051922082901001 1.8322830200195313
123 4.012188911437988 3.660186290740967 2.549501419067383 3.4695568084716797 1.7997387647628784 1.8676353693008423
124 3.759728193283081 3.3077731132507324 2.430542230606079 3.3040950298309326 1.8794277906417847 1.953014850616455
125 4.626532554626465 4.39275598526001 2.915102481842041 3.366391658782959 2.3264222145080566 1.766211986541748
126 3.601047992706299 3.113302230834961 2.400193214416504 3.3942112922668457 1.9434287548065186 1.7653582096099854
127 3.6521310806274414 3.137437343597412 2.594459056854248 3.232409954071045 2.069577932357788 1.4929076433181763
128 4.072088718414307 3.6683576107025146 2.3605973720550537 3.1900506019592285 2.19602108001709 1.522221326828003
129 3.7379021644592285 3.3075287342071533 2.7043533325195313 3.2406716346740723 2.1742236614227295 1.3101115226745605
130 4.3960394859313965 4.033470630645752 2.7179925441741943 3.4919707775115967 2.1762118339538574 1.8514225482940674
131 4.1112961769104 3.7005350589752197 2.647921323776245 3.58455491065979 1.9685291051864624 2.096896171569824
132 4.1347737312316895 3.799311876296997 2.6957006454467773 3.798686981201172 2.0020947456359863 2.313890218734741
133 3.9599571228027344 3.6269118785858154 2.6718952655792236 3.490858554840088 1.9272209405899048 1.5779669284820557
134 3.755070924758911 3.324773073196411 2.5900559425354004 3.484337329864502 2.1968624591827393 1.653423547744751
135 3.651214361190796 3.180156946182251 2.3653063774108887 3.4592318534851074 1.9080113172531128 2.0037684440612793
136 3.66793155670166 3.23260498046875 2.729456663131714 3.4014880657196045 2.3396074771881104 1.4838770627975464
137 4.316400527954102 4.034956455230713 2.7608118057250977 3.504094123840332 2.217700242996216 1.5377064943313599
138 3.7610769271850586 3.3221616744995117 2.5207576751708984 3.405573606491089 2.2738730907440186 1.5340007543563843
139 4.030980110168457 3.604531764984131 2.3866147994995117 3.4162585735321045 2.171921491622925 1.613753318786621
140 3.8563344478607178 3.4958102703094482 2.5452346801757813 3.6481547355651855 2.0975182056427 1.521431803703308
141 3.9512386322021484 3.58744478225708 2.7970263957977295 3.5643770694732666 2.35174298286438 2.056682586669922
142 3.9033472537994385 3.5399117469787598 2.9292140007019043 3.577244997024536 2.349148988723755 1.4601624011993408
143 4.070801258087158 3.7498953342437744 2.6041319370269775 4.0109758377075195 2.1719207763671875 1.8599498271942139
144 3.770735502243042 3.37605619430542 2.4760186672210693 3.6992039680480957 2.118353843688965 1.9778825044631958
145 4.0128631591796875 3.607151508331299 2.453583002090454 3.6869826316833496 1.9071564674377441 1.9295474290847778
146 4.099455833435059 3.6657464504241943 2.5250861644744873 3.5693674087524414 2.2762796878814697 1.9765911102294922
147 3.8241865634918213 3.3630642890930176 2.545558214187622 3.307664394378662 1.9438501596450806 1.7758948802947998
148 3.8030879497528076 3.3835055828094482 2.346802234649658 3.3971245288848877 1.8350929021835327 2.1184580326080322
149 3.7817389965057373 3.3012659549713135 2.499345302581787 3.2272701263427734 1.9534695148468018 1.9651551246643066
150 4.552767276763916 4.2512898445129395 3.1089322566986084 3.266610860824585 2.1891658306121826 1.5466560125350952
151 4.434103488922119 4.141633033752441 3.1109840869903564 3.2014527320861816 2.2795724868774414 1.3818179368972778
152 4.026028156280518 3.648775577545166 2.9416184425354004 3.161151170730591 2.2956576347351074 1.7722450494766235
153 4.313468933105469 3.931105375289917 2.807030439376831 3.253906011581421 2.1431362628936768 1.9445186853408813
154 3.957217216491699 3.5550968647003174 2.713512420654297 3.2546560764312744 2.048068046569824 1.720778465270996
155 4.065702438354492 3.7056970596313477 2.657010316848755 3.4567835330963135 2.3749306201934814 2.4236743450164795
156 3.9549319744110107 3.5559749603271484 2.688403606414795 3.506476640701294 2.08278489112854 2.4829890727996826
157 4.015652179718018 3.6709516048431396 2.823967695236206 3.6172966957092285 2.2692372798919678 2.638885736465454
158 3.8564703464508057 3.5024359226226807 2.76296067237854 3.4196858406066895 2.226975202560425 2.3630330562591553
159 4.058751583099365 3.6678264141082764 2.728944778442383 3.701791286468506 2.293086528778076 2.5665781497955322
160 4.1198954582214355 3.8199052810668945 3.0763959884643555 3.421790838241577 2.527372121810913 2.077047348022461
161 4.274649620056152 3.8941783905029297 2.5988197326660156 3.548473358154297 2.5020740032196045 2.393684148788452
162 3.9869089126586914 3.568530321121216 2.756004810333252 3.62253475189209 2.3142049312591553 2.485179901123047
163 3.983464002609253 3.50988507270813 2.674060583114624 3.463602066040039 2.4550609588623047 2.345738410949707
164 3.836930751800537 3.44294810295105 2.4565956592559814 3.5814154148101807 2.2975475788116455 2.3555006980895996
165 3.8422749042510986 3.386018991470337 2.3076255321502686 3.681830883026123 2.078749418258667 2.6866447925567627
166 3.7946441173553467 3.4056520462036133 2.5730435848236084 3.7080936431884766 2.2502517700195313 2.4705216884613037
167 4.198077201843262 3.832815647125244 2.8357365131378174 3.513004779815674 2.482964038848877 2.27902889251709
168 4.198925495147705 3.8623745441436768 2.272840738296509 3.4008681774139404 1.9657745361328125 1.990157127380371
169 3.7384917736053467 3.276660919189453 2.1941189765930176 3.487825632095337 2.0620369911193848 2.232672691345215
170 3.813201665878296 3.4326279163360596 2.427229166030884 3.712458848953247 2.2417984008789063 2.1102819442749023
171 4.171109676361084 3.8355417251586914 2.6682589054107666 3.6164798736572266 2.134390354156494 1.8665528297424316
172 3.997758626937866 3.692112684249878 2.6928470134735107 3.555896759033203 2.146589994430542 2.1110143661499023
173 3.9225265979766846 3.5960116386413574 2.4353976249694824 3.519449472427368 1.9978123903274536 2.0094432830810547
174 3.7741270065307617 3.3608627319335938 2.077296018600464 3.705362319946289 1.9962717294692993 2.076343536376953
175 3.845672845840454 3.4301462173461914 2.128361225128174 3.8507721424102783 1.9357537031173706 2.4335100650787354
176 3.8079121112823486 3.4150261878967285 2.418091058731079 3.7899997234344482 2.276289463043213 2.3085813522338867
177 3.904308795928955 3.553914785385132 2.465366840362549 3.772183656692505 2.0150513648986816 2.705096483230591
178 3.835555076599121 3.4612724781036377 2.499302864074707 3.555992603302002 1.964499831199646 1.996520757675171
179 3.9856057167053223 3.621314764022827 2.3429384231567383 3.7659764289855957 1.687613606452942 2.43210768699646
180 4.100495338439941 3.797926425933838 2.6806187629699707 3.5659821033477783 1.8373767137527466 2.1830849647521973
181 3.752485990524292 3.3231935501098633 2.6614177227020264 3.2571332454681396 1.8981201648712158 1.9211493730545044
182 3.7902474403381348 3.3000643253326416 2.418476104736328 3.351992607116699 1.7825236320495605 2.1390204429626465
183 4.032801151275635 3.6794583797454834 2.799865961074829 3.539952278137207 2.037341594696045 2.1267707347869873
184 4.037862300872803 3.6793408393859863 2.65183162689209 3.58979868888855 1.8845291137695313 2.2592523097991943
185 3.9380416870117188 3.6279678344726563 2.6953561305999756 3.370469570159912 1.8845797777175903 1.630282998085022
186 3.95874285697937 3.579273223876953 2.642378807067871 3.3136606216430664 2.1330132484436035 2.085456609725952
187 4.365556240081787 4.085337162017822 2.694664239883423 4.0941267013549805 2.2492878437042236 2.048068046569824
188 4.076050758361816 3.7539267539978027 2.9752392768859863 3.68729305267334 2.169522762298584 1.6321085691452026
189 4.1367316246032715 3.796412706375122 2.9782190322875977 3.742504596710205 2.116974353790283 2.336996555328369
190 4.114865303039551 3.7906088829040527 2.900329828262329 3.546329975128174 2.421318292617798 1.3597431182861328
191 4.099787712097168 3.8169901371002197 3.023430824279785 3.3882462978363037 2.3099961280822754 1.607366681098938
192 3.937302350997925 3.598961591720581 3.0748343467712402 3.4638917446136475 2.112685441970825 1.4395619630813599
193 4.1938581466674805 3.963338613510132 3.0498616695404053 3.6265780925750732 2.0598936080932617 1.369102954864502
194 4.025879383087158 3.7267937660217285 3.195439577102661 3.700542688369751 2.4083962440490723 1.402703046798706
195 3.650963306427002 3.253291368484497 2.5567057132720947 3.2981393337249756 1.7531718015670776 1.1839632987976074
196 3.906064987182617 3.5903971195220947 2.6325900554656982 3.4229555130004883 2.024439573287964 1.4610956907272339
197 4.523222923278809 4.333855628967285 2.6401078701019287 3.603087902069092 2.0242650508880615 1.2539530992507935
198 3.967003583908081 3.6740872859954834 2.621574640274048 3.3862221240997314 2.1719162464141846 1.3982194662094116
199 4.387098789215088 4.189362525939941 3.2444658279418945 3.620638132095337 2.4766392707824707 1.479925513267517
200 3.917968511581421 3.566802740097046 2.843388795852661 3.4097347259521484 2.1217105388641357 1.669998288154602
201 4.183986663818359 3.925400495529175 3.1194918155670166 3.5400867462158203 2.266828775405884 1.7693716287612915
202 4.070623397827148 3.78771710395813 3.1769449710845947 3.4353551864624023 2.356654167175293 1.7871180772781372
203 3.981708526611328 3.6798150539398193 2.9475350379943848 3.4120540618896484 2.0669212341308594 1.4862399101257324
204 3.9915904998779297 3.72680926322937 2.9813787937164307 3.4816696643829346 2.1238982677459717 1.2111362218856812
205 4.164590835571289 3.8795058727264404 2.853144884109497 3.579246997833252 2.146742343902588 1.4630054235458374
206 4.300410747528076 4.029325008392334 2.7696902751922607 3.6135098934173584 2.0626556873321533 1.227535605430603
207 3.688508987426758 3.3333263397216797 2.8290956020355225 3.2127387523651123 2.0427472591400146 1.4465305805206299
208 4.1984944343566895 3.9196600914001465 2.8783767223358154 3.415131092071533 2.08846116065979 1.6833566427230835
209 3.6455297470092773 3.2842135429382324 2.7365448474884033 3.2400848865509033 2.0829620361328125 1.4430798292160034
210 4.153835773468018 3.880143880844116 2.8557257652282715 3.411921501159668 2.2434287071228027 1.893327236175537
211 3.768723726272583 3.413173198699951 2.6804697513580322 3.4852917194366455 1.8999443054199219 1.6363611221313477
212 4.191647529602051 3.944746971130371 3.035140037536621 3.7871296405792236 1.9633619785308838 1.3565080165863037
213 4.017995357513428 3.750195264816284 3.0109450817108154 3.8302299976348877 2.1584343910217285 2.0287084579467773
214 4.077516555786133 3.835420846939087 2.7559261322021484 3.677475690841675 1.9035226106643677 1.3739852905273438
215 3.930957317352295 3.6728007793426514 2.7115066051483154 3.5159177780151367 1.943791389465332 1.4348247051239014
216 3.679579019546509 3.3265769481658936 2.5706324577331543 3.558495283126831 1.9349737167358398 1.491441249847412
217 3.7039783000946045 3.365800142288208 2.9591948986053467 3.2925591468811035 2.273594856262207 1.5869368314743042
218 3.7336206436157227 3.332105875015259 2.8034775257110596 3.3123035430908203 1.769197702407837 1.686100721359253
219 3.835449457168579 3.4826412200927734 2.812040090560913 3.3142731189727783 1.8762271404266357 1.8288930654525757
220 3.593661308288574 3.223607063293457 2.762742757797241 3.1604268550872803 1.7696255445480347 1.3016152381896973
221 4.024130821228027 3.743253707885742 2.6081762313842773 3.1805386543273926 2.00576114654541 1.2703579664230347
222 4.138645648956299 3.888654947280884 2.867011785507202 3.096499443054199 2.2374353408813477 1.012454628944397
223 4.088510513305664 3.835706949234009 2.882713794708252 3.505695104598999 2.016523599624634 1.3920406103134155
224 4.0557451248168945 3.806217670440674 2.92301869392395 3.5001864433288574 1.8627827167510986 1.0107297897338867
225 3.9100534915924072 3.63333797454834 2.7894837856292725 3.696685314178467 2.0796642303466797 1.3434711694717407
226 4.013307571411133 3.7863686084747314 2.7709600925445557 3.7748472690582275 2.025902032852173 1.23836350440979
227 3.9105615615844727 3.619225263595581 2.527230739593506 3.6839439868927 1.8093550205230713 1.2761977910995483
228 4.03148078918457 3.690404176712036 2.6640539169311523 3.3880250453948975 2.0715157985687256 1.2213987112045288
229 3.8112542629241943 3.4611570835113525 2.5704567432403564 3.46480131149292 2.1163923740386963 1.360758662223816
230 3.551332473754883 3.102672815322876 2.805802345275879 3.088824987411499 2.258610248565674 1.1879849433898926
231 3.7867515087127686 3.421438694000244 2.6392886638641357 3.26951265335083 1.894356608390808 1.0488178730010986
232 3.907233715057373 3.628267288208008 2.8498189449310303 3.4028666019439697 1.7885892391204834 1.2133512496948242
233 3.620985269546509 3.1743810176849365 2.4776084423065186 3.3202362060546875 1.8587013483047485 1.398728370666504
234 3.7677969932556152 3.410602331161499 2.9036505222320557 3.31892728805542 1.893171787261963 1.1606194972991943
235 4.780961036682129 4.589330196380615 2.793957233428955 3.7761423587799072 2.3084797859191895 1.3110657930374146
236 4.088691234588623 3.7898128032684326 2.778560161590576 3.614043951034546 2.0313596725463867 1.1667234897613525
237 3.9927024841308594 3.633823871612549 2.620529890060425 3.555168628692627 1.9176692962646484 1.0948021411895752
238 3.829472064971924 3.437743902206421 2.767561912536621 3.407796859741211 1.9638330936431885 1.3587310314178467
239 4.233438014984131 3.9740564823150635 2.805864095687866 3.8220715522766113 2.112199306488037 1.3275033235549927
240 4.124188423156738 3.7674436569213867 2.9477310180664063 3.543144464492798 2.5347228050231934 1.1626372337341309
241 4.202616214752197 3.9020400047302246 3.1932175159454346 3.5538601875305176 2.626889944076538 1.4262282848358154
242 4.103158950805664 3.8202226161956787 2.945269823074341 3.703432559967041 2.254518508911133 1.0278041362762451
243 3.9103188514709473 3.5342583656311035 2.6811861991882324 3.5286970138549805 2.2387094497680664 1.3082321882247925
244 4.081339359283447 3.748120069503784 2.8415777683258057 3.6352593898773193 2.2418582439422607 1.1070854663848877
245 4.782544136047363 4.611719608306885 2.9754786491394043 3.949909210205078 2.257732629776001 1.472782015800476
246 4.379158973693848 4.128994941711426 2.6366453170776367 3.8088550567626953 2.052091360092163 1.3674421310424805
247 4.509963035583496 4.274644374847412 2.9829068183898926 3.6962413787841797 2.115457534790039 1.3095628023147583
248 5.1135687828063965 4.931218147277832 3.216785430908203 3.6132049560546875 2.4708003997802734 1.0994083881378174
249 4.509537696838379 4.281506538391113 2.9047932624816895 3.7767884731292725 2.280893087387085 1.4110326766967773
250 4.571979522705078 4.344627857208252 2.5525565147399902 3.9949097633361816 2.205209255218506 1.6418161392211914
251 4.883824825286865 4.684610843658447 2.847370147705078 3.9996654987335205 2.352346181869507 1.599017858505249
252 4.660595893859863 4.461685657501221 2.735161066055298 4.04548978805542 2.069798469543457 1.6807130575180054
253 4.665835380554199 4.501046657562256 2.6892242431640625 3.972282648086548 1.9902361631393433 1.2822073698043823
254 4.6578779220581055 4.400015354156494 2.9006364345550537 3.992924690246582 2.213792562484741 1.5404757261276245
255 4.8254499435424805 4.629432678222656 3.0859477519989014 3.870959758758545 1.9697442054748535 1.193792462348938
256 4.274501323699951 4.011860370635986 2.999986171722412 3.7109689712524414 2.0236825942993164 1.3663582801818848
257 4.592264652252197 4.39192533493042 2.886030435562134 3.889526605606079 2.0791213512420654 1.2478058338165283
258 4.863770008087158 4.665886878967285 2.9009010791778564 4.02546501159668 2.1696279048919678 1.4443985223770142
259 4.06763219833374 3.789454460144043 2.740809917449951 3.5455567836761475 1.9010159969329834 1.1735543012619019
260 4.2205586433410645 3.9460980892181396 3.4012467861175537 3.4982166290283203 2.2129228115081787 1.5332754850387573
261 4.469235897064209 4.2459588050842285 3.0404865741729736 3.4877305030822754 2.1027207374572754 1.337045431137085
262 4.399348258972168 4.163910865783691 3.191908359527588 3.6208598613739014 2.243194818496704 1.4818389415740967
263 4.387789249420166 4.141860008239746 3.3139476776123047 3.6490232944488525 2.451848268508911 1.2587941884994507
264 3.870664119720459 3.567178249359131 2.6504876613616943 3.4415886402130127 1.930024266242981 1.1165591478347778
265 4.311688423156738 4.011875152587891 2.674913167953491 3.1090455055236816 2.107199192047119 1.3151968717575073
266 3.5538740158081055 3.0972402095794678 2.4265854358673096 3.1038174629211426 1.8573527336120605 1.2571275234222412
267 4.128145217895508 3.836648941040039 2.7030506134033203 3.445899248123169 1.972422480583191 1.355932593345642
268 4.3910441398620605 4.136987209320068 2.7349209785461426 3.704895496368408 2.1313083171844482 1.3368778228759766
269 3.987143039703369 3.619148015975952 2.6414072513580322 3.37445068359375 2.098878860473633 1.3993953466415405
270 3.9679534435272217 3.591587543487549 2.8070526123046875 3.1983165740966797 2.11745023727417 1.5627866983413696
271 3.787951707839966 3.396522045135498 2.6023080348968506 3.239748954772949 1.870405912399292 1.5280271768569946
272 3.9346508979797363 3.506823778152466 2.8806238174438477 3.3311541080474854 2.0482070446014404 1.5178587436676025
273 3.687061309814453 3.2198429107666016 2.532649278640747 3.0697312355041504 2.091581106185913 1.4016916751861572
274 4.664351463317871 4.338334560394287 2.622581958770752 3.3828508853912354 2.0179944038391113 1.567976951599121
275 4.374472141265869 4.007610321044922 2.5424394607543945 3.308267116546631 2.1688897609710693 1.3606559038162231
276 4.275020122528076 3.96950364112854 2.488091230392456 3.581101179122925 2.0756521224975586 1.3619478940963745
277 4.45328426361084 4.2185869216918945 2.6503753662109375 3.6852900981903076 2.091477394104004 1.2463558912277222
278 4.162006378173828 3.831279754638672 2.5701708793640137 3.696629047393799 1.935386300086975 1.3373916149139404
279 4.62277364730835 4.400179862976074 2.29500675201416 3.79341197013855 1.91300368309021 1.0606297254562378
280 4.1892170906066895 3.9300453662872314 2.4512929916381836 3.9553744792938232 2.1128294467926025 1.242897629737854
281 4.037088394165039 3.738909959793091 2.3205649852752686 3.969980478286743 1.777371883392334 1.3105593919754028
282 3.8424339294433594 3.4722816944122314 2.5481152534484863 3.7585976123809814 2.011578321456909 1.6527891159057617
283 4.052056312561035 3.6778218746185303 2.2406134605407715 3.63287353515625 1.832622766494751 1.2229708433151245
284 3.588359832763672 3.2013609409332275 2.1628940105438232 3.6340227127075195 1.5955604314804077 1.636306881904602
285 4.030750274658203 3.7209370136260986 2.8362715244293213 3.5103042125701904 1.9469619989395142 1.5293760299682617
286 3.9362399578094482 3.658644199371338 2.616750955581665 3.537949800491333 1.914047360420227 1.5144940614700317
287 4.263058185577393 3.969839572906494 2.713913917541504 3.4792745113372803 2.0595555305480957 1.3477851152420044
288 4.229028701782227 3.90779447555542 2.5114264488220215 3.46159029006958 1.7736319303512573 1.466776728630066
289 3.8667378425598145 3.5472123622894287 2.5883641242980957 3.761488676071167 1.7551878690719604 1.325676441192627
290 4.629217624664307 4.45985746383667 2.925022602081299 3.7816545963287354 1.9653311967849731 1.2978166341781616
291 4.126214027404785 3.8649096488952637 2.665327310562134 3.9983975887298584 1.9590580463409424 1.9756840467453003
292 5.211358070373535 5.1253557205200195 3.1289727687835693 3.824084997177124 2.1180360317230225 1.3142045736312866
293 4.108823299407959 3.845093011856079 2.5485081672668457 3.8637166023254395 1.746732473373413 1.3506865501403809
294 4.696633338928223 4.4699811935424805 3.150020122528076 3.94083571434021 2.2706453800201416 1.284654974937439
295 3.9501733779907227 3.699014186859131 2.648145914077759 3.3866703510284424 2.1976542472839355 1.046448826789856
296 3.9817631244659424 3.573786973953247 2.413637638092041 3.364429473876953 1.9254335165023804 1.3395578861236572
297 4.121865272521973 3.88311767578125 3.068894386291504 3.1210777759552 2.0427892208099365 1.287482738494873
298 4.260132789611816 3.937904119491577 3.0869481563568115 3.4122354984283447 2.551431655883789 1.1581937074661255
299 4.552906036376953 4.28089714050293 3.241081714630127 3.6497044563293457 2.3325703144073486 1.1476963758468628
300 4.565031051635742 4.347984313964844 2.6997628211975098 4.205987453460693 2.015603542327881 1.1785699129104614
301 4.413126468658447 4.148751258850098 3.0533909797668457 3.5887138843536377 1.950769066810608 1.2188975811004639
302 4.148739337921143 3.893326997756958 3.0251858234405518 3.4340364933013916 1.8749717473983765 1.1405526399612427
303 3.9324615001678467 3.588797092437744 2.974097490310669 3.4034664630889893 1.8539506196975708 1.5290528535842896
304 4.130171775817871 3.8286781311035156 2.9671545028686523 3.9091737270355225 1.913745641708374 1.388513445854187
305 4.116718292236328 3.8417809009552 3.0115535259246826 4.039599895477295 1.8453075885772705 1.6582070589065552
306 3.952448606491089 3.6016669273376465 2.765367269515991 3.9811887741088867 1.5830140113830566 1.9877427816390991
307 3.856518507003784 3.523481845855713 2.895190715789795 3.733501434326172 1.598726749420166 1.8512684106826782
308 4.107937812805176 3.8283603191375732 2.8692142963409424 3.770322322845459 1.8987863063812256 1.7241935729980469
309 4.300917148590088 4.021430969238281 3.1208150386810303 3.7738075256347656 1.7919856309890747 1.740201473236084
310 4.375924587249756 4.1281023025512695 2.9766952991485596 3.432201862335205 1.5837231874465942 1.253981590270996
311 3.6869466304779053 3.2963273525238037 2.723405122756958 3.5107994079589844 1.366322636604309 1.666618824005127
312 4.172869682312012 3.913731098175049 2.9173085689544678 3.3489415645599365 1.6563414335250854 1.3472645282745361
313 4.01835298538208 3.7142860889434814 2.7596402168273926 3.1959545612335205 1.6792618036270142 1.2066998481750488
314 4.453699588775635 4.219726085662842 2.97381854057312 3.637596845626831 1.7658411264419556 2.205291986465454
315 4.139585494995117 3.9068188667297363 3.102449893951416 3.4634883403778076 1.7827160358428955 1.4885843992233276
316 4.289964199066162 4.086784362792969 3.084158420562744 3.6718909740448 1.6307978630065918 1.6346290111541748
317 4.498558044433594 4.290637016296387 3.0786292552948 3.724212884902954 1.6496117115020752 1.7660835981369019
318 4.14545202255249 3.8321361541748047 3.029944658279419 3.685917615890503 1.6241142749786377 1.8212544918060303
319 4.295455455780029 4.050762176513672 3.033891439437866 3.7824504375457764 1.7139183282852173 1.8072704076766968
320 3.957663059234619 3.6204190254211426 2.9428932666778564 3.590836763381958 1.4709677696228027 1.4063160419464111
321 4.02969217300415 3.75665283203125 2.8772354125976563 3.447957754135132 1.3915748596191406 1.2078981399536133
322 3.9583911895751953 3.6610496044158936 3.023237705230713 3.330108404159546 1.6075495481491089 1.2920043468475342
323 4.058023929595947 3.796706438064575 3.0083425045013428 3.358515501022339 1.61048424243927 1.4319777488708496
324 3.7903647422790527 3.439720869064331 2.9235808849334717 3.15885853767395 1.5197396278381348 1.5546716451644897
325 4.068457126617432 3.751189708709717 2.794631004333496 3.3577535152435303 1.7318060398101807 1.64450204372406
326 4.131954669952393 3.7854344844818115 2.9697680473327637 3.423916816711426 1.6952472925186157 1.5906063318252563
327 4.145898818969727 3.8243906497955322 2.837794303894043 3.1261515617370605 1.5764018297195435 1.5611963272094727
328 3.780115842819214 3.3763322830200195 2.845019578933716 3.2956504821777344 1.5006910562515259 1.7912613153457642
329 3.9017529487609863 3.5174195766448975 2.8361215591430664 3.2950520515441895 1.5173134803771973 1.4305322170257568
330 4.05768346786499 3.694283962249756 3.072497606277466 3.511418342590332 1.8008148670196533 2.0717883110046387
331 4.18490743637085 3.8372390270233154 3.027853488922119 3.250192403793335 1.9177420139312744 1.5217516422271729
332 4.1475419998168945 3.780940055847168 3.146226167678833 3.3935623168945313 2.161304473876953 1.411417841911316
333 4.116828918457031 3.789689064025879 3.075899839401245 3.359764575958252 1.928882122039795 1.5500195026397705
334 4.153730869293213 3.8285937309265137 2.7942211627960205 3.317457437515259 1.6546152830123901 1.521557092666626
335 3.8347795009613037 3.4067294597625732 2.876709222793579 3.0080974102020264 1.6244248151779175 1.6418715715408325
336 4.488260746002197 4.2187347412109375 3.0183942317962646 3.622011661529541 1.7248481512069702 1.444478154182434
337 4.125207901000977 3.7797505855560303 2.8666326999664307 3.151287078857422 1.7065662145614624 1.3729372024536133
338 3.666334867477417 3.1657907962799072 2.968463897705078 2.68105411529541 1.7757099866867065 1.3140262365341187
339 4.034045696258545 3.6452560424804688 2.9190170764923096 3.2918879985809326 1.5324721336364746 1.5720999240875244
340 4.547288417816162 4.254456996917725 2.894648790359497 3.3037707805633545 1.7773915529251099 1.4254186153411865
341 3.9890732765197754 3.5972421169281006 2.9108283519744873 3.342468500137329 1.582838773727417 1.5095323324203491
342 3.823343276977539 3.3605706691741943 2.758718729019165 3.00651216506958 1.6452585458755493 1.3888570070266724
343 4.191642761230469 3.8596842288970947 2.9688968658447266 3.3726933002471924 1.7522960901260376 1.738134503364563
344 4.385227680206299 4.040861129760742 2.9080402851104736 3.387396812438965 1.6470386981964111 1.6064393520355225
345 4.4741716384887695 4.217926502227783 2.985182046890259 3.461693048477173 1.609951376914978 1.4060328006744385
346 4.582529067993164 4.369704723358154 3.003446102142334 3.5388681888580322 1.5683727264404297 1.4221585988998413
347 4.1080641746521 3.75576114654541 2.7047619819641113 3.4362733364105225 1.5088491439819336 1.7398475408554077
348 4.219162464141846 3.914316177368164 2.8341562747955322 3.518876075744629 1.5766639709472656 1.538483738899231
349 4.065067768096924 3.7050671577453613 2.540984630584717 3.4578990936279297 1.6157747507095337 1.4662095308303833
350 3.919109582901001 3.50160551071167 2.6544265747070313 2.971208333969116 1.562200903892517 1.5271809101104736
351 3.806394338607788 3.3189139366149902 2.5796241760253906 3.160889148712158 1.5653598308563232 1.7183022499084473
352 3.638523817062378 3.1613755226135254 2.548267126083374 2.932910919189453 1.6606558561325073 1.4688814878463745
353 3.6950478553771973 3.2942042350769043 2.5563933849334717 2.941967010498047 1.516349196434021 1.4626859426498413
354 3.5486299991607666 3.1214778423309326 2.6824424266815186 2.8314640522003174 1.6691865921020508 1.1574387550354004
355 3.9372403621673584 3.6033246517181396 2.754173517227173 3.6559855937957764 1.5364513397216797 1.5916463136672974
356 4.1651930809021 3.911271333694458 2.9146625995635986 3.9255285263061523 1.565976619720459 1.6714504957199097
357 4.121795654296875 3.8426198959350586 2.911431312561035 3.7691826820373535 1.6946022510528564 1.3970043659210205
358 3.8094146251678467 3.416766881942749 2.8673253059387207 3.3912439346313477 1.668766975402832 1.2775115966796875
359 4.170628547668457 3.8542871475219727 3.278733253479004 3.5682461261749268 1.8892914056777954 1.5424482822418213
360 3.87876296043396 3.5296900272369385 2.97353458404541 3.2900986671447754 1.7217514514923096 1.6913636922836304
361 3.9675045013427734 3.643808364868164 2.75651478767395 3.4660298824310303 2.0302116870880127 1.5304259061813354
362 4.080475330352783 3.757122039794922 2.8606932163238525 3.4392600059509277 1.6818351745605469 1.7329599857330322
363 4.19847297668457 3.8914811611175537 2.838913679122925 3.2613685131073 1.9820188283920288 1.4402226209640503
364 4.40824031829834 4.113585948944092 3.1602325439453125 3.262310266494751 2.297109603881836 1.458033800125122
365 4.010587215423584 3.709202766418457 3.059818744659424 3.453449249267578 1.8262243270874023 1.7719694375991821
366 4.220834255218506 3.9070513248443604 2.7878310680389404 3.13037109375 1.5926830768585205 1.6125096082687378
367 4.148014545440674 3.848313331604004 2.850263833999634 3.2050857543945313 1.6570338010787964 1.3581910133361816
368 4.330402851104736 4.029022693634033 2.9301235675811768 3.401146173477173 1.6188658475875854 1.6501301527023315
369 3.7798526287078857 3.3859024047851563 2.8836045265197754 3.2704434394836426 1.5718671083450317 1.3475863933563232
370 4.009039878845215 3.651431083679199 2.9692986011505127 3.3711905479431152 2.01200270652771 1.3058758974075317
371 4.301836013793945 4.020642280578613 2.796039581298828 3.777984857559204 1.95774245262146 1.5934829711914063
372 3.997008800506592 3.671011447906494 2.5890395641326904 3.6877195835113525 1.6457852125167847 1.9993877410888672
373 3.811105966567993 3.4253528118133545 2.5649044513702393 3.310915231704712 1.615718126296997 1.5112149715423584
374 4.104106903076172 3.7589945793151855 2.6157352924346924 3.6872289180755615 1.879366397857666 1.767901062965393
375 4.664484977722168 4.426906108856201 2.783194065093994 3.3615801334381104 2.033175230026245 1.4722052812576294
376 4.290626525878906 4.057218551635742 2.850846529006958 3.648120641708374 1.8402137756347656 1.3108253479003906
377 4.127749443054199 3.8474435806274414 2.8624660968780518 3.5616722106933594 1.6670206785202026 1.5025874376296997
378 4.429027557373047 4.194897651672363 2.89347767829895 3.60652232170105 1.984837532043457 1.4589250087738037
379 4.284305095672607 4.064373970031738 3.2576489448547363 3.6467511653900146 2.130686044692993 1.305121660232544
380 3.9241883754730225 3.607001781463623 3.146944284439087 3.5906944274902344 2.10463809967041 1.873327374458313
381 4.116829872131348 3.792750835418701 2.921351671218872 3.3079514503479004 1.6661418676376343 2.0301260948181152
382 3.802025556564331 3.459794521331787 2.9635839462280273 3.4061124324798584 1.9729740619659424 1.7094464302062988
383 4.069272041320801 3.79826021194458 3.3647003173828125 3.523441791534424 2.0198657512664795 2.086106538772583
384 4.121762275695801 3.874002695083618 3.495389461517334 3.5693626403808594 2.1744611263275146 1.9112261533737183
385 3.8565430641174316 3.5714733600616455 2.9528627395629883 3.593311071395874 1.5404727458953857 1.9398784637451172
386 4.0333638191223145 3.691138505935669 3.1019392013549805 3.477912664413452 1.8246214389801025 1.8614290952682495
387 3.7889139652252197 3.4821360111236572 3.0567712783813477 3.5306832790374756 1.8387417793273926 1.5767008066177368
388 3.932725667953491 3.6261672973632813 3.213059425354004 3.4357261657714844 1.8102706670761108 1.635286569595337
389 3.905681848526001 3.5908098220825195 3.021937131881714 3.279326915740967 1.6239182949066162 1.5046614408493042
390 4.023338794708252 3.7362618446350098 3.277353048324585 3.3237740993499756 1.7815228700637817 1.6788361072540283
391 4.25558614730835 4.00884485244751 3.3932089805603027 3.5549561977386475 1.9174152612686157 1.2493047714233398
392 3.9352500438690186 3.6058554649353027 3.11590313911438 3.273919105529785 1.766531229019165 1.3492586612701416
393 4.619539737701416 4.424966335296631 3.3389134407043457 3.3367345333099365 1.902951717376709 1.5992882251739502
394 3.9816274642944336 3.686248302459717 3.2896485328674316 3.304018020629883 1.9730775356292725 1.187601923942566
395 3.990941047668457 3.7079174518585205 3.160670042037964 3.519338846206665 1.8983104228973389 1.500050663948059
396 4.01194429397583 3.7853221893310547 3.040822982788086 3.4680421352386475 1.7413642406463623 1.4013158082962036
397 4.094167232513428 3.847364902496338 3.115114688873291 3.4569225311279297 1.9231423139572144 1.08559250831604
398 4.122714996337891 3.9202516078948975 3.1314735412597656 3.616096258163452 1.912415623664856 1.2490005493164063
399 4.170960426330566 3.945155620574951 3.280874252319336 3.517859697341919 2.151629686355591 1.5156776905059814
400 4.102100372314453 3.8326339721679688 3.350026845932007 3.4818148612976074 2.11191463470459 1.4080883264541626
401 4.275388717651367 4.031103610992432 3.2418923377990723 3.367283344268799 1.9054138660430908 1.093398094177246
402 3.904905319213867 3.635455846786499 3.4757182598114014 3.266274929046631 1.774720549583435 1.3524709939956665
403 3.9163975715637207 3.5996241569519043 3.1526427268981934 3.2755284309387207 1.6848554611206055 1.160107135772705
404 4.365920543670654 4.147657871246338 3.073148727416992 3.49992036819458 1.593281865119934 1.3058792352676392
405 4.641644477844238 4.48452091217041 3.1511590480804443 3.548222303390503 1.6697596311569214 1.0439059734344482
406 4.010242938995361 3.6910150051116943 3.014575242996216 3.4583001136779785 1.7685940265655518 1.2729847431182861
407 4.2709808349609375 4.0008063316345215 3.1409494876861572 3.4559617042541504 1.8195996284484863 1.2206525802612305
408 4.230366230010986 3.937739133834839 3.0114102363586426 3.612429618835449 1.7132846117019653 1.4536035060882568
409 4.406639575958252 4.135422229766846 2.8343913555145264 3.702363967895508 1.6224769353866577 1.158132791519165
410 4.222909450531006 3.9380502700805664 3.090583086013794 3.6565380096435547 1.7637416124343872 1.3698160648345947
411 4.388340473175049 4.16269063949585 3.0456058979034424 3.655635118484497 1.5921393632888794 1.268267273902893
412 4.521730899810791 4.314395427703857 3.1066551208496094 3.6462864875793457 1.7500314712524414 1.281922698020935
413 4.372003555297852 4.142323017120361 3.144394874572754 3.4860522747039795 1.7286922931671143 1.1664824485778809
414 4.003062725067139 3.7320826053619385 2.8687431812286377 3.3597819805145264 1.7083046436309814 1.3309590816497803
415 4.546455383300781 4.37831449508667 3.154787302017212 3.552358627319336 1.6298612356185913 1.3815414905548096
416 4.876719951629639 4.739014625549316 3.2740416526794434 3.5600409507751465 1.7234859466552734 1.2662659883499146
417 4.181693077087402 3.9743564128875732 3.353243589401245 3.5476717948913574 1.8296103477478027 1.316156029701233
418 4.151054859161377 3.847546100616455 3.1844379901885986 3.453226327896118 1.7027195692062378 1.3500561714172363
419 4.479513645172119 4.315629959106445 3.2806670665740967 3.628338575363159 1.8199148178100586 1.3220210075378418
420 4.664420127868652 4.549973487854004 3.139862537384033 3.909594774246216 1.7945749759674072 1.3631809949874878
421 4.24224328994751 4.045582294464111 3.229245901107788 3.880213975906372 1.8266843557357788 1.3522779941558838
