1 	 12.931221008300781
2 	 10.966300964355469
3 	 9.784279823303223
4 	 7.6560444831848145
5 	 6.650849342346191
6 	 5.883522033691406
7 	 5.497369289398193
8 	 5.4534010887146
9 	 5.689826965332031
10 	 5.554619312286377
11 	 4.201130390167236
12 	 4.243139266967773
13 	 2.9253861904144287
14 	 2.65765118598938
15 	 1.6831705570220947
16 	 1.638034462928772
17 	 1.490607738494873
18 	 1.6066240072250366
19 	 1.4136178493499756
20 	 1.572417140007019
21 	 1.5933479070663452
22 	 1.3280738592147827
23 	 1.2679249048233032
24 	 1.3229349851608276
25 	 1.5678821802139282
26 	 1.582952618598938
27 	 2.1259896755218506
28 	 2.795961380004883
29 	 2.4818227291107178
30 	 1.9828195571899414
31 	 1.56332266330719
32 	 1.4302297830581665
33 	 1.1978802680969238
34 	 1.2905162572860718
35 	 1.277424693107605
36 	 1.1365009546279907
37 	 1.051039695739746
38 	 1.2223528623580933
39 	 1.2742080688476563
40 	 1.2509127855300903
41 	 1.0385847091674805
42 	 1.0171607732772827
43 	 1.12009596824646
44 	 1.073696255683899
45 	 0.9193776845932007
46 	 1.0412311553955078
47 	 1.1139267683029175
48 	 0.954944372177124
49 	 0.8815759420394897
50 	 0.7940922379493713
51 	 0.9381469488143921
52 	 0.8761975169181824
53 	 0.9023756384849548
54 	 0.7782935500144958
55 	 0.8173390626907349
56 	 0.8327791094779968
57 	 0.9233704209327698
58 	 0.8284109234809875
59 	 0.744243323802948
60 	 0.8635005354881287
61 	 1.0113829374313354
62 	 1.0220311880111694
63 	 1.0824836492538452
64 	 1.306329369544983
65 	 1.9013671875
66 	 2.3040332794189453
67 	 3.677771806716919
68 	 4.098219394683838
69 	 4.435809135437012
70 	 5.07753324508667
71 	 4.183046817779541
72 	 2.9018630981445313
73 	 2.2749781608581543
74 	 1.3737633228302002
75 	 0.9581578969955444
76 	 0.9201045632362366
77 	 0.7949007749557495
78 	 0.6866252422332764
79 	 0.6109082698822021
80 	 0.6554393768310547
81 	 0.6706571578979492
82 	 0.767410933971405
83 	 0.7490970492362976
84 	 0.6351318955421448
85 	 0.6777616739273071
86 	 0.7706763744354248
87 	 0.7634502649307251
88 	 0.7429907917976379
89 	 0.7836427688598633
90 	 0.9162149429321289
91 	 0.8351016044616699
92 	 0.8379163146018982
93 	 0.9173650741577148
94 	 1.1165170669555664
95 	 1.1994783878326416
96 	 1.0128990411758423
97 	 1.169047236442566
98 	 1.6797798871994019
99 	 1.9324978590011597
100 	 2.014801502227783
101 	 1.994173288345337
102 	 1.8344435691833496
103 	 1.8033034801483154
104 	 1.403511643409729
105 	 1.392886996269226
106 	 1.7204935550689697
107 	 1.401851773262024
108 	 1.0415096282958984
109 	 0.8290146589279175
110 	 1.0413564443588257
111 	 0.8842746615409851
112 	 0.8406726717948914
113 	 0.9813313484191895
114 	 1.035302996635437
115 	 1.1065270900726318
116 	 1.3878899812698364
117 	 1.5693198442459106
118 	 1.344792366027832
119 	 2.677802801132202
120 	 2.824185848236084
121 	 3.349968910217285
122 	 3.074371576309204
123 	 1.8878988027572632
124 	 1.4579051733016968
125 	 1.596735954284668
126 	 1.7781424522399902
127 	 1.4031002521514893
128 	 1.0325071811676025
129 	 0.9093546867370605
130 	 0.9670007228851318
131 	 0.8425678014755249
132 	 0.6704719066619873
133 	 0.6534679532051086
134 	 0.6047977209091187
135 	 0.5898743271827698
136 	 0.5676104426383972
137 	 0.5805586576461792
138 	 0.5575365424156189
139 	 0.5561974048614502
140 	 0.5749117136001587
141 	 0.6600074768066406
142 	 0.8373770117759705
143 	 0.6556534767150879
144 	 0.6242614984512329
145 	 0.6275351047515869
146 	 0.7868824601173401
147 	 0.9205072522163391
148 	 0.8032486438751221
149 	 0.7312477231025696
150 	 0.8326813578605652
151 	 0.836387038230896
152 	 0.8781020045280457
153 	 0.7212900519371033
154 	 0.6640043258666992
155 	 0.740930438041687
156 	 0.7604357004165649
157 	 0.6454734206199646
158 	 0.6660573482513428
159 	 0.7841868996620178
160 	 0.7716659903526306
161 	 0.7324147820472717
162 	 0.8306586146354675
163 	 0.9908686876296997
164 	 0.972366213798523
165 	 0.9275484681129456
166 	 1.0731514692306519
167 	 1.2832213640213013
168 	 1.3362232446670532
169 	 1.6372935771942139
170 	 1.8332724571228027
171 	 1.8128637075424194
172 	 1.3844501972198486
173 	 1.1925767660140991
174 	 0.9686558842658997
175 	 0.8711936473846436
176 	 0.7564648985862732
177 	 0.7608862519264221
178 	 0.8059585690498352
179 	 0.9631947875022888
180 	 1.1203718185424805
181 	 1.6017879247665405
182 	 1.450161099433899
183 	 1.7878315448760986
184 	 2.0276026725769043
185 	 2.1187753677368164
186 	 1.6473010778427124
187 	 1.449655532836914
188 	 1.8157774209976196
189 	 1.7072498798370361
190 	 1.2616324424743652
191 	 1.5264860391616821
192 	 1.8540706634521484
193 	 1.622221827507019
194 	 1.394432544708252
195 	 1.0681192874908447
196 	 1.0793659687042236
197 	 1.0818697214126587
198 	 1.5285369157791138
199 	 1.2839876413345337
200 	 1.2823102474212646
201 	 1.8507053852081299
202 	 1.5420669317245483
203 	 1.4456251859664917
204 	 1.2868064641952515
205 	 1.1914843320846558
206 	 1.2282297611236572
207 	 1.3055068254470825
208 	 1.3030469417572021
209 	 1.2239153385162354
210 	 1.1467162370681763
211 	 1.1051886081695557
212 	 1.0229545831680298
213 	 0.9760638475418091
214 	 0.9700852036476135
215 	 0.930455207824707
216 	 0.8253682851791382
217 	 0.6931381225585938
218 	 0.6609891653060913
219 	 0.7374227046966553
220 	 0.7044302225112915
221 	 0.7252535820007324
222 	 0.8545940518379211
223 	 1.010848045349121
224 	 1.213396430015564
225 	 1.3370153903961182
226 	 1.2058672904968262
227 	 1.2997033596038818
228 	 0.8499640822410583
229 	 0.8062691688537598
230 	 0.683620035648346
231 	 0.6341726779937744
232 	 0.5748478174209595
233 	 0.6001140475273132
234 	 0.8416090607643127
235 	 0.7326982617378235
236 	 0.6193830370903015
237 	 0.5388244390487671
238 	 0.5570597648620605
239 	 0.6130769848823547
240 	 0.6684892177581787
241 	 0.6540842056274414
242 	 0.6457417607307434
243 	 0.7101891040802002
244 	 0.8696714639663696
245 	 1.0173841714859009
246 	 1.102135419845581
247 	 0.9934682846069336
248 	 1.1582971811294556
249 	 0.8228243589401245
250 	 0.8983517289161682
251 	 0.8412074446678162
252 	 0.6904619932174683
253 	 0.6471879482269287
254 	 0.7597609162330627
255 	 0.7249859571456909
256 	 0.6553877592086792
257 	 0.7176176905632019
258 	 0.7687122225761414
259 	 0.7286196351051331
260 	 0.6775882840156555
261 	 0.7529929280281067
262 	 0.7434124946594238
263 	 0.718291699886322
264 	 0.7498111724853516
265 	 0.8419499397277832
266 	 0.8062074184417725
267 	 0.7887802124023438
268 	 0.9254562854766846
269 	 1.0518126487731934
270 	 1.0619993209838867
271 	 1.0009138584136963
272 	 0.77741539478302
273 	 0.719724178314209
274 	 0.6084820032119751
275 	 0.6057319045066833
276 	 0.6938143372535706
277 	 0.803974449634552
278 	 0.9413148164749146
279 	 0.8804736733436584
280 	 0.7385807037353516
281 	 0.6598523259162903
282 	 0.5972082018852234
283 	 0.6077587008476257
284 	 0.6211121678352356
285 	 0.6874449253082275
286 	 0.7929509282112122
287 	 0.7967267036437988
288 	 0.8708962798118591
289 	 0.7390652298927307
290 	 0.7167598605155945
291 	 0.6710144877433777
292 	 0.7011496424674988
293 	 0.6720952987670898
294 	 0.5830294489860535
295 	 0.5698619484901428
296 	 0.6109729409217834
297 	 0.7668989896774292
298 	 0.7055748105049133
299 	 0.8762708902359009
300 	 0.9344203472137451
301 	 1.0686460733413696
302 	 1.121649146080017
303 	 1.4528857469558716
304 	 1.3609451055526733
305 	 1.205846905708313
306 	 1.3374888896942139
307 	 1.6629222631454468
308 	 1.6366997957229614
309 	 1.9546881914138794
310 	 1.8040781021118164
311 	 1.4412105083465576
312 	 1.480266809463501
313 	 1.5501999855041504
314 	 1.3344610929489136
315 	 1.1135501861572266
316 	 1.2434624433517456
317 	 1.3181394338607788
318 	 1.1246243715286255
319 	 1.0238672494888306
320 	 0.8470101356506348
321 	 0.965554416179657
322 	 1.1409250497817993
323 	 1.4221932888031006
324 	 1.974189281463623
325 	 3.490581512451172
326 	 5.709926128387451
327 	 7.779420852661133
328 	 9.370311737060547
329 	 9.806292533874512
330 	 9.523764610290527
331 	 8.638805389404297
332 	 6.94424295425415
333 	 4.9125590324401855
334 	 2.9963011741638184
335 	 2.0859591960906982
336 	 1.3674050569534302
337 	 1.093500018119812
338 	 0.9840301275253296
339 	 0.8210350275039673
340 	 0.7083995938301086
341 	 0.654140293598175
342 	 0.8823156952857971
343 	 0.8970393538475037
344 	 0.8772069811820984
345 	 0.7691212892532349
346 	 0.8657166957855225
347 	 0.7358488440513611
348 	 0.6604738831520081
349 	 0.5835328698158264
350 	 0.6586592197418213
351 	 0.6670870184898376
352 	 0.5968590378761292
353 	 0.6022862195968628
354 	 0.6617208123207092
355 	 0.7088035345077515
356 	 0.681233823299408
357 	 0.718498945236206
358 	 0.7728322148323059
359 	 0.8255298733711243
360 	 0.8159765005111694
361 	 0.8680688142776489
362 	 0.9062672257423401
363 	 0.8891451358795166
364 	 0.9210209846496582
365 	 1.0359773635864258
366 	 1.0658564567565918
367 	 1.1255676746368408
368 	 1.305460810661316
369 	 1.3739205598831177
370 	 1.4266752004623413
371 	 1.6306531429290771
372 	 1.874916434288025
373 	 1.9127382040023804
374 	 1.7683483362197876
375 	 1.7670776844024658
376 	 1.5106836557388306
377 	 1.8604835271835327
378 	 1.906575083732605
379 	 1.4862689971923828
380 	 1.4938230514526367
381 	 1.7346904277801514
382 	 2.7211556434631348
383 	 4.279792785644531
384 	 5.916824817657471
