1 	 11.704598426818848
2 	 10.760051727294922
3 	 8.537980079650879
4 	 7.251110553741455
5 	 6.03564977645874
6 	 4.302765846252441
7 	 3.5703208446502686
8 	 3.0809781551361084
9 	 3.0397226810455322
10 	 2.716552972793579
11 	 1.9558500051498413
12 	 2.0426411628723145
13 	 2.510774850845337
14 	 2.543438196182251
15 	 1.8855657577514648
16 	 1.7047587633132935
17 	 1.5344352722167969
18 	 1.5026136636734009
19 	 1.2896298170089722
20 	 1.346984624862671
21 	 1.375803828239441
22 	 1.2254005670547485
23 	 1.1470305919647217
24 	 1.1284927129745483
25 	 1.2683148384094238
26 	 1.1727017164230347
27 	 1.3989145755767822
28 	 1.4531458616256714
29 	 1.241302728652954
30 	 1.3114084005355835
31 	 0.9801271557807922
32 	 0.8823893070220947
33 	 0.7918650507926941
34 	 0.960685133934021
35 	 1.0886852741241455
36 	 0.9472981095314026
37 	 0.8652017712593079
38 	 1.007549524307251
39 	 1.0610220432281494
40 	 1.1029804944992065
41 	 0.9164018034934998
42 	 0.8392024636268616
43 	 0.9724432229995728
44 	 1.0097092390060425
45 	 0.8272400498390198
46 	 0.9168971180915833
47 	 1.050835371017456
48 	 0.853415310382843
49 	 0.7221788763999939
50 	 0.6876096725463867
51 	 0.9285354614257813
52 	 0.8648545742034912
53 	 0.8124432563781738
54 	 0.6448501348495483
55 	 0.6560028195381165
56 	 0.6629602313041687
57 	 0.7107368111610413
58 	 0.6821309924125671
59 	 0.5696544647216797
60 	 0.6479603052139282
61 	 0.771307647228241
62 	 0.8108615875244141
63 	 0.8435076475143433
64 	 0.946871817111969
65 	 1.130455732345581
66 	 1.2036224603652954
67 	 1.3550958633422852
68 	 1.5305618047714233
69 	 2.2853071689605713
70 	 2.919494390487671
71 	 2.942030429840088
72 	 2.2901182174682617
73 	 1.6848673820495605
74 	 1.059274673461914
75 	 0.811406135559082
76 	 0.8024281859397888
77 	 0.6278584003448486
78 	 0.565115213394165
79 	 0.5275664925575256
80 	 0.6033991575241089
81 	 0.635055422782898
82 	 0.7088710069656372
83 	 0.6843717098236084
84 	 0.5746771693229675
85 	 0.6117892861366272
86 	 0.7064021229743958
87 	 0.6639729738235474
88 	 0.6138066649436951
89 	 0.6640927195549011
90 	 0.7341845631599426
91 	 0.6572637557983398
92 	 0.6474910378456116
93 	 0.7578698992729187
94 	 0.823879599571228
95 	 0.7659416198730469
96 	 0.7495831251144409
97 	 0.9127203822135925
98 	 1.0187917947769165
99 	 0.9180341958999634
100 	 0.9914685487747192
101 	 1.9707375764846802
102 	 3.6762213706970215
103 	 2.0880208015441895
104 	 2.1140263080596924
105 	 2.0830535888671875
106 	 2.0461127758026123
107 	 1.645509123802185
108 	 1.1833184957504272
109 	 0.8038985133171082
110 	 0.9675019383430481
111 	 0.919376790523529
112 	 0.8783338069915771
113 	 0.9134727120399475
114 	 1.0601723194122314
115 	 1.1821801662445068
116 	 1.4715341329574585
117 	 1.5412944555282593
118 	 1.2778863906860352
119 	 2.585052490234375
120 	 2.669064521789551
121 	 2.967712879180908
122 	 2.8290164470672607
123 	 2.0826945304870605
124 	 1.5806405544281006
125 	 1.7314651012420654
126 	 1.8937090635299683
127 	 1.3458600044250488
128 	 0.9410606622695923
129 	 0.8100925087928772
130 	 0.9102281928062439
131 	 0.7553788423538208
132 	 0.6887684464454651
133 	 0.5422695875167847
134 	 0.4742799997329712
135 	 0.45566296577453613
136 	 0.45322439074516296
137 	 0.5055621862411499
138 	 0.5036610960960388
139 	 0.5408650636672974
140 	 0.5920698642730713
141 	 0.6551879644393921
142 	 0.8213445544242859
143 	 0.648607075214386
144 	 0.6252381205558777
145 	 0.6029016375541687
146 	 0.7471795082092285
147 	 0.8214144706726074
148 	 0.7427024245262146
149 	 0.6730375289916992
150 	 0.7427926659584045
151 	 0.7667416334152222
152 	 0.8169152140617371
153 	 0.71559077501297
154 	 0.6908130049705505
155 	 0.7505747675895691
156 	 0.7312091588973999
157 	 0.6682100892066956
158 	 0.7194877862930298
159 	 0.8183713555335999
160 	 0.7854277491569519
161 	 0.7848352193832397
162 	 0.8677121996879578
163 	 0.9638858437538147
164 	 0.9195131659507751
165 	 0.822040855884552
166 	 0.9447280764579773
167 	 1.1234701871871948
168 	 1.1671749353408813
169 	 1.4583778381347656
170 	 1.627015471458435
171 	 1.5902059078216553
172 	 1.1763778924942017
173 	 1.009231448173523
174 	 0.81424480676651
175 	 0.8266491293907166
176 	 0.7079092860221863
177 	 0.731642484664917
178 	 0.7886571288108826
179 	 0.8880717158317566
180 	 1.1683834791183472
181 	 1.5174055099487305
182 	 1.4901095628738403
183 	 1.9157109260559082
184 	 2.2690775394439697
185 	 2.590270519256592
186 	 1.9523639678955078
187 	 1.5701260566711426
188 	 2.2155725955963135
189 	 2.145693778991699
190 	 1.3298636674880981
191 	 1.6795575618743896
192 	 2.19657826423645
193 	 1.6915947198867798
194 	 1.3059275150299072
195 	 0.9071446061134338
196 	 0.9864572286605835
197 	 0.9728181958198547
198 	 1.4178617000579834
199 	 1.195906639099121
200 	 1.1512738466262817
201 	 1.6145977973937988
202 	 1.4539779424667358
203 	 1.4889671802520752
204 	 1.3840898275375366
205 	 1.1414498090744019
206 	 1.1471550464630127
207 	 1.2639687061309814
208 	 1.2123304605484009
209 	 1.0519071817398071
210 	 1.0051337480545044
211 	 0.9351775050163269
212 	 0.8553668260574341
213 	 0.911349892616272
214 	 0.8917893767356873
215 	 0.8685823082923889
216 	 0.8211987018585205
217 	 0.6913943886756897
218 	 0.6340093016624451
219 	 0.7667621374130249
220 	 0.6309345364570618
221 	 0.6164868474006653
222 	 0.6688299179077148
223 	 0.7989175319671631
224 	 0.964168906211853
225 	 1.099479079246521
226 	 1.0174994468688965
227 	 1.1255826950073242
228 	 0.6783119440078735
229 	 0.5946540832519531
230 	 0.5162807703018188
231 	 0.5154707431793213
232 	 0.52314293384552
233 	 0.5544105768203735
234 	 0.6550338864326477
235 	 0.5787612795829773
236 	 0.5119227766990662
237 	 0.5247151851654053
238 	 0.4998825192451477
239 	 0.49146580696105957
240 	 0.49192094802856445
241 	 0.4689355492591858
242 	 0.5266181230545044
243 	 0.6453022360801697
244 	 0.7697749137878418
245 	 0.8965413570404053
246 	 1.1161996126174927
247 	 0.9273564219474792
248 	 1.1573514938354492
249 	 0.8138813972473145
250 	 0.8285320997238159
251 	 0.825499415397644
252 	 0.6619437336921692
253 	 0.6370682120323181
254 	 0.7447753548622131
255 	 0.7127050757408142
256 	 0.6204391717910767
257 	 0.6822363138198853
258 	 0.7810990810394287
259 	 0.6758915185928345
260 	 0.6294202208518982
261 	 0.7104397416114807
262 	 0.7125570178031921
263 	 0.6955556273460388
264 	 0.7315349578857422
265 	 0.8126503825187683
266 	 0.7959516644477844
267 	 0.8034059405326843
268 	 0.9223489761352539
269 	 1.0544898509979248
270 	 1.1208775043487549
271 	 1.050802230834961
272 	 0.7918935418128967
273 	 0.7011885046958923
274 	 0.5821754336357117
275 	 0.5769273042678833
276 	 0.643048882484436
277 	 0.7283000946044922
278 	 0.8460187315940857
279 	 0.8074270486831665
280 	 0.6726875305175781
281 	 0.6184481382369995
282 	 0.5442798137664795
283 	 0.5210383534431458
284 	 0.5331323742866516
285 	 0.6027517318725586
286 	 0.5796875357627869
287 	 0.6373359560966492
288 	 0.6795663237571716
289 	 0.5935755968093872
290 	 0.5627006888389587
291 	 0.6056039333343506
292 	 0.5480926036834717
293 	 0.5499793887138367
294 	 0.5036213994026184
295 	 0.49648088216781616
296 	 0.5281065702438354
297 	 0.6402824521064758
298 	 0.5782325863838196
299 	 0.6988348364830017
300 	 0.7479268312454224
301 	 0.937305748462677
302 	 1.0608761310577393
303 	 1.5184246301651
304 	 1.328335165977478
305 	 1.1127561330795288
306 	 1.243880033493042
307 	 1.5132904052734375
308 	 1.3894380331039429
309 	 1.6288435459136963
310 	 1.4586817026138306
311 	 1.2138471603393555
312 	 1.31508469581604
313 	 1.3781954050064087
314 	 1.1139678955078125
315 	 0.9884189963340759
316 	 1.2145167589187622
317 	 1.2461901903152466
318 	 1.0554529428482056
319 	 1.059159278869629
320 	 0.8002457618713379
321 	 0.8757959008216858
322 	 0.9414371848106384
323 	 1.1182228326797485
324 	 1.453689455986023
325 	 1.8293168544769287
326 	 3.692826271057129
327 	 5.593145847320557
328 	 7.013012886047363
329 	 7.508619785308838
330 	 7.701292514801025
331 	 7.97400426864624
332 	 6.929293632507324
333 	 5.4653239250183105
334 	 3.284970998764038
335 	 1.6285295486450195
336 	 1.1165523529052734
337 	 0.8815140724182129
338 	 0.7716674208641052
339 	 0.6495627164840698
340 	 0.6113684177398682
341 	 0.652840793132782
342 	 0.8434104323387146
343 	 0.7480067610740662
344 	 0.6342594623565674
345 	 0.6621932983398438
346 	 0.7553240060806274
347 	 0.702741265296936
348 	 0.6612457036972046
349 	 0.5976494550704956
350 	 0.6679888367652893
351 	 0.7116461992263794
352 	 0.6370074152946472
353 	 0.5907948017120361
354 	 0.6320894360542297
355 	 0.7090309858322144
356 	 0.6768259406089783
357 	 0.6761178970336914
358 	 0.7339762449264526
359 	 0.785054087638855
360 	 0.7641981840133667
361 	 0.8550786375999451
362 	 0.8642900586128235
363 	 0.7993285059928894
364 	 0.9102756381034851
365 	 1.064553141593933
366 	 1.0363062620162964
367 	 1.192363977432251
368 	 1.4465135335922241
369 	 1.4577025175094604
370 	 1.5001753568649292
371 	 1.7805994749069214
372 	 1.998779058456421
373 	 1.9647963047027588
374 	 1.775048851966858
375 	 1.658618688583374
376 	 1.3787230253219604
377 	 1.6494231224060059
378 	 1.7052863836288452
379 	 1.3589102029800415
380 	 1.3758684396743774
381 	 1.5718613862991333
382 	 2.3604018688201904
383 	 3.16314697265625
384 	 4.639642238616943
