0 1.2920400543029853
1 1.1815805360209233
2 3.2196309701589048
3 5.521492058330988
4 0.8873206643636898
5 2.271775725896939
6 2.1899806064697085
7 4.2585792963301055
8 6.764037780654034
9 5.342347371910029
10 0.8833285339709006
11 3.6706508879072492
12 4.169332504704485
13 5.53246986997197
14 6.183598539000685
15 3.857082545622118
16 2.3445307700132796
17 2.2791987082934053
18 2.3580728907222075
19 3.564218204223151
20 1.6366216435621281
21 1.769614101195295
22 1.7203284684692715
23 1.5635313733561516
24 0.959349489832181
25 0.42924324501995087
26 0.9303889749544725
27 0.6696631529638976
28 2.5581911606659324
29 1.3454624247329738
30 2.178335668977895
31 4.833231606999272
32 2.1607542627514795
33 3.800005151539591
34 9.334568047853251
35 8.549378328378747
36 3.6576776334527055
37 7.232202836062582
38 2.969950759777061
39 5.550539191298686
40 2.042668939283583
41 3.5416265481506497
42 8.188097098293719
43 5.695046506852712
44 10.691867824126279
45 13.964814566405023
46 16.142916931114808
47 11.522918710827938
48 11.517085810730553
49 12.02294475737973
50 11.665042856222477
51 11.021976691391442
52 11.394059466364329
53 12.302747003038972
54 11.607568297920874
55 13.919772018137104
56 12.231484357520433
57 13.593162796929809
58 11.535296598184043
59 12.36813799564817
60 12.365893707457754
61 11.906914878607074
62 12.435986359921076
63 9.877359123591338
64 9.697291510118642
65 7.716214513917416
66 6.972892167164114
67 11.48086493231143
68 11.10909661540968
69 11.335848302155712
70 10.892376737435766
71 11.434856563431824
72 12.479220749216104
73 13.466017007003195
74 12.185726152726069
75 12.82801381411854
76 14.360321625949444
77 18.099228753336046
78 20.23934144589069
79 20.65627150415731
80 19.998944165696134
81 20.0171025220713
82 18.21945000777615
83 19.256664822944597
84 15.040216194578807
85 6.568390465658954
86 15.76832096158698
87 15.93417302444759
88 12.694551399576609
89 11.49282808109441
90 10.985763701710377
91 15.191301214420575
92 11.564429263680704
93 11.695449659427483
94 10.29008011717172
95 11.209919189902662
96 13.444649272833813
97 13.83390707569214
98 9.829421408635739
99 10.863764877287483
100 10.124170044999492
101 7.749406451360686
102 8.074311556402408
103 9.63832788497714
104 11.820873312435436
105 10.616833884106645
106 15.54878518961721
107 11.828878110791372
108 16.178326485757417
109 14.435144974519963
110 13.618933845439999
111 14.649611985748392
112 12.409789211914715
113 11.445450615340048
114 13.436161366127836
115 12.100417600798632
116 12.08257745232955
117 7.980418893881451
118 12.072864247665562
119 11.378968023529772
120 16.918450976780665
121 14.496712147258789
122 12.43059515010033
123 16.46766260392837
124 18.11411932106688
125 14.761746280219711
126 15.173439040214737
127 15.107099192623672
128 15.636358700573306
129 16.19243805660692
130 16.239361921425765
131 19.31451441756345
132 17.351975402415786
133 19.685368441926116
134 16.439066081536158
135 11.342513613760408
136 11.41015010198954
137 12.780728190423993
138 15.516004613771429
139 17.57423476602102
140 15.02734755171519
141 15.973962359637369
142 17.30619236696866
143 16.76565673520158
144 14.696529864003367
145 16.599496614806203
146 16.74615654416093
147 14.512247945640924
148 17.21729826199333
149 17.77331189052673
150 17.171455426555646
151 15.790113443490396
152 15.814048306339059
153 13.918352632716624
154 12.266454115208216
155 12.786184973848185
156 13.073832413047683
157 12.836633018057373
158 10.810106741490166
159 14.906544446147702
160 12.32850008011483
161 14.190493084237037
162 8.656262735018236
163 15.562142854710238
164 16.91946566836105
165 13.039560359943007
166 12.68913778956774
167 18.16803619807086
168 10.028377595121361
169 14.230262506044099
170 12.7166090293483
171 13.373147887956407
172 13.033480239475448
173 16.003782429289988
174 17.117901491610677
175 18.002848706782366
176 16.550072667066907
177 12.871048344292914
178 14.596086940482467
179 11.751833268148133
180 11.415588182827426
181 13.646766516184865
182 12.576972595729876
183 12.655362443006359
184 14.06057996463506
185 16.831821568339315
186 23.847069236865167
187 16.260077276025065
188 19.923657209411253
189 17.833647201320197
190 24.151951217315823
191 17.81000907788231
192 18.306404420603418
193 17.358231483202772
194 17.047292768775282
195 14.830969342575305
196 14.419629477231668
197 15.825188978218815
198 19.702516264806327
199 17.552058799247675
200 16.72216767015583
201 16.494930686836724
202 19.4777851319903
203 15.128994246291263
204 15.402908426919739
205 14.134960499255522
206 14.729096363326567
207 22.608767148042205
208 21.610531493194344
209 20.449690221823225
210 23.006057312384225
211 18.968609678431644
212 17.98381588133843
213 14.00695322554577
214 10.224883082584522
215 8.771349099388168
216 12.438789071515043
217 14.395479182746495
218 12.346515420549201
219 13.78217823938918
220 11.101659111150736
221 7.1159181158906675
222 14.098400763883438
223 10.108472194382735
224 13.579408212149174
225 13.774398230056786
226 13.668568613028043
227 14.625558394900374
228 17.52499271572214
229 14.719914800717936
230 15.944997030757076
231 15.448543524447192
232 16.817415502639722
233 14.693032163740215
234 16.59020807770755
235 16.267292033990728
236 13.263326957550762
237 15.187826760884857
238 15.110465768427673
239 15.290078953338647
240 14.349654813426577
241 15.740389339816636
242 16.06673063092502
243 15.716734303749762
244 14.91670522314793
245 15.537724930103076
246 15.962910976959437
247 14.725680956784897
248 14.711420263591789
249 13.716735620794324
250 13.050080744304767
251 14.13855473245046
252 13.955954637194218
253 14.182541028926867
254 11.959854745099955
255 12.870318201676751
256 12.953866692088683
257 13.098797790801063
258 12.374398068476362
259 13.103373088738774
260 12.135936922739923
261 13.238428309646709
262 13.522949996034926
263 13.55297509884975
264 13.278913091601643
265 11.708051230468339
266 11.628883154948044
267 13.670899594376758
268 13.3686658629384
269 10.343123666820297
270 12.074190185767286
271 9.614540974316983
272 6.3694690193211505
273 9.535650625923127
274 8.076197274528063
275 8.066253325436202
276 10.538010606120734
277 6.494109929644862
278 7.273987372636892
279 10.371708839313758
280 9.888972724991815
281 12.038879781488816
282 12.66479238281124
283 12.428215847879894
284 11.78186413204409
285 11.944973191318448
286 15.57759355571674
287 15.049687092573476
288 14.580825259875507
289 13.53963830234117
290 12.428994750992539
291 9.279131913566067
292 10.835368542334285
293 10.313870097255885
294 13.168966599133563
295 9.201977170407282
296 13.995846905709321
297 12.664099754348875
298 13.393264855322169
299 13.06570223588937
300 11.09520291542803
301 9.968286056001894
302 9.749867392191089
303 9.280201269511341
304 9.490785551312321
305 8.665756535515728
306 10.912241899851535
307 11.161278746370089
308 10.630115180112323
309 11.954015204602763
310 12.943525474837882
311 11.02873383612397
312 11.671545092016885
313 10.506777182783043
314 12.710825131276684
315 14.167896806896094
316 12.690325627554882
317 11.791078581213625
318 12.396947370283943
319 12.790717781972957
320 11.709082429710868
321 8.536820486652564
322 10.504873664450724
323 8.120482735983105
324 4.570288101048154
325 8.396490943055598
326 8.296379941510006
327 10.624767848640419
328 8.293640151376408
329 5.712354661439096
330 5.786954111165844
331 4.003238632799112
332 7.656520254559463
333 6.840673740667286
334 4.36069186023243
335 5.804643679434401
336 3.2675155091428847
337 4.553709141113714
338 7.100754162748808
339 8.298782357171042
340 6.627116314926551
341 8.035201436382033
342 0.9320537819461858
343 4.619074471170557
344 4.67038754844679
345 3.5225068497085124
346 5.550161444372666
347 4.7989005205957564
348 4.269712755334026
349 3.59786629765875
350 3.334572410591302
351 1.8344359826822618
352 3.2472779463032806
353 3.329334883955267
354 6.421098596716667
355 3.343983392323466
356 4.993908497264952
357 3.7159024592504175
358 1.940123269479946
359 3.0651049666747143
360 3.5584442282101865
361 5.4602105460030055
362 2.970260496255526
363 3.5936389991599427
364 2.664237954838868
365 4.10207665369798
366 2.1237506517057194
367 3.173156387430239
368 3.0122230545426825
369 1.3604575534018917
370 3.9374909809820537
371 2.979540301915405
372 3.5258180331897577
373 2.3429631298674343
374 2.1406711784951513
375 3.3383605041301934
376 4.86652453909863
377 5.749532850581833
378 3.785491404650219
379 4.59344116827445
380 5.3783089999186595
381 3.812073164951605
382 3.903466006314886
383 4.1277050350506395
384 3.0230110482141153
385 2.2674317403683157
386 6.367300241001728
387 3.059139510209888
388 3.3031984548997877
389 3.085810943582979
390 3.784720002958763
391 4.838369342388891
392 6.390923037118552
393 3.095938456593277
394 3.1244718240514957
395 3.089551629854196
396 1.654642252451175
397 1.511826532743631
398 3.6618925604649584
399 8.034349229733294
400 9.064605945792797
401 13.202659555741638
402 13.918542547925107
403 14.617443357955297
404 14.624589356544426
405 14.3151649444405
406 13.056859557191292
407 14.65373487855554
408 14.433163836681013
409 14.319797581255653
410 14.785903090383892
411 13.5573031484247
412 13.931231692119061
413 7.46412859506993
414 10.876683975289188
415 12.429303140862975
416 15.466611895668763
417 14.625081627788777
418 13.277813104416039
419 10.573646901387988
420 11.316315144079033
421 12.400848007878784
