0 3.9194867348292015
1 3.3425557191322857
2 3.2600227048889283
3 3.4403621294680957
4 2.9815201908155213
5 3.3150043797677884
6 4.02725209977072
7 3.174713492912147
8 3.7181887797517805
9 5.8134329677073175
10 4.215675513925195
11 5.197996862938117
12 2.5652001158843225
13 2.3963565225663954
14 3.8470355438141044
15 4.25478613548018
16 5.320109575571376
17 3.0874825763632927
18 4.564182263407577
19 3.9842350765255463
20 2.2819503318000707
21 2.078853980027499
22 2.009509444792355
23 1.7847350254449759
24 4.472098782832367
25 1.9511544280575654
26 3.253527247395555
27 3.432335105437624
28 3.348240943919295
29 2.854899569553458
30 4.144743130141677
31 3.2182115437601326
32 2.6764440014712036
33 2.0075238883411806
34 1.346775550736899
35 3.1044565874198637
36 3.8339372694158635
37 1.2382049206695938
38 1.6187213956880842
39 1.3987948216185533
40 1.1901468943962357
41 2.4490891411336637
42 1.0576625073655066
43 3.2868131926949413
44 1.8376185605134587
45 3.5265595600934336
46 2.33421842943257
47 2.841136476588031
48 2.489871359153012
49 2.208733395476781
50 2.958478776653944
51 2.71730833739373
52 2.530512969203192
53 2.46339280573409
54 2.86338979674608
55 1.1401209290719216
56 1.241459869990088
57 0.9693557646971049
58 2.1535656328429575
59 4.114186025722551
60 2.6195705832927296
61 1.1358155073125162
62 2.626224408010037
63 1.9612100651668558
64 2.610347553426746
65 3.3345927493710854
66 4.54104078335068
67 1.3523592485492935
68 2.7430226824042045
69 4.095666087697273
70 2.290251288233825
71 0.8823551992984956
72 0.49125170914010263
73 3.0502926392100633
74 2.107184542745511
75 3.24246713260463
76 2.150863201899691
77 1.9075835198025362
78 1.2952624554577623
79 1.2715705018934027
80 1.4036809725035966
81 2.8167812333901594
82 0.6044418789088165
83 1.3877487817347083
84 0.9430577563278212
85 2.9664367191196557
86 2.6376171968806155
87 1.8000748350097509
88 2.189156159835194
89 1.5712629049851141
90 2.054678377563197
91 3.2518716572310598
92 3.804009495558542
93 2.576532563125793
94 3.379832801979042
95 4.260254953927031
96 4.944176754376472
97 3.557428038873425
98 3.9617536955963066
99 5.4365170738647315
100 4.052429032766077
101 5.207272700834502
102 5.271197173160931
103 2.160476253180974
104 5.3112925955786885
105 3.536888303589503
106 3.558969248353796
107 3.2374205345363722
108 3.544185118139934
109 4.845949008424776
110 2.9538947153683455
111 2.5769135958098066
112 3.446592969443275
113 3.6637317927239232
114 3.761939886240845
115 2.6227474559466777
116 3.3228982703108954
117 3.2311809635088866
118 1.130544285672394
119 1.934803599104019
120 1.4038239003932969
121 2.8447234279650986
122 1.7145977924041405
123 3.326116702080907
124 3.9209780702429575
125 2.696744233217827
126 2.624827069543446
127 2.3400246227980857
128 3.322841758437827
129 1.8447103603278505
130 5.0503856346592775
131 2.773588717240048
132 1.3214423503626875
133 1.6590988091167789
134 1.9303966124934646
135 3.266082401287221
136 3.4658427762406343
137 2.7612172572467717
138 1.4896279326579234
139 2.174696910515225
140 3.5139900538982167
141 3.529914497104002
142 3.221612628474187
143 2.219392291924554
144 4.055184685352392
145 3.092543651253666
146 1.3052503523808707
147 0.493876361520409
148 1.287576983968223
149 1.4297292522531588
150 2.9887289619802613
151 2.5058787507929137
152 2.8798273628517856
153 4.678796265980263
154 3.105263226966324
155 2.4805700281889775
156 2.252362131459332
157 1.7383943365517471
158 2.1845827752387637
159 2.549134580541282
160 2.7853219037639625
161 2.920031854926913
162 5.20272166724128
163 3.294433486509591
164 2.0388523056757832
165 2.7344140274851876
166 2.3884260979718475
167 0.9256695438798925
168 1.5150632249385332
169 1.1471834164902097
170 1.5943822866293795
171 2.3202762178237477
172 2.5393013129838327
173 2.761377042604959
174 2.0760779143937746
175 2.5101134154596454
176 3.8079174881691493
177 3.3079192962009043
178 1.60987478805803
179 4.28739115147775
180 1.7678832699345857
181 4.156932586648071
182 2.2866145122479637
183 3.369857726695962
184 2.509035122806194
185 2.2224951471709353
186 2.545637050256628
187 1.275819390759643
188 3.2871925813680702
189 3.9955533749639125
190 4.87887827384417
191 2.7659990962756416
192 2.450743857785046
193 4.538381375356652
194 4.188947435205158
195 3.9805328935733164
196 2.744382978866359
197 3.1622729474109055
198 2.86644190162585
199 2.8842992106905796
200 4.460437305410376
201 4.271841506021203
202 4.58957570785219
203 4.2850268651442756
204 4.204123439723935
205 4.120769912820801
206 3.7992816642344347
207 3.13459085326448
208 3.0397848032781165
209 3.526632548226743
210 3.4975137771503944
211 3.554876686258044
212 5.502121148000828
213 3.5465348485968065
214 3.502746965123676
215 3.2309833141566613
216 3.841724427136269
217 3.828127660374397
218 2.758859765172217
219 3.6154962780397066
220 3.655140105945159
221 3.9923716213254594
222 3.803857915255489
223 1.2055695990715316
224 3.5110305585074633
225 4.22743077577915
226 2.863454676506762
227 4.195056672474712
228 4.852611364621438
229 3.9797574768551476
230 4.16121154022017
231 5.388305940641308
232 4.85707992682089
233 2.711474671731761
234 5.205467019414916
235 4.227351314341844
236 3.4068210682855713
237 3.8742174218946426
238 2.4057707307910348
239 2.8474188819938977
240 1.3726317376044097
241 3.9623118451808534
242 3.3839383728232333
243 2.956885448279653
244 3.3690417301226354
245 4.139687253327855
246 3.3375793779477454
247 3.7470205233313605
248 3.2212874119872477
249 2.4360183247672715
250 3.296394181903487
251 2.686299226626782
252 2.734694100146437
253 3.27803409686069
254 3.092806130004356
255 2.6226462302186033
256 3.4760033117000306
257 3.3122965910071476
258 2.277651869453688
259 3.36688850083962
260 3.4321277494886036
261 2.3958534479188534
262 4.140846123012055
263 3.2197524073553168
264 1.7260967233285818
265 3.600826273759749
266 2.269413844577341
267 2.11693958053012
268 4.304577920058233
269 3.0438141973998905
270 3.0277028923009253
271 2.520221638154172
272 4.178678429040423
273 3.5287502852368893
274 3.380617652102874
275 4.660069859086443
276 4.900579897313706
277 2.1872094110700337
278 1.708870459533145
279 3.2824030335446936
280 2.1470540880986158
281 4.375816232273141
282 2.0398023590095917
283 3.7408569844360056
284 4.52391455037803
285 3.231855178346012
286 6.11059091913685
287 5.411770883046325
288 3.672965066288417
289 3.4209920026342795
290 4.2488178862672115
291 1.5710890866796852
292 2.5709393233910007
293 3.9311546268719955
294 3.3567942776034627
295 5.259612794661052
296 4.988844065265997
297 3.7253468658722784
298 4.420763295165251
299 3.858678281138274
300 2.5938689975459397
301 3.0058236474019564
302 1.8774070608869262
303 3.7002363204654958
304 3.4711313190119504
305 2.0873794079414236
306 1.5675038648694153
307 2.5925867584113105
308 1.9644859849851009
309 3.6195860200987298
310 3.073284020331324
311 2.7140232900369874
312 3.6902929509418354
313 3.1776457262134676
314 2.8191891451527753
315 4.090999969849668
316 1.974369602551737
317 1.2032674349148353
318 1.9687175134970682
319 3.4506389823227557
320 4.326858045169336
321 1.741455583544666
322 3.1798614074117384
323 3.55805117183597
324 3.126803997117124
325 1.7228830529781867
326 3.2615610966213664
327 1.5405924467097853
328 2.4700547171803295
329 2.193515520902827
330 2.111700475291888
331 1.9135911206988565
332 2.476335424738468
333 3.0590354000498645
334 3.0370791884399853
335 2.0002105088606785
336 5.429637425110034
337 3.014752075150833
338 5.440572421105396
339 4.36517007888991
340 3.33716161338247
341 4.335299003921224
342 1.8628349822251897
343 3.562069467493732
344 3.514059008999586
345 2.358834875864745
346 4.824787930232147
347 3.4630172476313237
348 3.918102169687265
349 1.7520424740793692
350 1.786207670022746
351 2.0823422842481514
352 2.981686440429847
353 3.1178997713831453
354 3.090831828676485
355 3.8482857210374415
356 4.229345929689566
357 4.5185799524983254
358 1.7849093910740508
359 2.692458383064873
360 2.600798080225914
361 3.7205530384561185
362 2.6479028032594694
363 4.6167542358895
364 2.5413819466100587
365 5.259101378071334
366 1.8455154115278043
367 3.194083815036336
368 4.5662792949896795
369 2.1088194182514624
370 3.0560631885485923
371 2.7196471599639334
372 3.056576704351053
373 2.1803922493881767
374 3.3361423844262137
375 3.206655963535784
376 6.0947099718607385
377 5.875195183099817
378 3.317740817773663
379 4.662548390061496
380 5.400948782524402
381 3.6655229567270786
382 3.5346200232124607
383 6.047478559012413
384 3.32641307679576
385 2.643813440060222
386 3.146816832664799
387 3.0234956168526494
388 2.816698876868416
389 2.947626569486645
390 2.9480500469045148
391 2.202629586780386
392 3.2079314715205736
393 2.3839113982602593
394 1.3778977747682484
395 2.3597860207970585
396 2.7627006642198726
397 1.3799099763037261
398 3.384929104168993
399 4.2733627976175335
400 3.37795200431644
401 0.8298937840939823
402 1.375474224521909
403 2.763125394745633
404 2.487382381223325
405 2.345741175657941
406 2.47186742353254
407 2.1010987490313386
408 2.9217367036444406
409 4.524740276090229
410 3.589499394074276
411 2.5959845359216702
412 3.2915466480158813
413 4.849370551324992
414 2.7876253110246445
415 4.300564783024739
416 4.700064926295027
417 5.132223081260623
418 4.8521095758646835
419 3.4906642828245737
420 4.119729174438798
421 4.531431659326009
