0 2.0205457271694947
1 4.030186884631951
2 2.4148231959769526
3 4.45054357640234
4 4.355883879164614
5 5.911535186471264
6 6.313655143763066
7 7.423259320270691
8 9.217230932281051
9 7.64109799029107
10 3.5155396144033038
11 6.1819444375725885
12 5.963022268802228
13 8.13324631403118
14 10.814758529796459
15 8.440487039000155
16 7.5857255416015255
17 2.3928226810882904
18 3.601415111510726
19 2.2236299801816704
20 2.6906723691285683
21 2.267291308541725
22 2.1651231855949025
23 2.691063329125214
24 3.643714910559382
25 1.756437583022726
26 2.3585520271913243
27 3.073502961030965
28 5.4779970043051796
29 4.171564546949237
30 6.304738289671122
31 6.777465276851075
32 4.388095713663303
33 3.9433157602270255
34 8.771454335597477
35 8.677220527124046
36 8.08746106479815
37 7.8094915288661015
38 6.128350426295261
39 5.924427660933876
40 3.705503938938627
41 5.802534275551384
42 8.7262181089483
43 8.432190741211492
44 12.102235638343197
45 16.48818274912397
46 16.46845044781311
47 14.701363453674581
48 14.134826807847139
49 14.152504024541992
50 14.430891578785088
51 13.622235238902274
52 13.398193699412344
53 14.698067291126332
54 13.29850042483444
55 14.315713201754521
56 13.230725114735266
57 15.511397227067427
58 13.744408464105904
59 14.82587535883528
60 13.834237732499236
61 12.02302596366488
62 14.550367300073995
63 11.11255536562887
64 10.461612753083521
65 11.536659991566605
66 11.288952559257618
67 12.86207888748962
68 13.807987379583599
69 15.249189530863422
70 11.797373135663582
71 11.765490018655482
72 13.199622712139432
73 16.33974402745046
74 13.390595871358684
75 15.277864751175121
76 15.855610324441422
77 19.27063838543805
78 21.32927009264388
79 20.968063776746984
80 21.004792686789717
81 20.84728309831011
82 18.776403846997642
83 20.615164068306626
84 16.899594082520604
85 10.287299443195066
86 16.669078801165647
87 17.49101296404498
88 14.533067706985818
89 12.698231426177939
90 13.687668949830098
91 15.423291363086376
92 14.48345686632878
93 14.219275817527214
94 13.022825010686429
95 14.286418361012817
96 17.187763874428487
97 17.49570620420923
98 13.766596564531556
99 15.640342985801624
100 13.676458210246034
101 12.832551482579065
102 14.014142289669014
103 11.79034420975897
104 13.24879738158924
105 12.922830655411895
106 16.33234687987348
107 13.988885185838816
108 17.26940831970022
109 16.215878492941677
110 13.178081627084202
111 15.416109154793991
112 12.678771310120144
113 13.644468820510768
114 15.115820443030136
115 11.661093133796326
116 14.301536382118982
117 10.165951831372988
118 13.164796825810264
119 12.270834643644124
120 18.189626211258787
121 15.630618663041904
122 13.523869986939065
123 16.769498599259187
124 19.50181461391087
125 16.898603470676125
126 17.48003065430463
127 17.40409550502684
128 15.424543379590098
129 17.963074550076595
130 19.37903397218621
131 21.10638709637108
132 17.14668968266254
133 20.124002385219637
134 16.867392412334006
135 14.535110979919752
136 14.99039669184601
137 15.7135981506538
138 16.749525807726418
139 19.164888257988412
140 18.42021694054862
141 19.046683544455806
142 19.157309561771815
143 18.79040656005054
144 18.72564882033133
145 16.799154391351838
146 16.21290842754475
147 14.841230506758976
148 17.490523376122606
149 18.596070863003476
150 17.959437149741607
151 14.845422090059323
152 16.0446499361648
153 13.145409131380754
154 13.985921103303633
155 14.78464647739233
156 12.08455228765171
157 12.321569099463668
158 12.492380597265901
159 17.89202875802045
160 15.038765762652623
161 14.058111541211968
162 13.077365858328166
163 15.021403710132663
164 17.196280021869025
165 12.413727507020457
166 12.538535378165491
167 17.76049477373062
168 11.146693125265996
169 14.385246482707801
170 13.541854194425627
171 14.869887866505247
172 14.779080750843896
173 15.676945092055819
174 18.4403751846755
175 20.04084824181317
176 18.593645731490863
177 14.887680351473028
178 13.540891037823014
179 12.722201326695783
180 11.75216919965928
181 13.319304278800983
182 12.579823492321237
183 13.307778004731214
184 12.239948545250284
185 16.664867258981428
186 23.876590897789722
187 17.3281916525087
188 21.71218389029558
189 18.665683216792583
190 22.464841524465815
191 20.60341303301965
192 19.405775348586886
193 18.86941593642399
194 17.123921112778994
195 17.4419095204585
196 17.156183019661917
197 18.082509816384917
198 21.380725602805246
199 19.116370820592447
200 18.250247588561223
201 18.42145870133132
202 21.037837085047187
203 16.539167616558007
204 17.14293854384567
205 16.473971508358854
206 17.24430409377527
207 23.28664741908695
208 22.4030169945489
209 21.888609779824176
210 23.70903451040413
211 20.143310416503247
212 18.310216763180247
213 14.501199621739104
214 9.854461601372224
215 9.252095156203541
216 12.275844302519303
217 13.368131538061737
218 12.165411440846068
219 10.560828689251261
220 10.723802950688002
221 8.425634778501474
222 11.123585389045934
223 10.136472627240785
224 12.562338653042156
225 12.556920628583441
226 12.087955832640775
227 11.161557830083899
228 14.51854167715234
229 12.582379403557937
230 13.167559145208578
231 14.301104842234034
232 13.817606880703135
233 13.563446725643415
234 13.38404918330545
235 14.438822631351035
236 12.427130435391616
237 14.757799503479944
238 13.635186341289277
239 13.679757155740658
240 13.131430939942748
241 13.463176939904468
242 15.144274184880077
243 13.81818947408918
244 13.047627182139806
245 14.284734121014042
246 14.083236798203227
247 14.215164371222189
248 14.688822896632496
249 14.447183308585988
250 14.073540745639246
251 13.812022092959076
252 15.199486659878817
253 14.025910311075283
254 12.005074369109296
255 13.962655169075243
256 13.153700032975694
257 12.393901743746168
258 12.81536352863586
259 13.306163421224657
260 11.767738163039764
261 13.668195702103862
262 12.327603993086594
263 12.541047520683213
264 13.186520720774592
265 12.047819618535112
266 12.718963243991361
267 14.200618589756017
268 14.481165849540112
269 11.303204884374564
270 11.694143310388593
271 11.228593932475318
272 7.754123137779079
273 9.998019532759825
274 8.049112114344595
275 7.347722036157596
276 9.62508241911645
277 7.205883023155718
278 7.393143537960637
279 13.277094887896725
280 10.595850698070105
281 14.530505381667913
282 13.279123315858026
283 12.79890638372662
284 13.544658036925055
285 14.45626433852299
286 14.811782860353482
287 15.931284483625323
288 14.979698910249176
289 14.059537551022744
290 13.740838549515706
291 10.136373751900326
292 12.40221760445149
293 11.498834724600258
294 12.911090769767204
295 10.355941563578794
296 14.062936218913118
297 14.0978657519782
298 14.34066070308664
299 13.992173960947031
300 11.185145786660138
301 11.12862251958652
302 11.100223594723376
303 10.923448861659937
304 10.028509895687446
305 9.892422925869177
306 11.997710274897877
307 10.354924795512622
308 11.383087635292753
309 10.960834909249712
310 12.617484499663078
311 9.925533568843075
312 11.105583449541909
313 10.828408714065011
314 11.981345789383965
315 12.49286529401276
316 12.777818939463419
317 11.903182074365127
318 13.597230463740146
319 12.665137791057603
320 9.56385133244031
321 8.700202281848043
322 10.272467106112291
323 8.651208757056812
324 5.590455149949562
325 7.7699016403315495
326 7.2229945040151495
327 9.669391441897753
328 8.123238278429678
329 7.644439383741482
330 7.01334676100608
331 4.441468158043658
332 7.778178542606694
333 7.317317732696636
334 6.704518988354998
335 5.984322896672772
336 3.2528240191546227
337 5.521426610572551
338 4.623529436260508
339 8.18433399146463
340 7.071262384397482
341 8.9954860792365
342 2.7927190140187013
343 4.922462094301743
344 2.812797898408508
345 4.137208809157115
346 6.950861060585821
347 3.4963755655384743
348 2.8423794216250924
349 3.9153813539215347
350 2.620648956182886
351 1.176329770939658
352 2.9451204897026897
353 3.4702059833812884
354 7.2998442055569
355 2.479223350916916
356 2.1416458186729135
357 1.7304512731354005
358 1.549588785434513
359 3.4099342325315245
360 2.2927576127528706
361 2.8817466053996688
362 1.6489565772820547
363 1.8264181332335088
364 0.9542566845463357
365 2.397012844117941
366 3.464912781762952
367 1.828788560060915
368 3.5371112389714456
369 1.736527539335208
370 3.028981873938105
371 2.8057605385504805
372 2.1898619509935693
373 1.833064589646602
374 2.1480507054591693
375 5.070197344722115
376 4.332626591207502
377 4.898022178339734
378 3.753218271475275
379 0.8654191273672114
380 1.9297500636117255
381 2.180576447018952
382 1.8945581103665294
383 1.4363247776150376
384 3.013273573870241
385 2.3061881872433503
386 6.422257433724637
387 3.6020320616773227
388 5.725165207797859
389 3.1934925471980393
390 4.327817500222381
391 6.383792224460029
392 7.835267711411781
393 1.0924470521866343
394 2.7437070623195323
395 4.273538785184327
396 2.7683686795015405
397 3.5966916776438844
398 5.704701231496532
399 7.681868621404208
400 7.890006856250995
401 12.457024758692384
402 14.041759821429284
403 13.59392694339369
404 13.417487127497845
405 13.460819745645024
406 12.402272688238284
407 13.092071267179321
408 14.413887243281417
409 11.593353923525392
410 13.104242092762743
411 12.152361922193926
412 13.00814168932567
413 7.39070968845742
414 11.491512153721661
415 11.590863484623098
416 12.80781553295896
417 12.28150673430286
418 13.35174432452535
419 10.499487943040668
420 12.071259306307377
421 10.7846194226167
