0 3.919981036636351
1 2.345261309681387
2 3.193090709202423
3 1.9581306573192991
4 3.985852697269032
5 2.1994594049550664
6 2.715488992642797
7 1.9072158311224598
8 1.2963506214066796
9 2.769525818532338
10 2.0887142112989343
11 3.9753842826383243
12 2.359772322788709
13 3.5121003536207143
14 3.3523802694778397
15 3.089742067695558
16 1.5342257732439255
17 3.3345943577597033
18 2.044553486992983
19 3.2909766629063832
20 1.1877077893134418
21 3.0548046035415863
22 1.8979009179850252
23 2.5357690883390367
24 2.4113323343310586
25 3.483034432869885
26 3.658463246439859
27 2.723224390853724
28 4.367899636211681
29 3.2208408851287804
30 4.361214984655805
31 5.211246891104015
32 5.6456596780582915
33 5.6627088826569745
34 5.859764513207465
35 6.1455915197290025
36 5.49890399266704
37 6.2431025920498255
38 4.8098283214937325
39 3.780787064903329
40 5.317115893949248
41 2.2981354007717747
42 0.44499975099813377
43 3.708479561244398
44 2.6101000967413155
45 2.3521323348952157
46 2.7010232232088316
47 1.7482549029157792
48 3.64080429954033
49 1.7782379302087878
50 3.2080009445164186
51 2.3942147015905424
52 0.7526295801762367
53 4.180089991177287
54 4.205858515638134
55 2.9458622829229704
56 3.8343884481428225
57 4.673545546837251
58 3.602764807440939
59 3.1266345692761406
60 5.760599007665402
61 3.691740924126294
62 4.756292686741548
63 4.256942928450275
64 5.2481130027996965
65 3.5481052791328245
66 4.817274087107227
67 3.374166319499661
68 1.210175466377904
69 4.524015212762198
70 3.388926552270961
71 5.482265592630123
72 3.187498752195994
73 4.124124027304018
74 2.6112740982487663
75 3.7388528125052995
76 3.2037038981980506
77 4.7212113672710805
78 4.8055453400331
79 4.545824430828236
80 2.599427351732372
81 4.572993386481043
82 4.441480503669219
83 3.9670581828215425
84 4.673128171453498
85 3.8886663903077143
86 3.590913910674767
87 2.9531202845050233
88 1.8833009691405773
89 3.7552168141825115
90 3.187887182696628
91 3.0890967548446366
92 3.3246576304200506
93 1.7174543133631752
94 1.4943371259410991
95 2.971363206724194
96 1.742984487908616
97 1.9097130050961852
98 2.1119252414672833
99 3.850719676252663
100 1.428329402234561
101 3.594596897331527
102 5.14477218177052
103 5.748673243871244
104 4.362173703419299
105 3.3197613488063693
106 2.853270613324898
107 2.5639909528224822
108 0.9358556843075371
109 2.770943816747586
110 4.778398994714828
111 2.329969157618156
112 3.7265678750477367
113 3.4459572007590635
114 4.912612451063832
115 2.781569846545235
116 3.4851337225061494
117 4.654510326845969
118 2.5626827615256906
119 3.255004072164956
120 1.7193830302274915
121 5.355608758349098
122 4.298440836586528
123 2.7666261939124595
124 3.52790950529725
125 1.7508932663842591
126 3.8934151195350433
127 2.472914374504726
128 2.5546981139137905
129 4.19840511520184
130 2.384459667844727
131 1.4061038653180689
132 4.697322329590684
133 4.705608083247887
134 2.2847160877101707
135 2.9606863310680924
136 3.942377561938635
137 3.85021072719597
138 3.0467914476764317
139 4.173996697198598
140 2.864685338864148
141 3.4293468066123647
142 4.063093997066788
143 3.0501850154945527
144 4.068002149065443
145 1.9561830697016296
146 4.215480501943477
147 3.9787790486598973
148 4.481964153565584
149 5.146646341657389
150 2.2055900117075575
151 4.651424292206108
152 3.2365334211608214
153 2.3743005085423694
154 2.4418945459582413
155 0.35163889482703226
156 2.0673989362793566
157 3.327487751278023
158 2.276325167607372
159 4.5537375009838765
160 2.0540482432611533
161 1.316415716828366
162 3.298862365733345
163 4.469662471365668
164 3.6846762200118284
165 3.493173050004603
166 4.216903966258237
167 3.552269754465512
168 5.788086861004467
169 3.4195120977857085
170 2.6142215990266204
171 1.2624676108737671
172 2.5634252675233418
173 3.365450761543029
174 2.7423202172285595
175 3.3929274558058706
176 0.5437364840223606
177 2.496095338891919
178 3.3541044300414273
179 1.727257371430025
180 2.134677729427524
181 3.8452168176980384
182 3.6978164972434553
183 3.063177740090078
184 3.1354784778917333
185 1.8744792340309004
186 3.2227674422640575
187 4.110264353783468
188 4.2153646955449915
189 3.253279128579164
190 3.128928923337789
191 3.3716262944488857
192 2.849583887437931
193 2.4902855836525144
194 1.6268137219044574
195 2.453844128990741
196 4.343169372691455
197 2.7265627290024796
198 4.344174363740929
199 1.991189184267468
200 2.685409731699674
201 2.6483590137202246
202 3.224384749683736
203 3.7173687724329665
204 2.598274852787772
205 2.496946929045727
206 2.558827642925019
207 1.9266418051907754
208 3.7141873757464507
209 4.725718464332685
210 3.402635875494412
211 5.41057794757539
212 5.069864619132114
213 3.7980720760651177
214 6.979465489060666
215 3.6916981309012367
216 3.2727848433430116
217 4.095576005478411
218 2.8512881920545836
219 5.5921942029015215
220 4.721636912718991
221 4.165770889968299
222 5.337812436289024
223 1.832937329236545
224 4.704726896685343
225 3.359384085896225
226 4.966902679314894
227 4.145122098430321
228 3.150148990664616
229 5.199824701744519
230 5.397530857196449
231 6.478353904069685
232 5.402966987266281
233 4.957491920952682
234 5.466819888048843
235 6.314877858900212
236 5.831246164202855
237 7.054056437512544
238 6.015498045005983
239 4.686131036408846
240 4.955234475219609
241 3.3853689163300213
242 5.83040346819223
243 5.43602801413762
244 3.738348458878184
245 3.892128528245434
246 6.560230349788788
247 4.7987817461158455
248 2.2726698732525876
249 3.6173785419457287
250 3.4407067064651926
251 4.6774808033352
252 3.518445221822263
253 5.49109449151874
254 3.8137811387095164
255 3.9557082764752862
256 6.740274292208821
257 4.287960955599218
258 4.202544394551836
259 6.055597194261867
260 3.6949058542643805
261 6.470050572201759
262 7.13567416841448
263 6.900667992251525
264 7.109582119046976
265 5.991517983474775
266 4.732192255987591
267 7.552463278256899
268 4.750772413163338
269 3.9991901734894015
270 2.818584923464129
271 6.825625593221308
272 6.161468510946134
273 7.38626534637811
274 6.681782128064757
275 6.916734316304065
276 8.874379818918472
277 8.406267609271126
278 8.164724428901728
279 7.961001378776648
280 9.135400448287657
281 6.04507263332264
282 8.41396693390148
283 9.165807928571134
284 10.021948232867974
285 6.629124247729495
286 6.922315645254497
287 5.369552871037445
288 6.938011860728712
289 7.980936269852306
290 7.754427054556111
291 5.861357253306699
292 8.660662090010561
293 7.752737953654664
294 5.510911913941095
295 5.516127389491729
296 5.440289573008979
297 5.501136859162934
298 4.770186884564828
299 3.8382405919741265
300 2.9515347608707665
301 5.511906657801116
302 5.615076260746003
303 4.76151480565788
304 5.244279757280672
305 6.720583014145803
306 4.719987353275756
307 5.536815426134756
308 5.194210759754313
309 5.151781066191491
310 6.618084118200778
311 4.545343874665295
312 4.254089807500787
313 4.186081289778706
314 5.800591467297356
315 2.8264824115042613
316 7.565602794843512
317 8.560510611292727
318 7.944352199417036
319 6.356605840314254
320 8.736085282713532
321 5.220415635487272
322 5.574999810512979
323 7.892533783908041
324 6.238825442254522
325 5.6143064347089275
326 6.314732737750916
327 8.161686499933044
328 7.493352910451068
329 7.46109467187041
330 5.430352672956628
331 4.816865749532412
332 4.773030814803293
333 4.0627688185821755
334 4.458683059670948
335 6.234118076118577
336 4.69075911781129
337 5.289092571143232
338 7.0355124067359265
339 6.018540642265042
340 7.661292259607516
341 6.7276104318097
342 6.5686477421915095
343 6.141501980518533
344 3.2502043918794588
345 8.03616341324621
346 6.288044540853233
347 6.583899006759953
348 5.168478504604526
349 4.441780587003404
350 4.167337606353489
351 4.911680280759969
352 5.06679103574692
353 7.058666540763501
354 5.525001115190417
355 4.9181816353711785
356 3.768930380256457
357 4.144594659845026
358 6.601632351187847
359 3.1193451209555647
360 7.109713007091121
361 6.461333263441685
362 7.532262799728114
363 5.502419346602259
364 6.183437239611666
365 7.315724395963463
366 7.541226729913061
367 6.582132980104385
368 5.74829930536206
369 5.361277615570866
370 0.5792443316467034
371 7.376139210399635
372 6.696436621281349
373 6.4043441453357906
374 8.662086892960604
375 6.8512694805401955
376 7.83297544326315
377 7.370334253059135
378 5.9093003547219105
379 3.8470821722015103
380 7.281768231221944
381 5.499438576368193
382 7.983273105615871
383 7.43665196568311
384 7.578134985009295
385 5.434982039171789
386 4.1797866853100425
387 5.537499343758717
388 4.905338381353299
389 6.671559015358222
390 5.979692726988821
391 5.1529210601033855
392 4.284664812380311
393 4.866909386734671
394 5.2124682480718345
395 4.153076088377292
396 5.710646808352986
397 4.930591847510725
398 5.605630974557795
399 7.924045088350906
400 3.312951073336423
401 4.28820650185711
402 6.372639726386474
403 5.596614672344646
404 4.351554053463497
405 5.077169103443264
406 6.123655624451016
407 6.6564118352848265
408 5.911030021827065
409 4.916611803231129
410 5.298801731854706
411 4.9692174719103654
412 6.216853733872952
413 4.739695506103931
414 3.6938697147079407
415 3.9024368073084386
416 4.664516341277907
417 4.1760515881850555
418 3.6546250296783938
419 4.02712800716217
420 4.591671351860265
421 2.9336230642539274
