0 2.0205494916467166
1 3.3815712655313406
2 4.471738640034906
3 4.424199058358109
4 6.031196954069364
5 8.570333296567002
6 5.922181735914017
7 8.855508983737348
8 6.789096253393603
9 5.919362782254661
10 7.4939926348647345
11 9.119089351481916
12 9.017003019748127
13 7.325436577479753
14 6.943020254485659
15 8.805211847798716
16 7.625330560120876
17 6.961323408419206
18 8.822299655806917
19 10.261097655272046
20 10.848902043851076
21 13.476539349798028
22 6.4142126717863714
23 14.166037883161609
24 11.751963167972361
25 15.072885190963097
26 8.4196991940295
27 6.1030191775578855
28 14.21116954858152
29 13.344549560510272
30 9.97105112184734
31 11.390445808611569
32 11.875773284141529
33 11.801654180280028
34 12.811924400058324
35 12.323358380735892
36 11.468220800778104
37 10.395663719503226
38 7.170244902673179
39 10.012043358042073
40 8.658074723422178
41 8.431399581600107
42 8.19158827234968
43 9.207211972276573
44 8.683228412079561
45 12.18688406942248
46 10.166992080195298
47 9.634035403376538
48 13.014972357176074
49 10.53390093090626
50 9.603648687435888
51 7.42501981549186
52 10.0415774403916
53 13.427568042670446
54 9.073897680581418
55 11.46683665851743
56 12.672050188362865
57 10.926946812159086
58 14.326583088287911
59 12.764583827774153
60 12.369723362985093
61 14.266581000996181
62 14.171341187650329
63 11.650847693892992
64 13.193598285712362
65 11.790407535991875
66 14.229522922770169
67 11.07980739630713
68 11.155592657978422
69 11.412037142165442
70 11.412550166146755
71 13.03495313673351
72 14.34087241226705
73 14.187012339804
74 11.40055373799061
75 11.902644168955211
76 13.075464271267723
77 11.814079760876421
78 12.495136383715677
79 12.550407674167635
80 13.29476655387986
81 13.093983860156845
82 12.280701785817955
83 14.300580668585921
84 11.73880366680198
85 13.253589398355647
86 12.824004955500754
87 13.006866429455858
88 13.542622284757252
89 14.96300962697444
90 13.424651351615948
91 14.4896271401307
92 13.04876159355984
93 12.301214193310743
94 11.961514205242006
95 11.723699304435245
96 12.532877988323492
97 15.142050978534396
98 10.299525015587069
99 10.276178533741447
100 8.894679298931699
101 9.625380697389772
102 10.571788342141089
103 9.524995761216514
104 8.470461826874487
105 10.030400500780694
106 10.584374096851466
107 7.304882976033459
108 11.220502685754427
109 10.115397107485641
110 11.441048037178053
111 12.024096813819202
112 13.872234647779944
113 14.396868007948846
114 13.36717689697027
115 15.113179043290524
116 14.431504520975063
117 14.629512318769276
118 11.329406294302133
119 13.958015798181197
120 9.312527006508091
121 10.91825806169422
122 11.960335965857498
123 9.724020266430925
124 8.73261194903466
125 8.342507497398454
126 9.354537968532455
127 6.985692303764664
128 8.967737769804234
129 12.373163346178455
130 11.574044554780613
131 10.604204886687132
132 7.7194380754800305
133 10.672799120708252
134 8.004014086082595
135 9.254556534225514
136 9.768351656636776
137 9.91018144592803
138 10.59381828336939
139 13.682789505209083
140 14.30163169361085
141 14.727549410398588
142 12.722023866300393
143 12.76472516862878
144 10.450972791359401
145 12.247027985790215
146 9.167596732810596
147 8.216613272974163
148 12.93540415534229
149 11.005401525373602
150 9.602669342499425
151 11.016184916568337
152 10.23165967407623
153 6.873853202502792
154 12.07611926994269
155 9.656022235538199
156 9.88007995610542
157 12.473394849545704
158 11.06108291293727
159 11.85526081393841
160 8.380616807626986
161 10.497894049453484
162 11.033893219501739
163 10.444418924530375
164 12.366618496807195
165 9.810844610884848
166 9.08566689033739
167 9.849492636612752
168 10.587609883782575
169 4.876435783401525
170 10.780499557005424
171 11.14185481741686
172 9.078385471678992
173 10.219010811131977
174 9.325673284312277
175 10.303511112396835
176 9.768829808718543
177 8.500561988752384
178 11.17715503468759
179 10.18015997041377
180 10.996836781055844
181 10.769936134051308
182 10.188161054904098
183 9.853934906510663
184 8.763528308228375
185 7.023631882886654
186 8.865494383679449
187 10.010921381134695
188 9.239203024193209
189 8.036586705577804
190 10.096569646623742
191 9.731491615348805
192 9.256318987100343
193 9.518122728294573
194 8.027120307220834
195 9.142599988644331
196 8.82791400942802
197 8.91951754275499
198 10.88019978074835
199 8.374699201278341
200 12.20148064002019
201 12.301273550609976
202 11.037586739191084
203 12.06800731457189
204 11.056171166173336
205 11.396316839557494
206 11.710613191434268
207 12.528162884664578
208 13.919599081437696
209 13.815313320791065
210 10.293958047112564
211 11.350226229399173
212 10.961647357079876
213 12.012149009964311
214 12.636250545166893
215 10.595347384079407
216 12.1585853426874
217 12.415304372423725
218 12.059676910103237
219 13.384545620786112
220 13.661832750105825
221 10.587344974839862
222 14.299377143790208
223 8.5913630130567
224 13.395394963052555
225 14.06047753264285
226 14.497658533110107
227 11.614403899992
228 12.302901075159472
229 14.98254691136622
230 14.963377742419382
231 15.00668082992507
232 13.13079909403105
233 11.11438736384088
234 13.64501090236537
235 15.364704668039126
236 15.112095067478288
237 14.363238615241105
238 11.420072032660375
239 17.624384643013705
240 17.54248110067697
241 12.140270186508497
242 15.15868044129184
243 17.043488572688556
244 18.71337274208734
245 16.558007224250634
246 21.56162181553681
247 23.024144330843505
248 20.02594935612136
249 19.219374425652667
250 21.024039215771055
251 21.37390204511685
252 21.602178034546814
253 20.295512725010397
254 18.121429989962635
255 16.057702036412284
256 20.39812832088575
257 17.63564953566027
258 16.4856920788642
259 16.199386310489956
260 17.900738096560076
261 18.311537302794733
262 17.56655556691979
263 19.26091763951963
264 21.061249734390696
265 20.439672173724535
266 22.997497595120354
267 21.268644943764595
268 18.59485248426611
269 18.90809798175445
270 14.560849896912977
271 16.614512234989853
272 19.895699598712113
273 20.902960454702338
274 20.056135779080726
275 15.93694157590788
276 21.289566708346353
277 20.058288622444156
278 19.54516627288245
279 18.11938565813065
280 19.001432064416075
281 18.806637573458204
282 18.01206328666264
283 18.773337539735948
284 19.708172292583544
285 20.113550709968862
286 19.07347746289765
287 17.254317455728316
288 16.489202479744993
289 18.085638041619113
290 21.210933284298378
291 21.71685059256238
292 21.943628748091157
293 18.208575535595898
294 15.765052279940544
295 21.283292743964196
296 18.085351712060433
297 21.25044926565177
298 18.74584363107666
299 18.807924556277257
300 20.38718287402039
301 16.995532823862376
302 17.606795067817036
303 17.717417358474957
304 19.564969294765593
305 19.097896168073838
306 19.984090323770292
307 21.225282428758785
308 17.790223471983456
309 21.386447386774567
310 19.424693323913687
311 21.69457312637954
312 19.91273758603708
313 20.139051989817993
314 21.89883757901281
315 23.5090596485563
316 19.538160323749462
317 22.20118242125102
318 18.74234676514838
319 20.836003577692196
320 16.05727845691928
321 18.543074415004924
322 19.901293000457105
323 20.92435725517971
324 17.85405315096284
325 19.39544566962829
326 18.359515112783594
327 19.406916682828577
328 19.700797149750983
329 19.216535593531148
330 18.50796959416741
331 14.383502967656126
332 14.013101633223618
333 13.688828262153189
334 17.700774457491914
335 18.17344421643518
336 16.375654039903058
337 16.632247823513865
338 18.514547312864792
339 14.86593597688214
340 18.757548189135527
341 18.17831102168606
342 14.96616205942119
343 18.11515577792999
344 14.854603805461327
345 18.89585507546131
346 19.046150292131163
347 18.29874944409103
348 17.169605035323322
349 15.346293812574384
350 16.442783953934484
351 19.420042152932577
352 15.536129808193841
353 13.07514759989438
354 17.27066980725146
355 18.379166045965523
356 16.57140993731286
357 15.815409122130214
358 17.509560818096958
359 16.89957285304948
360 19.284776989641244
361 18.993128924882928
362 21.104681699066614
363 19.226580096171727
364 19.509927348760584
365 20.01439003216642
366 19.74533500486564
367 16.011635612528117
368 17.618050205492416
369 18.5637145774707
370 14.535490093178419
371 14.64990676633152
372 16.387536357393707
373 18.243747057842583
374 17.570117777722416
375 16.965579254964105
376 15.622745711780466
377 18.21694208969617
378 14.93727292319709
379 15.114277740519228
380 14.562319245037473
381 12.988835730607908
382 16.555277964215243
383 12.875131346610056
384 13.532499744698912
385 15.009224030119542
386 12.857516517541265
387 16.272899786130644
388 14.598613772543237
389 13.371633854181837
390 14.910763582838303
391 14.395355779719768
392 14.480911995196282
393 16.411598880969382
394 21.35407639615506
395 16.568947102906424
396 17.920726476763864
397 15.995181037006423
398 16.718208461365204
399 16.67755779563061
400 15.622136313116044
401 17.17249361630382
402 14.398260378745226
403 13.425226268676333
404 13.93377468626434
405 15.38621449772889
406 13.904356444172938
407 12.289572124018338
408 12.420055987898932
409 11.270222310533821
410 12.38837643380783
411 13.047041379219925
412 13.788859376774466
413 11.97529472613416
414 14.143478486086357
415 11.11091508571955
416 10.775164939626793
417 10.562510546462414
418 13.664183427002133
419 12.875743199125125
420 13.458322047697136
421 16.839099639599716
