0 1.2925424592574473
1 0.9142488790819459
2 1.7751959071915353
3 3.5147623763184557
4 2.5345060825501307
5 6.51390419013268
6 4.43383136418529
7 6.654419703672995
8 5.636192230751105
9 4.960163375716795
10 6.712988453014509
11 4.4529591477142905
12 6.239849251758945
13 6.226560538100438
14 7.2437165064338105
15 5.882044136092507
16 6.7919519972741345
17 7.5631351402228395
18 8.14454834715146
19 9.561428255033436
20 10.200122829200804
21 11.73952634685405
22 7.272938047518228
23 12.768726773628998
24 9.821410103985501
25 14.727397124935184
26 9.301722271283593
27 6.703703049233791
28 12.33853416752353
29 10.827912705546646
30 8.797465530519506
31 8.824134864872857
32 7.269600059418396
33 10.101951036680326
34 10.965360422410708
35 8.49977266804793
36 9.307375543642008
37 8.92146889931977
38 7.281267567078091
39 7.177419188789541
40 9.193886760641693
41 7.299389439651026
42 6.7030351036389035
43 6.451644784063616
44 7.134635161233538
45 8.90972889344361
46 8.207438981323987
47 7.090257628400124
48 10.912943399778808
49 10.223908136616883
50 7.147017356827312
51 7.1587389699295665
52 9.989952546554335
53 11.212685935225663
54 5.018105463748446
55 9.183356392704649
56 8.903117540884267
57 7.830273999200032
58 10.669165267751563
59 9.67047434364026
60 5.964667248822415
61 13.01937131322068
62 9.349060727045188
63 10.71205330522944
64 8.154068743709962
65 11.259963554608754
66 12.541550886564602
67 7.538245585446077
68 10.147123891379646
69 8.847623223262921
70 9.348620749612465
71 7.99061215210538
72 12.655086232009557
73 9.975868596682107
74 10.261789675604978
75 8.828633234888041
76 9.429084906359071
77 8.098682323098673
78 7.71878946088402
79 7.96214707506122
80 10.315604569646723
81 8.882257227798588
82 7.38603544876532
83 10.613096907295278
84 7.452462938946458
85 10.757461390372562
86 8.939090575906558
87 10.40602033459936
88 13.104107289343245
89 12.610961221839048
90 9.346027979753636
91 11.682820565251141
92 10.129811948807223
93 9.934159984772766
94 10.435344662319604
95 8.332696738565833
96 10.430784148247959
97 12.162898389672588
98 8.250171112335503
99 7.6338931350290835
100 6.806412756978648
101 6.440439484236479
102 7.744440302107558
103 5.047341241790969
104 8.234473447243763
105 7.078752662934153
106 7.8117636957964605
107 3.9411933667810626
108 10.652497706457552
109 8.828551185426662
110 9.199743075012679
111 10.487269195143442
112 10.335501400957156
113 11.008782342960517
114 11.744374265796129
115 12.760040290066831
116 10.659326042435794
117 11.224791404946073
118 8.532287964519753
119 12.424777637118497
120 8.64134959661392
121 8.811947715045637
122 8.528851345367197
123 8.342747943144508
124 5.319676819858078
125 7.332714903548106
126 5.714477150614094
127 5.234942890917213
128 7.889200416948442
129 8.22256401201898
130 8.44618383945261
131 9.338143144540267
132 6.859160568815473
133 8.518641648929078
134 5.426904460561746
135 7.866553823226816
136 7.208582621703161
137 6.1170154719193865
138 8.786516091490933
139 9.04624859032339
140 11.21112129894965
141 11.381855765663298
142 9.733329180078742
143 11.3265947209756
144 7.4792650625850365
145 11.405263810533084
146 7.0428478405943515
147 3.725052455000264
148 8.511473653380605
149 5.864865856515118
150 7.237290378689614
151 6.7048715317069645
152 9.326769943241096
153 6.5916997364585
154 10.490885390003493
155 9.537145695244847
156 7.307534876652829
157 8.813578087806555
158 8.923170166683915
159 7.81580997690672
160 5.492547722341461
161 8.833215150423124
162 8.68127955065887
163 6.099485704035713
164 7.884285802370816
165 6.260178551820113
166 4.773606658334506
167 6.9936132883631075
168 10.783219592822597
169 5.775380302694047
170 9.13834789192326
171 9.899987710059657
172 6.478711871376683
173 8.042296499369774
174 7.174057021888837
175 6.969754357654609
176 8.780510711396476
177 7.752531193922904
178 7.1687800481852175
179 8.446225714463127
180 8.80654637144672
181 11.10424929082613
182 6.643779466969398
183 7.127007959293913
184 6.064281773447155
185 6.959258046052502
186 7.483932667897449
187 6.30287776557411
188 4.583379072333474
189 5.632083163091427
190 10.213934034278829
191 5.380443082774822
192 7.37260923024454
193 7.693562140012628
194 5.696729002958693
195 7.123382582267477
196 4.302628595314672
197 6.628372638733441
198 6.3568202395535955
199 5.086931167103477
200 12.501918882325151
201 10.744713687333679
202 6.786291838685977
203 8.623895536493295
204 7.816195643481828
205 8.61744986181163
206 8.925244517360703
207 10.977815973305589
208 12.110989148182806
209 11.182025991409297
210 6.090674674407589
211 10.580537656934656
212 7.744963461167173
213 8.381125155229414
214 10.659628820595735
215 9.798880038314419
216 8.557516860513815
217 10.332153164966961
218 8.888363876954676
219 7.261619726026472
220 12.408189733878789
221 6.530686041678873
222 8.841705121938496
223 6.207452898319196
224 7.373571236817245
225 11.475221237677543
226 12.186932336895913
227 7.683074889456775
228 8.9236992536223
229 11.430779639908684
230 10.219280028929715
231 8.20556005927298
232 10.85780855670064
233 10.314901235198477
234 8.709028616365698
235 9.071340937446026
236 8.053132331758915
237 7.591899496286679
238 6.63634544753292
239 12.352574481263195
240 14.480280101160321
241 8.213006189227086
242 11.1198557409014
243 11.071138661924685
244 14.885259232252114
245 13.234894174201466
246 15.1668326905052
247 17.749937540008045
248 17.605493066496148
249 15.470223107489806
250 17.82583874088174
251 16.515375318824525
252 18.195364382023257
253 14.756595198921174
254 13.407749370418479
255 12.302586711399751
256 13.738303776330154
257 13.048372953536875
258 12.25736974513475
259 10.722048467930728
260 13.111486386482653
261 11.711503972539052
262 10.263903434359786
263 12.179530624739037
264 14.511153093203053
265 14.023398707289727
266 17.905198963501935
267 13.94591184341418
268 14.693795034924824
269 15.137019857922764
270 12.307050164497934
271 11.749265706223131
272 14.103158786126754
273 16.244922943564667
274 14.681432709966181
275 12.261276116922343
276 15.602392071528625
277 16.519927387875683
278 13.735494411857916
279 13.470181848215265
280 13.286002697729868
281 13.568028583992609
282 11.427085624666923
283 13.623891981250663
284 14.35484708256333
285 13.834643083943922
286 13.910220062019357
287 14.014278049207205
288 9.496205393721327
289 10.09263825379904
290 13.119827326261403
291 17.65584406441594
292 14.478354075041386
293 12.96720488598114
294 10.195594802061045
295 15.08070651507806
296 13.093304453661698
297 16.22763787116832
298 12.58962130359853
299 15.449881582325261
300 17.88615202301595
301 14.295416035797938
302 12.224751357569826
303 13.56866556035448
304 15.059893838413437
305 13.064788703214113
306 15.09795123360288
307 15.029616715668066
308 14.92685277855782
309 16.082799800560508
310 13.025862959607718
311 20.24741092278254
312 16.258943418644666
313 16.32250937024428
314 17.34304591820922
315 21.58044963712384
316 15.764565544142375
317 14.062657275927997
318 13.617094377004182
319 14.947562100176704
320 7.298575638777893
321 12.61138402896165
322 14.3431489976121
323 12.956492707831169
324 11.56836146008507
325 14.113338845890176
326 14.763578391503506
327 14.229177520766473
328 12.562329438576903
329 14.817882775591842
330 14.905892987667475
331 10.357794510479568
332 12.250444419384316
333 10.04645431914259
334 15.121349473348507
335 13.729972529644714
336 14.043498434164992
337 13.427255700725595
338 12.65465048722047
339 12.214414858805538
340 15.543947822164476
341 13.197772717575317
342 13.913127472349275
343 12.135516976906258
344 12.278560884704687
345 14.964885861072974
346 11.922862112122589
347 11.049688387902915
348 12.122367352530283
349 10.962204964888448
350 11.609341531294689
351 14.289389547555803
352 8.874212211819051
353 8.419445621814981
354 11.942502454304218
355 14.123158762461102
356 12.278726621159269
357 12.486120812682106
358 9.95759448372104
359 13.934070371511957
360 12.492914520198614
361 10.870637410563031
362 17.23804248775527
363 15.35823765062808
364 15.586928007679495
365 13.48510601545493
366 17.5381792938634
367 12.360959823335355
368 12.757963302404153
369 14.521796475309475
370 12.860094640788976
371 7.997513638448455
372 13.68028924329032
373 13.953442152050517
374 14.69971799164694
375 11.035454091446889
376 11.037727628109032
377 13.324923257458813
378 10.010963268261468
379 11.598978552929303
380 10.74910779573672
381 9.86188910647335
382 13.210532417976173
383 10.883595280231381
384 12.566941840468422
385 12.792456062301644
386 10.66604936134226
387 13.067046713444324
388 10.838542972659956
389 7.422713412128545
390 8.393061440563594
391 13.598755811780673
392 11.712540995369562
393 11.821944830574921
394 16.193147068752616
395 12.209428255577784
396 14.629416211953256
397 11.00959282894653
398 11.029231918991094
399 13.115194903389284
400 13.663334639718645
401 15.126522361657154
402 12.968761479481156
403 12.649694928694068
404 12.997752350145582
405 12.781862818528522
406 14.817784986888551
407 11.54254582104009
408 11.567259470593344
409 6.779036274672754
410 9.47494898972675
411 8.689074469352525
412 11.037419846292922
413 9.30980337274178
414 9.770145944771928
415 6.6752157465558195
416 5.552040416079596
417 5.78459637657806
418 9.732159031670301
419 10.922806369498966
420 9.617254881816825
421 13.747088304737956
